station_abbr;reference_timestamp;rre150d0;hns000d0;hto000d0
MUE;02.11.1960 00:00;;;0
MUE;03.11.1960 00:00;;;0
MUE;04.11.1960 00:00;;;0
MUE;05.11.1960 00:00;;;0
MUE;06.11.1960 00:00;;;26
MUE;07.11.1960 00:00;;;34
MUE;08.11.1960 00:00;;;35
MUE;09.11.1960 00:00;;;42
MUE;10.11.1960 00:00;;;38
MUE;11.11.1960 00:00;;;33
MUE;12.11.1960 00:00;;;22
MUE;13.11.1960 00:00;;;15
MUE;14.11.1960 00:00;;;19
MUE;15.11.1960 00:00;;;21
MUE;16.11.1960 00:00;;;14
MUE;17.11.1960 00:00;;;25
MUE;18.11.1960 00:00;;;34
MUE;19.11.1960 00:00;;;38
MUE;20.11.1960 00:00;;;47
MUE;21.11.1960 00:00;;;54
MUE;22.11.1960 00:00;;;46
MUE;23.11.1960 00:00;;;35
MUE;24.11.1960 00:00;;;39
MUE;25.11.1960 00:00;;;40
MUE;26.11.1960 00:00;;;35
MUE;27.11.1960 00:00;;;28
MUE;28.11.1960 00:00;;;25
MUE;29.11.1960 00:00;;;23
MUE;30.11.1960 00:00;;;42
MUE;01.12.1960 00:00;;;39
MUE;02.12.1960 00:00;;;35
MUE;03.12.1960 00:00;;;30
MUE;04.12.1960 00:00;;;26
MUE;05.12.1960 00:00;;;20
MUE;06.12.1960 00:00;;;16
MUE;07.12.1960 00:00;;;14
MUE;08.12.1960 00:00;;;56
MUE;09.12.1960 00:00;;;69
MUE;10.12.1960 00:00;;;65
MUE;11.12.1960 00:00;;;63
MUE;12.12.1960 00:00;;;61
MUE;13.12.1960 00:00;;;59
MUE;14.12.1960 00:00;;;57
MUE;15.12.1960 00:00;;;55
MUE;16.12.1960 00:00;;;51
MUE;17.12.1960 00:00;;;50
MUE;18.12.1960 00:00;;;48
MUE;19.12.1960 00:00;;;44
MUE;20.12.1960 00:00;;;45
MUE;21.12.1960 00:00;;;38
MUE;22.12.1960 00:00;;;71
MUE;23.12.1960 00:00;;;68
MUE;24.12.1960 00:00;;;63
MUE;25.12.1960 00:00;;;59
MUE;26.12.1960 00:00;;;58
MUE;27.12.1960 00:00;;;55
MUE;28.12.1960 00:00;;;52
MUE;29.12.1960 00:00;;;59
MUE;30.12.1960 00:00;;;56
MUE;31.12.1960 00:00;;;53
MUE;01.01.1961 00:00;5.6;8;54
MUE;02.01.1961 00:00;0;0;48
MUE;03.01.1961 00:00;12;12;44
MUE;04.01.1961 00:00;4.2;6;56
MUE;05.01.1961 00:00;1;3;63
MUE;06.01.1961 00:00;1.8;3;58
MUE;07.01.1961 00:00;0;0;57
MUE;08.01.1961 00:00;1.2;3;54
MUE;09.01.1961 00:00;0;0;56
MUE;10.01.1961 00:00;0;0;56
MUE;11.01.1961 00:00;3.5;2;56
MUE;12.01.1961 00:00;0;0;55
MUE;13.01.1961 00:00;0;0;55
MUE;14.01.1961 00:00;0;0;50
MUE;15.01.1961 00:00;0;0;50
MUE;16.01.1961 00:00;0;0;48
MUE;17.01.1961 00:00;0;0;47
MUE;18.01.1961 00:00;0;0;47
MUE;19.01.1961 00:00;0;0;45
MUE;20.01.1961 00:00;0;0;43
MUE;21.01.1961 00:00;0;0;43
MUE;22.01.1961 00:00;0;0;43
MUE;23.01.1961 00:00;5.3;9;43
MUE;24.01.1961 00:00;5;9;52
MUE;25.01.1961 00:00;5;10;57
MUE;26.01.1961 00:00;0;0;66
MUE;27.01.1961 00:00;0;0;58
MUE;28.01.1961 00:00;3.8;6;58
MUE;29.01.1961 00:00;0;0;62
MUE;30.01.1961 00:00;2.8;;56
MUE;31.01.1961 00:00;12.1;6;54
MUE;01.02.1961 00:00;10.1;10;58
MUE;02.02.1961 00:00;24;28;67
MUE;03.02.1961 00:00;20.5;26;93
MUE;04.02.1961 00:00;19.2;10;113
MUE;05.02.1961 00:00;10.8;6;112
MUE;06.02.1961 00:00;3.4;7;116
MUE;07.02.1961 00:00;10.5;10;121
MUE;08.02.1961 00:00;0;0;108
MUE;09.02.1961 00:00;7.5;4;102
MUE;10.02.1961 00:00;0;0;100
MUE;11.02.1961 00:00;7.8;10;97
MUE;12.02.1961 00:00;18.7;30;107
MUE;13.02.1961 00:00;0;0;130
MUE;14.02.1961 00:00;0;0;108
MUE;15.02.1961 00:00;0;0;101
MUE;16.02.1961 00:00;0;0;96
MUE;17.02.1961 00:00;0;0;92
MUE;18.02.1961 00:00;0;0;85
MUE;19.02.1961 00:00;0;0;82
MUE;20.02.1961 00:00;0;0;80
MUE;21.02.1961 00:00;0;0;79
MUE;22.02.1961 00:00;0;0;78
MUE;23.02.1961 00:00;0;0;77
MUE;24.02.1961 00:00;0;0;74
MUE;25.02.1961 00:00;0;0;72
MUE;26.02.1961 00:00;0;0;70
MUE;27.02.1961 00:00;0;0;69
MUE;28.02.1961 00:00;13.3;17;67
MUE;01.03.1961 00:00;9.5;9;80
MUE;02.03.1961 00:00;0;0;90
MUE;03.03.1961 00:00;5.8;8;90
MUE;04.03.1961 00:00;0;0;80
MUE;05.03.1961 00:00;0;0;70
MUE;06.03.1961 00:00;0;0;67
MUE;07.03.1961 00:00;0;0;65
MUE;08.03.1961 00:00;0;0;63
MUE;09.03.1961 00:00;0;0;63
MUE;10.03.1961 00:00;0;0;62
MUE;11.03.1961 00:00;0;0;60
MUE;12.03.1961 00:00;0;0;59
MUE;13.03.1961 00:00;0;0;55
MUE;14.03.1961 00:00;0;0;51
MUE;15.03.1961 00:00;0;0;48
MUE;16.03.1961 00:00;0;0;46
MUE;17.03.1961 00:00;0;0;44
MUE;18.03.1961 00:00;18.9;14;42
MUE;19.03.1961 00:00;6.9;11;47
MUE;20.03.1961 00:00;0;0;55
MUE;21.03.1961 00:00;10.2;17;45
MUE;22.03.1961 00:00;0;0;62
MUE;23.03.1961 00:00;0;0;55
MUE;24.03.1961 00:00;0;0;43
MUE;25.03.1961 00:00;0;0;42
MUE;26.03.1961 00:00;0;0;40
MUE;27.03.1961 00:00;1.1;;40
MUE;28.03.1961 00:00;0;0;36
MUE;29.03.1961 00:00;0;2;30
MUE;30.03.1961 00:00;5.8;;28
MUE;31.03.1961 00:00;0.9;;26
MUE;01.04.1961 00:00;0;0;25
MUE;02.04.1961 00:00;3.8;;25
MUE;03.04.1961 00:00;0.4;;20
MUE;04.04.1961 00:00;0;0;18
MUE;05.04.1961 00:00;0;0;17
MUE;06.04.1961 00:00;0;0;15
MUE;07.04.1961 00:00;0;0;14
MUE;08.04.1961 00:00;3.4;;2
MUE;09.04.1961 00:00;0;0;3
MUE;10.04.1961 00:00;5.8;;3
MUE;11.04.1961 00:00;7.4;;4
MUE;12.04.1961 00:00;0;0;4
MUE;13.04.1961 00:00;0;0;5
MUE;14.04.1961 00:00;13.8;6;5
MUE;15.04.1961 00:00;19;;6
MUE;16.04.1961 00:00;2.1;;0
MUE;17.04.1961 00:00;2.8;;0
MUE;18.04.1961 00:00;5;;0
MUE;19.04.1961 00:00;0;0;0
MUE;20.04.1961 00:00;0.3;;0
MUE;21.04.1961 00:00;2.2;;0
MUE;22.04.1961 00:00;10.2;;14
MUE;23.04.1961 00:00;35.9;26;20
MUE;24.04.1961 00:00;2.1;;26
MUE;25.04.1961 00:00;4.8;;10
MUE;26.04.1961 00:00;7.9;;5
MUE;27.04.1961 00:00;0;0;0
MUE;28.04.1961 00:00;4.8;;4
MUE;29.04.1961 00:00;8.1;;0
MUE;30.04.1961 00:00;10;3;0
MUE;01.05.1961 00:00;0;0;3
MUE;02.05.1961 00:00;0.3;;
MUE;03.05.1961 00:00;0.8;;
MUE;04.05.1961 00:00;0;0;
MUE;05.05.1961 00:00;0.9;;
MUE;06.05.1961 00:00;5;;
MUE;07.05.1961 00:00;0;0;
MUE;08.05.1961 00:00;0;0;
MUE;09.05.1961 00:00;14;;
MUE;10.05.1961 00:00;4.5;;
MUE;11.05.1961 00:00;5.6;;
MUE;12.05.1961 00:00;4.2;;
MUE;13.05.1961 00:00;0;0;
MUE;14.05.1961 00:00;0;;
MUE;15.05.1961 00:00;1.2;0;
MUE;16.05.1961 00:00;0;0;
MUE;17.05.1961 00:00;0;0;
MUE;18.05.1961 00:00;3.9;;
MUE;19.05.1961 00:00;0;0;
MUE;20.05.1961 00:00;14;;
MUE;21.05.1961 00:00;9.3;;
MUE;22.05.1961 00:00;0.2;;
MUE;23.05.1961 00:00;3.1;;
MUE;24.05.1961 00:00;0;;
MUE;25.05.1961 00:00;6.2;;
MUE;26.05.1961 00:00;3;0;
MUE;27.05.1961 00:00;18.6;;
MUE;28.05.1961 00:00;21.2;;
MUE;29.05.1961 00:00;3.2;;
MUE;30.05.1961 00:00;0;0;
MUE;31.05.1961 00:00;0;0;
MUE;01.06.1961 00:00;0.3;;
MUE;02.06.1961 00:00;10;;
MUE;03.06.1961 00:00;3.2;;
MUE;04.06.1961 00:00;2.4;;
MUE;05.06.1961 00:00;5;;
MUE;06.06.1961 00:00;2.8;;
MUE;07.06.1961 00:00;8;;
MUE;08.06.1961 00:00;0;;
MUE;09.06.1961 00:00;52;;
MUE;10.06.1961 00:00;1.8;;
MUE;11.06.1961 00:00;0;;
MUE;12.06.1961 00:00;0;;
MUE;13.06.1961 00:00;7.4;;
MUE;14.06.1961 00:00;0;;
MUE;15.06.1961 00:00;0;;
MUE;16.06.1961 00:00;2;;
MUE;17.06.1961 00:00;0;;
MUE;18.06.1961 00:00;0;;
MUE;19.06.1961 00:00;0;;
MUE;20.06.1961 00:00;0;;
MUE;21.06.1961 00:00;7;;
MUE;22.06.1961 00:00;0.8;;
MUE;23.06.1961 00:00;0;;
MUE;24.06.1961 00:00;0;;
MUE;25.06.1961 00:00;4.5;;
MUE;26.06.1961 00:00;4;;
MUE;27.06.1961 00:00;20;;
MUE;28.06.1961 00:00;0;;
MUE;29.06.1961 00:00;0;;
MUE;30.06.1961 00:00;0;;
MUE;01.07.1961 00:00;0;;
MUE;02.07.1961 00:00;0;;
MUE;03.07.1961 00:00;1.5;;
MUE;04.07.1961 00:00;3.8;;
MUE;05.07.1961 00:00;0;;
MUE;06.07.1961 00:00;0;;
MUE;07.07.1961 00:00;0;;
MUE;08.07.1961 00:00;30.8;;
MUE;09.07.1961 00:00;0.3;;
MUE;10.07.1961 00:00;1.2;;
MUE;11.07.1961 00:00;8.5;;
MUE;12.07.1961 00:00;10.8;;
MUE;13.07.1961 00:00;7.4;;
MUE;14.07.1961 00:00;1.3;;
MUE;15.07.1961 00:00;0;;
MUE;16.07.1961 00:00;5.2;;
MUE;17.07.1961 00:00;6.2;;
MUE;18.07.1961 00:00;2.2;;
MUE;19.07.1961 00:00;22.2;;
MUE;20.07.1961 00:00;2.3;;
MUE;21.07.1961 00:00;1.8;;
MUE;22.07.1961 00:00;0.4;;
MUE;23.07.1961 00:00;0;;
MUE;24.07.1961 00:00;16.5;;
MUE;25.07.1961 00:00;0;;
MUE;26.07.1961 00:00;0;;
MUE;27.07.1961 00:00;1.1;;
MUE;28.07.1961 00:00;18.2;;
MUE;29.07.1961 00:00;7.3;;
MUE;30.07.1961 00:00;0;;
MUE;31.07.1961 00:00;0;;
MUE;01.08.1961 00:00;12.5;;
MUE;02.08.1961 00:00;9.5;;
MUE;03.08.1961 00:00;0;;
MUE;04.08.1961 00:00;0;;
MUE;05.08.1961 00:00;0;;
MUE;06.08.1961 00:00;0.6;;
MUE;07.08.1961 00:00;1.2;;
MUE;08.08.1961 00:00;0.9;;
MUE;09.08.1961 00:00;11.1;;
MUE;10.08.1961 00:00;27.8;;
MUE;11.08.1961 00:00;22.4;;
MUE;12.08.1961 00:00;10;;
MUE;13.08.1961 00:00;0;;
MUE;14.08.1961 00:00;0;;
MUE;15.08.1961 00:00;4.5;;
MUE;16.08.1961 00:00;12.5;;
MUE;17.08.1961 00:00;25.5;;
MUE;18.08.1961 00:00;0;;
MUE;19.08.1961 00:00;10.5;;
MUE;20.08.1961 00:00;0;;
MUE;21.08.1961 00:00;0;;
MUE;22.08.1961 00:00;0;;
MUE;23.08.1961 00:00;0;;
MUE;24.08.1961 00:00;0;;
MUE;25.08.1961 00:00;0;;
MUE;26.08.1961 00:00;0;;
MUE;27.08.1961 00:00;0;;
MUE;28.08.1961 00:00;0;;
MUE;29.08.1961 00:00;0;;
MUE;30.08.1961 00:00;0;;
MUE;31.08.1961 00:00;0;;
MUE;01.09.1961 00:00;0;;
MUE;02.09.1961 00:00;1.9;;
MUE;03.09.1961 00:00;6.2;;
MUE;04.09.1961 00:00;0;;
MUE;05.09.1961 00:00;7.6;;
MUE;06.09.1961 00:00;1;;
MUE;07.09.1961 00:00;2.1;;
MUE;08.09.1961 00:00;2.3;;
MUE;09.09.1961 00:00;0;;
MUE;10.09.1961 00:00;0;;
MUE;11.09.1961 00:00;0;;
MUE;12.09.1961 00:00;0;;
MUE;13.09.1961 00:00;0;;
MUE;14.09.1961 00:00;3.4;;
MUE;15.09.1961 00:00;0;;
MUE;16.09.1961 00:00;0;;
MUE;17.09.1961 00:00;0;;
MUE;18.09.1961 00:00;0;;
MUE;19.09.1961 00:00;0;;
MUE;20.09.1961 00:00;0;;
MUE;21.09.1961 00:00;0;;
MUE;22.09.1961 00:00;0;;
MUE;23.09.1961 00:00;0;;
MUE;24.09.1961 00:00;0;;
MUE;25.09.1961 00:00;0;;
MUE;26.09.1961 00:00;1.2;;
MUE;27.09.1961 00:00;0.4;;
MUE;28.09.1961 00:00;0;;
MUE;29.09.1961 00:00;0;;
MUE;30.09.1961 00:00;2.5;;
MUE;01.10.1961 00:00;0.9;;
MUE;02.10.1961 00:00;0;;
MUE;03.10.1961 00:00;0;;
MUE;04.10.1961 00:00;0;;
MUE;05.10.1961 00:00;0;;
MUE;06.10.1961 00:00;19.8;;
MUE;07.10.1961 00:00;15.9;;
MUE;08.10.1961 00:00;0;;
MUE;09.10.1961 00:00;0;;
MUE;10.10.1961 00:00;0;;
MUE;11.10.1961 00:00;0;;
MUE;12.10.1961 00:00;0;;
MUE;13.10.1961 00:00;0;;
MUE;14.10.1961 00:00;0;;
MUE;15.10.1961 00:00;0;;
MUE;16.10.1961 00:00;1;;
MUE;17.10.1961 00:00;9.5;;
MUE;18.10.1961 00:00;2;;
MUE;19.10.1961 00:00;0;;
MUE;20.10.1961 00:00;0;;
MUE;21.10.1961 00:00;0;;
MUE;22.10.1961 00:00;1;;
MUE;23.10.1961 00:00;0;;
MUE;24.10.1961 00:00;0;;
MUE;25.10.1961 00:00;0;;
MUE;26.10.1961 00:00;0;;
MUE;27.10.1961 00:00;1.5;;
MUE;28.10.1961 00:00;9.8;;
MUE;29.10.1961 00:00;0;;
MUE;30.10.1961 00:00;0;;
MUE;31.10.1961 00:00;0;;
MUE;01.11.1961 00:00;0;;
MUE;02.11.1961 00:00;0;;
MUE;03.11.1961 00:00;20.2;;
MUE;04.11.1961 00:00;3.8;;
MUE;05.11.1961 00:00;2.4;;
MUE;06.11.1961 00:00;0;;
MUE;07.11.1961 00:00;0;;
MUE;08.11.1961 00:00;0;;
MUE;09.11.1961 00:00;14.2;;
MUE;10.11.1961 00:00;0;;
MUE;11.11.1961 00:00;0.6;;
MUE;12.11.1961 00:00;0;;
MUE;13.11.1961 00:00;0;;
MUE;14.11.1961 00:00;0;;
MUE;15.11.1961 00:00;0;;
MUE;16.11.1961 00:00;0;;
MUE;17.11.1961 00:00;0;;
MUE;18.11.1961 00:00;0;;
MUE;19.11.1961 00:00;0;;
MUE;20.11.1961 00:00;0;;
MUE;21.11.1961 00:00;0;;
MUE;22.11.1961 00:00;0;;
MUE;23.11.1961 00:00;0;;
MUE;24.11.1961 00:00;0;;
MUE;25.11.1961 00:00;0;;
MUE;26.11.1961 00:00;0;;
MUE;27.11.1961 00:00;0;;
MUE;28.11.1961 00:00;0;;
MUE;29.11.1961 00:00;0;;
MUE;30.11.1961 00:00;1.2;;
MUE;01.12.1961 00:00;2.4;;
MUE;02.12.1961 00:00;3.6;;
MUE;03.12.1961 00:00;1.8;;
MUE;04.12.1961 00:00;9.1;;
MUE;05.12.1961 00:00;15.5;;
MUE;06.12.1961 00:00;5.5;;
MUE;07.12.1961 00:00;0;;
MUE;08.12.1961 00:00;0;;
MUE;09.12.1961 00:00;7.2;;
MUE;10.12.1961 00:00;29.5;;
MUE;11.12.1961 00:00;55.5;;
MUE;12.12.1961 00:00;13.1;;
MUE;13.12.1961 00:00;5.1;;
MUE;14.12.1961 00:00;1.9;;
MUE;15.12.1961 00:00;0;;
MUE;16.12.1961 00:00;0;;
MUE;17.12.1961 00:00;0;;
MUE;18.12.1961 00:00;0;;
MUE;19.12.1961 00:00;0;;
MUE;20.12.1961 00:00;0;;
MUE;21.12.1961 00:00;0;;
MUE;22.12.1961 00:00;0;;
MUE;23.12.1961 00:00;0;;
MUE;24.12.1961 00:00;0;;
MUE;25.12.1961 00:00;0;;
MUE;26.12.1961 00:00;1.2;;
MUE;27.12.1961 00:00;0;;
MUE;28.12.1961 00:00;0;;
MUE;29.12.1961 00:00;0;;
MUE;30.12.1961 00:00;0;;
MUE;31.12.1961 00:00;15.4;;
MUE;01.01.1962 00:00;12.8;;
MUE;02.01.1962 00:00;18.7;;
MUE;03.01.1962 00:00;0;;
MUE;04.01.1962 00:00;0.9;;
MUE;05.01.1962 00:00;0;;
MUE;06.01.1962 00:00;0.6;;
MUE;07.01.1962 00:00;0;;
MUE;08.01.1962 00:00;0;;
MUE;09.01.1962 00:00;0;;
MUE;10.01.1962 00:00;0;;
MUE;11.01.1962 00:00;19.4;;
MUE;12.01.1962 00:00;10;;
MUE;13.01.1962 00:00;20.8;;
MUE;14.01.1962 00:00;0;;
MUE;15.01.1962 00:00;0;;
MUE;16.01.1962 00:00;0;;
MUE;17.01.1962 00:00;0;;
MUE;18.01.1962 00:00;0;;
MUE;19.01.1962 00:00;0;;
MUE;20.01.1962 00:00;0;;
MUE;21.01.1962 00:00;0;;
MUE;22.01.1962 00:00;3;;
MUE;23.01.1962 00:00;0;;
MUE;24.01.1962 00:00;0.1;;
MUE;25.01.1962 00:00;22.7;;
MUE;26.01.1962 00:00;6.4;;
MUE;27.01.1962 00:00;16.6;;
MUE;28.01.1962 00:00;0.7;;
MUE;29.01.1962 00:00;2.3;;
MUE;30.01.1962 00:00;0;;
MUE;31.01.1962 00:00;0;;
MUE;01.02.1962 00:00;4.5;;
MUE;02.02.1962 00:00;2.5;;
MUE;03.02.1962 00:00;0;;
MUE;04.02.1962 00:00;6;;
MUE;05.02.1962 00:00;6.5;;
MUE;06.02.1962 00:00;0;;
MUE;07.02.1962 00:00;0;;
MUE;08.02.1962 00:00;12.4;;
MUE;09.02.1962 00:00;0;;
MUE;10.02.1962 00:00;0;;
MUE;11.02.1962 00:00;0;;
MUE;12.02.1962 00:00;2.9;;
MUE;13.02.1962 00:00;21.7;;
MUE;14.02.1962 00:00;13.2;;
MUE;15.02.1962 00:00;2.2;;
MUE;16.02.1962 00:00;3.1;;
MUE;17.02.1962 00:00;1.5;;
MUE;18.02.1962 00:00;0;;
MUE;19.02.1962 00:00;0;;
MUE;20.02.1962 00:00;0;;
MUE;21.02.1962 00:00;0;;
MUE;22.02.1962 00:00;1.2;;
MUE;23.02.1962 00:00;0.5;;
MUE;24.02.1962 00:00;0;;
MUE;25.02.1962 00:00;0;;
MUE;26.02.1962 00:00;0;;
MUE;27.02.1962 00:00;0;;
MUE;28.02.1962 00:00;7;;
MUE;01.03.1962 00:00;5;;
MUE;02.03.1962 00:00;1;;
MUE;03.03.1962 00:00;0;;
MUE;04.03.1962 00:00;0;;
MUE;05.03.1962 00:00;10;;
MUE;06.03.1962 00:00;4.2;;
MUE;07.03.1962 00:00;0;;
MUE;08.03.1962 00:00;0;;
MUE;09.03.1962 00:00;0;;
MUE;10.03.1962 00:00;10.8;;
MUE;11.03.1962 00:00;6.8;;
MUE;12.03.1962 00:00;36;;
MUE;13.03.1962 00:00;2.2;;
MUE;14.03.1962 00:00;4.5;;
MUE;15.03.1962 00:00;1.2;;
MUE;16.03.1962 00:00;0;;
MUE;17.03.1962 00:00;0;;
MUE;18.03.1962 00:00;0;;
MUE;19.03.1962 00:00;0;;
MUE;20.03.1962 00:00;0;;
MUE;21.03.1962 00:00;0;;
MUE;22.03.1962 00:00;0;;
MUE;23.03.1962 00:00;0;;
MUE;24.03.1962 00:00;0;;
MUE;25.03.1962 00:00;0;;
MUE;26.03.1962 00:00;2.3;;
MUE;27.03.1962 00:00;22.5;;
MUE;28.03.1962 00:00;4.5;;
MUE;29.03.1962 00:00;2.1;;
MUE;30.03.1962 00:00;4.7;;
MUE;31.03.1962 00:00;20.3;;
MUE;01.04.1962 00:00;10.2;;
MUE;02.04.1962 00:00;2.1;;
MUE;03.04.1962 00:00;1.6;;
MUE;04.04.1962 00:00;4.8;;
MUE;05.04.1962 00:00;29.6;;
MUE;06.04.1962 00:00;17.4;;
MUE;07.04.1962 00:00;0;;
MUE;08.04.1962 00:00;6.9;;
MUE;09.04.1962 00:00;7.2;;
MUE;10.04.1962 00:00;0.7;;
MUE;11.04.1962 00:00;0;;
MUE;12.04.1962 00:00;0;;
MUE;13.04.1962 00:00;6;;
MUE;14.04.1962 00:00;6.6;;
MUE;15.04.1962 00:00;4.5;;
MUE;16.04.1962 00:00;0;;
MUE;17.04.1962 00:00;0;;
MUE;18.04.1962 00:00;0;;
MUE;19.04.1962 00:00;0;;
MUE;20.04.1962 00:00;0;;
MUE;21.04.1962 00:00;0;;
MUE;22.04.1962 00:00;0;;
MUE;23.04.1962 00:00;0;;
MUE;24.04.1962 00:00;0;;
MUE;25.04.1962 00:00;0;;
MUE;26.04.1962 00:00;0;;
MUE;27.04.1962 00:00;0;;
MUE;28.04.1962 00:00;0;;
MUE;29.04.1962 00:00;0;;
MUE;30.04.1962 00:00;4.5;;
MUE;01.05.1962 00:00;0;;
MUE;02.05.1962 00:00;0;;
MUE;03.05.1962 00:00;0.3;;
MUE;04.05.1962 00:00;10.3;;
MUE;05.05.1962 00:00;4.4;;
MUE;06.05.1962 00:00;0;;
MUE;07.05.1962 00:00;0;;
MUE;08.05.1962 00:00;0;;
MUE;09.05.1962 00:00;10;;
MUE;10.05.1962 00:00;5;;
MUE;11.05.1962 00:00;0;;
MUE;12.05.1962 00:00;0;;
MUE;13.05.1962 00:00;20;;
MUE;14.05.1962 00:00;21.2;;
MUE;15.05.1962 00:00;29.6;;
MUE;16.05.1962 00:00;0;;
MUE;17.05.1962 00:00;0;;
MUE;18.05.1962 00:00;0;;
MUE;19.05.1962 00:00;22.6;;
MUE;20.05.1962 00:00;1.2;;
MUE;21.05.1962 00:00;0;;
MUE;22.05.1962 00:00;0;;
MUE;23.05.1962 00:00;0;;
MUE;24.05.1962 00:00;11.5;;
MUE;25.05.1962 00:00;8.4;;
MUE;26.05.1962 00:00;4.5;;
MUE;27.05.1962 00:00;2;;
MUE;28.05.1962 00:00;0;;
MUE;29.05.1962 00:00;5.2;;
MUE;30.05.1962 00:00;0;;
MUE;31.05.1962 00:00;5;;
MUE;01.06.1962 00:00;41.2;;
MUE;02.06.1962 00:00;0;;
MUE;03.06.1962 00:00;0;;
MUE;04.06.1962 00:00;0;;
MUE;05.06.1962 00:00;0;;
MUE;06.06.1962 00:00;0;;
MUE;07.06.1962 00:00;0;;
MUE;08.06.1962 00:00;0;;
MUE;09.06.1962 00:00;0;;
MUE;10.06.1962 00:00;0;;
MUE;11.06.1962 00:00;7.1;;
MUE;12.06.1962 00:00;0;;
MUE;13.06.1962 00:00;0.6;;
MUE;14.06.1962 00:00;1;;
MUE;15.06.1962 00:00;1.4;;
MUE;16.06.1962 00:00;1.2;;
MUE;17.06.1962 00:00;9.8;;
MUE;18.06.1962 00:00;0;;
MUE;19.06.1962 00:00;12.6;;
MUE;20.06.1962 00:00;0;;
MUE;21.06.1962 00:00;0;;
MUE;22.06.1962 00:00;0;;
MUE;23.06.1962 00:00;0;;
MUE;24.06.1962 00:00;0;;
MUE;25.06.1962 00:00;18.6;;
MUE;26.06.1962 00:00;0;;
MUE;27.06.1962 00:00;0;;
MUE;28.06.1962 00:00;0;;
MUE;29.06.1962 00:00;6.1;;
MUE;30.06.1962 00:00;2.4;;
MUE;01.07.1962 00:00;0;;
MUE;02.07.1962 00:00;0;;
MUE;03.07.1962 00:00;19.8;;
MUE;04.07.1962 00:00;1.4;;
MUE;05.07.1962 00:00;0.6;;
MUE;06.07.1962 00:00;1.2;;
MUE;07.07.1962 00:00;0;;
MUE;08.07.1962 00:00;0;;
MUE;09.07.1962 00:00;0.9;;
MUE;10.07.1962 00:00;12.7;;
MUE;11.07.1962 00:00;0;;
MUE;12.07.1962 00:00;0;;
MUE;13.07.1962 00:00;0;;
MUE;14.07.1962 00:00;10.5;;
MUE;15.07.1962 00:00;5.7;;
MUE;16.07.1962 00:00;12.6;;
MUE;17.07.1962 00:00;2.2;;
MUE;18.07.1962 00:00;2.6;;
MUE;19.07.1962 00:00;0;;
MUE;20.07.1962 00:00;0;;
MUE;21.07.1962 00:00;7.8;;
MUE;22.07.1962 00:00;0;;
MUE;23.07.1962 00:00;0;;
MUE;24.07.1962 00:00;0;;
MUE;25.07.1962 00:00;0;;
MUE;26.07.1962 00:00;0;;
MUE;27.07.1962 00:00;0.4;;
MUE;28.07.1962 00:00;24.5;;
MUE;29.07.1962 00:00;4.6;;
MUE;30.07.1962 00:00;0;;
MUE;31.07.1962 00:00;0;;
MUE;01.08.1962 00:00;0;;
MUE;02.08.1962 00:00;17.1;;
MUE;03.08.1962 00:00;3.1;;
MUE;04.08.1962 00:00;5.2;;
MUE;05.08.1962 00:00;0;;
MUE;06.08.1962 00:00;19.2;;
MUE;07.08.1962 00:00;4.8;;
MUE;08.08.1962 00:00;0;;
MUE;09.08.1962 00:00;0;;
MUE;10.08.1962 00:00;0;;
MUE;11.08.1962 00:00;0;;
MUE;12.08.1962 00:00;0;;
MUE;13.08.1962 00:00;0;;
MUE;14.08.1962 00:00;0;;
MUE;15.08.1962 00:00;5.8;;
MUE;16.08.1962 00:00;0;;
MUE;17.08.1962 00:00;10.5;;
MUE;18.08.1962 00:00;0;;
MUE;19.08.1962 00:00;0;;
MUE;20.08.1962 00:00;4.6;;
MUE;21.08.1962 00:00;20.2;;
MUE;22.08.1962 00:00;0;;
MUE;23.08.1962 00:00;0;;
MUE;24.08.1962 00:00;0;;
MUE;25.08.1962 00:00;0;;
MUE;26.08.1962 00:00;0;;
MUE;27.08.1962 00:00;0;;
MUE;28.08.1962 00:00;0;;
MUE;29.08.1962 00:00;0;;
MUE;30.08.1962 00:00;0;;
MUE;31.08.1962 00:00;0;;
MUE;01.09.1962 00:00;0;;
MUE;02.09.1962 00:00;0;;
MUE;03.09.1962 00:00;0;;
MUE;04.09.1962 00:00;6.9;;
MUE;05.09.1962 00:00;2.9;;
MUE;06.09.1962 00:00;0;;
MUE;07.09.1962 00:00;18.1;;
MUE;08.09.1962 00:00;0;;
MUE;09.09.1962 00:00;0;;
MUE;10.09.1962 00:00;0;;
MUE;11.09.1962 00:00;0;;
MUE;12.09.1962 00:00;0;;
MUE;13.09.1962 00:00;0;;
MUE;14.09.1962 00:00;0;;
MUE;15.09.1962 00:00;0;;
MUE;16.09.1962 00:00;23.8;;
MUE;17.09.1962 00:00;13.8;;
MUE;18.09.1962 00:00;0;;
MUE;19.09.1962 00:00;0;;
MUE;20.09.1962 00:00;4.3;;
MUE;21.09.1962 00:00;0;;
MUE;22.09.1962 00:00;0;;
MUE;23.09.1962 00:00;0;;
MUE;24.09.1962 00:00;0;;
MUE;25.09.1962 00:00;0;;
MUE;26.09.1962 00:00;0;;
MUE;27.09.1962 00:00;9;;
MUE;28.09.1962 00:00;9;;
MUE;29.09.1962 00:00;2;;
MUE;30.09.1962 00:00;0;;
MUE;01.10.1962 00:00;0;;
MUE;02.10.1962 00:00;0;;
MUE;03.10.1962 00:00;0;;
MUE;04.10.1962 00:00;0;;
MUE;05.10.1962 00:00;0;;
MUE;06.10.1962 00:00;0;;
MUE;07.10.1962 00:00;0;;
MUE;08.10.1962 00:00;0;;
MUE;09.10.1962 00:00;0;;
MUE;10.10.1962 00:00;0;;
MUE;11.10.1962 00:00;0;;
MUE;12.10.1962 00:00;0;;
MUE;13.10.1962 00:00;0;;
MUE;14.10.1962 00:00;0;;
MUE;15.10.1962 00:00;0;;
MUE;16.10.1962 00:00;0;;
MUE;17.10.1962 00:00;0;;
MUE;18.10.1962 00:00;0;;
MUE;19.10.1962 00:00;0;;
MUE;20.10.1962 00:00;0;;
MUE;21.10.1962 00:00;0;;
MUE;22.10.1962 00:00;0;;
MUE;23.10.1962 00:00;0;;
MUE;24.10.1962 00:00;0;;
MUE;25.10.1962 00:00;0;;
MUE;26.10.1962 00:00;0;;
MUE;27.10.1962 00:00;3;;
MUE;28.10.1962 00:00;14.1;;
MUE;29.10.1962 00:00;4.7;;
MUE;30.10.1962 00:00;0;;
MUE;31.10.1962 00:00;9.5;;
MUE;01.11.1962 00:00;1.3;;
MUE;02.11.1962 00:00;0;;
MUE;03.11.1962 00:00;0;;
MUE;04.11.1962 00:00;0;;
MUE;05.11.1962 00:00;0;;
MUE;06.11.1962 00:00;0;;
MUE;07.11.1962 00:00;10.3;;
MUE;08.11.1962 00:00;18.4;;
MUE;09.11.1962 00:00;0;;
MUE;10.11.1962 00:00;0;;
MUE;11.11.1962 00:00;0;;
MUE;12.11.1962 00:00;2.5;;
MUE;13.11.1962 00:00;2.4;;
MUE;14.11.1962 00:00;4;;
MUE;15.11.1962 00:00;9.6;;
MUE;16.11.1962 00:00;0;;
MUE;17.11.1962 00:00;0;;
MUE;18.11.1962 00:00;3.4;;
MUE;19.11.1962 00:00;1.8;;
MUE;20.11.1962 00:00;2.9;;
MUE;21.11.1962 00:00;12.8;;
MUE;22.11.1962 00:00;0;;
MUE;23.11.1962 00:00;0;;
MUE;24.11.1962 00:00;0;;
MUE;25.11.1962 00:00;0;;
MUE;26.11.1962 00:00;0;;
MUE;27.11.1962 00:00;0;;
MUE;28.11.1962 00:00;6.7;;
MUE;29.11.1962 00:00;0;;
MUE;30.11.1962 00:00;0;;
MUE;01.12.1962 00:00;0;;
MUE;02.12.1962 00:00;0;;
MUE;03.12.1962 00:00;0;;
MUE;04.12.1962 00:00;0;;
MUE;05.12.1962 00:00;0;;
MUE;06.12.1962 00:00;0;;
MUE;07.12.1962 00:00;0;;
MUE;08.12.1962 00:00;0;;
MUE;09.12.1962 00:00;14.8;;
MUE;10.12.1962 00:00;16.5;;
MUE;11.12.1962 00:00;0;;
MUE;12.12.1962 00:00;3.4;;
MUE;13.12.1962 00:00;9.6;;
MUE;14.12.1962 00:00;19.8;;
MUE;15.12.1962 00:00;25.7;;
MUE;16.12.1962 00:00;28.4;;
MUE;17.12.1962 00:00;1.3;;
MUE;18.12.1962 00:00;28.5;;
MUE;19.12.1962 00:00;12.5;;
MUE;20.12.1962 00:00;7.9;;
MUE;21.12.1962 00:00;40.9;;
MUE;22.12.1962 00:00;5.2;;
MUE;23.12.1962 00:00;1.3;;
MUE;24.12.1962 00:00;0;;
MUE;25.12.1962 00:00;0;;
MUE;26.12.1962 00:00;1.4;;
MUE;27.12.1962 00:00;0;;
MUE;28.12.1962 00:00;0;;
MUE;29.12.1962 00:00;0;;
MUE;30.12.1962 00:00;0;;
MUE;31.12.1962 00:00;1.4;;
MUE;01.01.1963 00:00;0;;
MUE;02.01.1963 00:00;0;;
MUE;03.01.1963 00:00;0;;
MUE;04.01.1963 00:00;0;;
MUE;05.01.1963 00:00;0;;
MUE;06.01.1963 00:00;0.4;;
MUE;07.01.1963 00:00;0.9;;
MUE;08.01.1963 00:00;2;;
MUE;09.01.1963 00:00;9.5;;
MUE;10.01.1963 00:00;16.7;;
MUE;11.01.1963 00:00;0.8;;
MUE;12.01.1963 00:00;0;;
MUE;13.01.1963 00:00;0.7;;
MUE;14.01.1963 00:00;0;;
MUE;15.01.1963 00:00;0;;
MUE;16.01.1963 00:00;0;;
MUE;17.01.1963 00:00;5.6;;
MUE;18.01.1963 00:00;1.4;;
MUE;19.01.1963 00:00;0;;
MUE;20.01.1963 00:00;0;;
MUE;21.01.1963 00:00;0;;
MUE;22.01.1963 00:00;0;;
MUE;23.01.1963 00:00;0;;
MUE;24.01.1963 00:00;0;;
MUE;25.01.1963 00:00;0;;
MUE;26.01.1963 00:00;10;;
MUE;27.01.1963 00:00;2.4;;
MUE;28.01.1963 00:00;0;;
MUE;29.01.1963 00:00;0;;
MUE;30.01.1963 00:00;0;;
MUE;31.01.1963 00:00;0;;
MUE;01.02.1963 00:00;0;;
MUE;02.02.1963 00:00;0;;
MUE;03.02.1963 00:00;0;;
MUE;04.02.1963 00:00;0;;
MUE;05.02.1963 00:00;0;;
MUE;06.02.1963 00:00;0;;
MUE;07.02.1963 00:00;0;;
MUE;08.02.1963 00:00;0;;
MUE;09.02.1963 00:00;0;;
MUE;10.02.1963 00:00;0;;
MUE;11.02.1963 00:00;5;;
MUE;12.02.1963 00:00;4.2;;
MUE;13.02.1963 00:00;0;;
MUE;14.02.1963 00:00;0;;
MUE;15.02.1963 00:00;0;;
MUE;16.02.1963 00:00;1.7;;
MUE;17.02.1963 00:00;6.3;;
MUE;18.02.1963 00:00;2.4;;
MUE;19.02.1963 00:00;5.8;;
MUE;20.02.1963 00:00;4.2;;
MUE;21.02.1963 00:00;5.3;;
MUE;22.02.1963 00:00;0.8;;
MUE;23.02.1963 00:00;0.7;;
MUE;24.02.1963 00:00;0;;
MUE;25.02.1963 00:00;0;;
MUE;26.02.1963 00:00;0;;
MUE;27.02.1963 00:00;0;;
MUE;28.02.1963 00:00;0;;
MUE;01.03.1963 00:00;0;;
MUE;02.03.1963 00:00;0;;
MUE;03.03.1963 00:00;0;;
MUE;04.03.1963 00:00;0;;
MUE;05.03.1963 00:00;0;;
MUE;06.03.1963 00:00;0;;
MUE;07.03.1963 00:00;0;;
MUE;08.03.1963 00:00;9.4;;
MUE;09.03.1963 00:00;0;;
MUE;10.03.1963 00:00;3.8;;
MUE;11.03.1963 00:00;26.3;;
MUE;12.03.1963 00:00;15.2;;
MUE;13.03.1963 00:00;2.5;;
MUE;14.03.1963 00:00;0;;
MUE;15.03.1963 00:00;0;;
MUE;16.03.1963 00:00;8.2;;
MUE;17.03.1963 00:00;0.9;;
MUE;18.03.1963 00:00;10.8;;
MUE;19.03.1963 00:00;0;;
MUE;20.03.1963 00:00;10.2;;
MUE;21.03.1963 00:00;9.5;;
MUE;22.03.1963 00:00;5.6;;
MUE;23.03.1963 00:00;2.3;;
MUE;24.03.1963 00:00;0;;
MUE;25.03.1963 00:00;0;;
MUE;26.03.1963 00:00;9.3;;
MUE;27.03.1963 00:00;5.9;;
MUE;28.03.1963 00:00;0;;
MUE;29.03.1963 00:00;22.3;;
MUE;30.03.1963 00:00;23.2;;
MUE;31.03.1963 00:00;17.2;;
MUE;01.04.1963 00:00;4.2;;
MUE;02.04.1963 00:00;0;;
MUE;03.04.1963 00:00;0;;
MUE;04.04.1963 00:00;1.3;;
MUE;05.04.1963 00:00;0;;
MUE;06.04.1963 00:00;4.7;;
MUE;07.04.1963 00:00;13.2;;
MUE;08.04.1963 00:00;0;;
MUE;09.04.1963 00:00;0;;
MUE;10.04.1963 00:00;5.2;;
MUE;11.04.1963 00:00;21.4;;
MUE;12.04.1963 00:00;8.9;;
MUE;13.04.1963 00:00;1.2;;
MUE;14.04.1963 00:00;0;;
MUE;15.04.1963 00:00;0;;
MUE;16.04.1963 00:00;0;;
MUE;17.04.1963 00:00;4;;
MUE;18.04.1963 00:00;2.6;;
MUE;19.04.1963 00:00;0.1;;
MUE;20.04.1963 00:00;0;;
MUE;21.04.1963 00:00;3.2;;
MUE;22.04.1963 00:00;0;;
MUE;23.04.1963 00:00;7.1;;
MUE;24.04.1963 00:00;10.1;;
MUE;25.04.1963 00:00;0;;
MUE;26.04.1963 00:00;0;;
MUE;27.04.1963 00:00;0;;
MUE;28.04.1963 00:00;0;;
MUE;29.04.1963 00:00;0;;
MUE;30.04.1963 00:00;5.7;;
MUE;01.05.1963 00:00;0;;
MUE;02.05.1963 00:00;15.2;;
MUE;03.05.1963 00:00;19.3;;
MUE;04.05.1963 00:00;6.5;;
MUE;05.05.1963 00:00;0;;
MUE;06.05.1963 00:00;0;;
MUE;07.05.1963 00:00;0;;
MUE;08.05.1963 00:00;0;;
MUE;09.05.1963 00:00;15;;
MUE;10.05.1963 00:00;4.3;;
MUE;11.05.1963 00:00;5.4;;
MUE;12.05.1963 00:00;0;;
MUE;13.05.1963 00:00;13.2;;
MUE;14.05.1963 00:00;2;;
MUE;15.05.1963 00:00;17.5;;
MUE;16.05.1963 00:00;4.6;;
MUE;17.05.1963 00:00;0;;
MUE;18.05.1963 00:00;0;;
MUE;19.05.1963 00:00;2.4;;
MUE;20.05.1963 00:00;0;;
MUE;21.05.1963 00:00;0;;
MUE;22.05.1963 00:00;0;;
MUE;23.05.1963 00:00;3.3;;
MUE;24.05.1963 00:00;0;;
MUE;25.05.1963 00:00;0;;
MUE;26.05.1963 00:00;0;;
MUE;27.05.1963 00:00;0;;
MUE;28.05.1963 00:00;5.8;;
MUE;29.05.1963 00:00;8;;
MUE;30.05.1963 00:00;0;;
MUE;31.05.1963 00:00;0;;
MUE;01.06.1963 00:00;3.5;;
MUE;02.06.1963 00:00;6.4;;
MUE;03.06.1963 00:00;0;;
MUE;04.06.1963 00:00;5.8;;
MUE;05.06.1963 00:00;0;;
MUE;06.06.1963 00:00;2.6;;
MUE;07.06.1963 00:00;9.8;;
MUE;08.06.1963 00:00;17;;
MUE;09.06.1963 00:00;0.4;;
MUE;10.06.1963 00:00;6;;
MUE;11.06.1963 00:00;12.7;;
MUE;12.06.1963 00:00;0;;
MUE;13.06.1963 00:00;5.6;;
MUE;14.06.1963 00:00;28.4;;
MUE;15.06.1963 00:00;2.4;;
MUE;16.06.1963 00:00;4.4;;
MUE;17.06.1963 00:00;0;;
MUE;18.06.1963 00:00;16.8;;
MUE;19.06.1963 00:00;16.1;;
MUE;20.06.1963 00:00;1.2;;
MUE;21.06.1963 00:00;0;;
MUE;22.06.1963 00:00;6.8;;
MUE;23.06.1963 00:00;12.1;;
MUE;24.06.1963 00:00;4.3;;
MUE;25.06.1963 00:00;2.4;;
MUE;26.06.1963 00:00;0;;
MUE;27.06.1963 00:00;4.6;;
MUE;28.06.1963 00:00;4.9;;
MUE;29.06.1963 00:00;0;;
MUE;30.06.1963 00:00;1.8;;
MUE;01.07.1963 00:00;6.5;;
MUE;02.07.1963 00:00;1;;
MUE;03.07.1963 00:00;2.4;;
MUE;04.07.1963 00:00;4.1;;
MUE;05.07.1963 00:00;4.8;;
MUE;06.07.1963 00:00;0;;
MUE;07.07.1963 00:00;17;;
MUE;08.07.1963 00:00;2.5;;
MUE;09.07.1963 00:00;3.4;;
MUE;10.07.1963 00:00;6.5;;
MUE;11.07.1963 00:00;3.8;;
MUE;12.07.1963 00:00;0;;
MUE;13.07.1963 00:00;7.4;;
MUE;14.07.1963 00:00;0;;
MUE;15.07.1963 00:00;0;;
MUE;16.07.1963 00:00;0;;
MUE;17.07.1963 00:00;3.1;;
MUE;18.07.1963 00:00;3;;
MUE;19.07.1963 00:00;1.8;;
MUE;20.07.1963 00:00;0;;
MUE;21.07.1963 00:00;5;;
MUE;22.07.1963 00:00;6.6;;
MUE;23.07.1963 00:00;3.8;;
MUE;24.07.1963 00:00;0;;
MUE;25.07.1963 00:00;19;;
MUE;26.07.1963 00:00;5;;
MUE;27.07.1963 00:00;0;;
MUE;28.07.1963 00:00;0;;
MUE;29.07.1963 00:00;0;;
MUE;30.07.1963 00:00;0;;
MUE;31.07.1963 00:00;0;;
MUE;01.08.1963 00:00;0;;
MUE;02.08.1963 00:00;0;;
MUE;03.08.1963 00:00;7.7;;
MUE;04.08.1963 00:00;2.6;;
MUE;05.08.1963 00:00;2.3;;
MUE;06.08.1963 00:00;4.9;;
MUE;07.08.1963 00:00;3.4;;
MUE;08.08.1963 00:00;11.2;;
MUE;09.08.1963 00:00;0;;
MUE;10.08.1963 00:00;0;;
MUE;11.08.1963 00:00;19.8;;
MUE;12.08.1963 00:00;13.7;;
MUE;13.08.1963 00:00;3.1;;
MUE;14.08.1963 00:00;14.7;;
MUE;15.08.1963 00:00;3.5;;
MUE;16.08.1963 00:00;0;;
MUE;17.08.1963 00:00;13.4;;
MUE;18.08.1963 00:00;1.2;;
MUE;19.08.1963 00:00;0;;
MUE;20.08.1963 00:00;3.5;;
MUE;21.08.1963 00:00;4.7;;
MUE;22.08.1963 00:00;3.1;;
MUE;23.08.1963 00:00;1.2;;
MUE;24.08.1963 00:00;0;;
MUE;25.08.1963 00:00;0;;
MUE;26.08.1963 00:00;0;;
MUE;27.08.1963 00:00;18.3;;
MUE;28.08.1963 00:00;6.8;;
MUE;29.08.1963 00:00;1.4;;
MUE;30.08.1963 00:00;0;;
MUE;31.08.1963 00:00;1;;
MUE;01.09.1963 00:00;4.7;;
MUE;02.09.1963 00:00;0;;
MUE;03.09.1963 00:00;5.2;;
MUE;04.09.1963 00:00;7.4;;
MUE;05.09.1963 00:00;2.6;;
MUE;06.09.1963 00:00;20.3;;
MUE;07.09.1963 00:00;0;;
MUE;08.09.1963 00:00;0;;
MUE;09.09.1963 00:00;0;;
MUE;10.09.1963 00:00;0;;
MUE;11.09.1963 00:00;0;;
MUE;12.09.1963 00:00;0;;
MUE;13.09.1963 00:00;0;;
MUE;14.09.1963 00:00;0;;
MUE;15.09.1963 00:00;0;;
MUE;16.09.1963 00:00;0;;
MUE;17.09.1963 00:00;0;;
MUE;18.09.1963 00:00;7.4;;
MUE;19.09.1963 00:00;0;;
MUE;20.09.1963 00:00;6.2;;
MUE;21.09.1963 00:00;2.3;;
MUE;22.09.1963 00:00;0;;
MUE;23.09.1963 00:00;0;;
MUE;24.09.1963 00:00;10.6;;
MUE;25.09.1963 00:00;4.9;;
MUE;26.09.1963 00:00;0;;
MUE;27.09.1963 00:00;0.3;;
MUE;28.09.1963 00:00;0;;
MUE;29.09.1963 00:00;0;;
MUE;30.09.1963 00:00;0;;
MUE;01.10.1963 00:00;0;;
MUE;02.10.1963 00:00;18.2;;
MUE;03.10.1963 00:00;0;;
MUE;04.10.1963 00:00;6.1;;
MUE;05.10.1963 00:00;0;;
MUE;06.10.1963 00:00;16.2;;
MUE;07.10.1963 00:00;31.7;;
MUE;08.10.1963 00:00;0;;
MUE;09.10.1963 00:00;0;;
MUE;10.10.1963 00:00;0;;
MUE;11.10.1963 00:00;0;;
MUE;12.10.1963 00:00;0;;
MUE;13.10.1963 00:00;0;;
MUE;14.10.1963 00:00;0;;
MUE;15.10.1963 00:00;0;;
MUE;16.10.1963 00:00;0;;
MUE;17.10.1963 00:00;0;;
MUE;18.10.1963 00:00;0;;
MUE;19.10.1963 00:00;0;;
MUE;20.10.1963 00:00;0;;
MUE;21.10.1963 00:00;0;;
MUE;22.10.1963 00:00;0;;
MUE;23.10.1963 00:00;0;;
MUE;24.10.1963 00:00;0;;
MUE;25.10.1963 00:00;0;;
MUE;26.10.1963 00:00;0;;
MUE;27.10.1963 00:00;0;;
MUE;28.10.1963 00:00;0;;
MUE;29.10.1963 00:00;0;;
MUE;30.10.1963 00:00;0;;
MUE;31.10.1963 00:00;0;;
MUE;01.11.1963 00:00;0.2;;
MUE;02.11.1963 00:00;0;;
MUE;03.11.1963 00:00;0.1;;
MUE;04.11.1963 00:00;0;;
MUE;05.11.1963 00:00;15.4;;
MUE;06.11.1963 00:00;10.2;;
MUE;07.11.1963 00:00;0.8;;
MUE;08.11.1963 00:00;0;;
MUE;09.11.1963 00:00;0;;
MUE;10.11.1963 00:00;3.7;;
MUE;11.11.1963 00:00;0;;
MUE;12.11.1963 00:00;13.5;;
MUE;13.11.1963 00:00;0;;
MUE;14.11.1963 00:00;0.3;;
MUE;15.11.1963 00:00;15.4;;
MUE;16.11.1963 00:00;10.1;;
MUE;17.11.1963 00:00;0;;
MUE;18.11.1963 00:00;0;;
MUE;19.11.1963 00:00;0.7;;
MUE;20.11.1963 00:00;26.9;;
MUE;21.11.1963 00:00;0;;
MUE;22.11.1963 00:00;0;;
MUE;23.11.1963 00:00;0;;
MUE;24.11.1963 00:00;0;;
MUE;25.11.1963 00:00;8.4;;
MUE;26.11.1963 00:00;4;;
MUE;27.11.1963 00:00;9;;
MUE;28.11.1963 00:00;0;;
MUE;29.11.1963 00:00;0;;
MUE;30.11.1963 00:00;0;;
MUE;01.12.1963 00:00;0;;
MUE;02.12.1963 00:00;0;;
MUE;03.12.1963 00:00;0;;
MUE;04.12.1963 00:00;6.2;;
MUE;05.12.1963 00:00;0.6;;
MUE;06.12.1963 00:00;0;;
MUE;07.12.1963 00:00;0;;
MUE;08.12.1963 00:00;0;;
MUE;09.12.1963 00:00;0;;
MUE;10.12.1963 00:00;0;;
MUE;11.12.1963 00:00;0;;
MUE;12.12.1963 00:00;0;;
MUE;13.12.1963 00:00;4.2;;
MUE;14.12.1963 00:00;0.2;;
MUE;15.12.1963 00:00;0;;
MUE;16.12.1963 00:00;0;;
MUE;17.12.1963 00:00;0;;
MUE;18.12.1963 00:00;0;;
MUE;19.12.1963 00:00;0;;
MUE;20.12.1963 00:00;2;;
MUE;21.12.1963 00:00;0;;
MUE;22.12.1963 00:00;0;;
MUE;23.12.1963 00:00;0;;
MUE;24.12.1963 00:00;0;;
MUE;25.12.1963 00:00;0;;
MUE;26.12.1963 00:00;0;;
MUE;27.12.1963 00:00;0;;
MUE;28.12.1963 00:00;0;;
MUE;29.12.1963 00:00;0;;
MUE;30.12.1963 00:00;0;;
MUE;31.12.1963 00:00;0;;
MUE;01.01.1964 00:00;0;;
MUE;02.01.1964 00:00;0;;
MUE;03.01.1964 00:00;0;;
MUE;04.01.1964 00:00;0;;
MUE;05.01.1964 00:00;0;;
MUE;06.01.1964 00:00;0;;
MUE;07.01.1964 00:00;0;;
MUE;08.01.1964 00:00;0;;
MUE;09.01.1964 00:00;0;;
MUE;10.01.1964 00:00;1.4;;
MUE;11.01.1964 00:00;0;;
MUE;12.01.1964 00:00;0;;
MUE;13.01.1964 00:00;0;;
MUE;14.01.1964 00:00;1.9;;
MUE;15.01.1964 00:00;0;;
MUE;16.01.1964 00:00;0;;
MUE;17.01.1964 00:00;0;;
MUE;18.01.1964 00:00;0;;
MUE;19.01.1964 00:00;0;;
MUE;20.01.1964 00:00;0;;
MUE;21.01.1964 00:00;0;;
MUE;22.01.1964 00:00;0;;
MUE;23.01.1964 00:00;0;;
MUE;24.01.1964 00:00;0;;
MUE;25.01.1964 00:00;0;;
MUE;26.01.1964 00:00;0;;
MUE;27.01.1964 00:00;0;;
MUE;28.01.1964 00:00;0.3;;
MUE;29.01.1964 00:00;0;;
MUE;30.01.1964 00:00;10.6;;
MUE;31.01.1964 00:00;0.2;;
MUE;01.02.1964 00:00;0;;
MUE;02.02.1964 00:00;0;;
MUE;03.02.1964 00:00;0;;
MUE;04.02.1964 00:00;0;;
MUE;05.02.1964 00:00;1.6;;
MUE;06.02.1964 00:00;0;;
MUE;07.02.1964 00:00;0;;
MUE;08.02.1964 00:00;0;;
MUE;09.02.1964 00:00;0;;
MUE;10.02.1964 00:00;0;;
MUE;11.02.1964 00:00;1.4;;
MUE;12.02.1964 00:00;2.6;;
MUE;13.02.1964 00:00;0;;
MUE;14.02.1964 00:00;0;;
MUE;15.02.1964 00:00;0;;
MUE;16.02.1964 00:00;0;;
MUE;17.02.1964 00:00;4.2;;
MUE;18.02.1964 00:00;0;;
MUE;19.02.1964 00:00;2.1;;
MUE;20.02.1964 00:00;0;;
MUE;21.02.1964 00:00;0;;
MUE;22.02.1964 00:00;0;;
MUE;23.02.1964 00:00;0;;
MUE;24.02.1964 00:00;0;;
MUE;25.02.1964 00:00;0;;
MUE;26.02.1964 00:00;0;;
MUE;27.02.1964 00:00;22.4;;
MUE;28.02.1964 00:00;0;;
MUE;29.02.1964 00:00;18.5;;
MUE;01.03.1964 00:00;1.5;;
MUE;02.03.1964 00:00;0;;
MUE;03.03.1964 00:00;0;;
MUE;04.03.1964 00:00;7.4;;
MUE;05.03.1964 00:00;17.9;;
MUE;06.03.1964 00:00;2.1;;
MUE;07.03.1964 00:00;0;;
MUE;08.03.1964 00:00;0;;
MUE;09.03.1964 00:00;0;;
MUE;10.03.1964 00:00;0;;
MUE;11.03.1964 00:00;2.3;;
MUE;12.03.1964 00:00;0;;
MUE;13.03.1964 00:00;4.1;;
MUE;14.03.1964 00:00;0;;
MUE;15.03.1964 00:00;8.4;;
MUE;16.03.1964 00:00;2.7;;
MUE;17.03.1964 00:00;1.2;;
MUE;18.03.1964 00:00;3.8;;
MUE;19.03.1964 00:00;20.6;;
MUE;20.03.1964 00:00;2.5;;
MUE;21.03.1964 00:00;3.1;;
MUE;22.03.1964 00:00;2.4;;
MUE;23.03.1964 00:00;2.7;;
MUE;24.03.1964 00:00;0;;
MUE;25.03.1964 00:00;10.2;;
MUE;26.03.1964 00:00;28.4;;
MUE;27.03.1964 00:00;3.2;;
MUE;28.03.1964 00:00;2.3;;
MUE;29.03.1964 00:00;0;;
MUE;30.03.1964 00:00;0;;
MUE;31.03.1964 00:00;0;;
MUE;01.04.1964 00:00;0;;
MUE;02.04.1964 00:00;2;;
MUE;03.04.1964 00:00;0;;
MUE;04.04.1964 00:00;3.2;;
MUE;05.04.1964 00:00;2.6;;
MUE;06.04.1964 00:00;5.4;;
MUE;07.04.1964 00:00;4.2;;
MUE;08.04.1964 00:00;0;;
MUE;09.04.1964 00:00;0;;
MUE;10.04.1964 00:00;0;;
MUE;11.04.1964 00:00;0;;
MUE;12.04.1964 00:00;3.4;;
MUE;13.04.1964 00:00;3.7;;
MUE;14.04.1964 00:00;0.9;;
MUE;15.04.1964 00:00;0;;
MUE;16.04.1964 00:00;0;;
MUE;17.04.1964 00:00;0;;
MUE;18.04.1964 00:00;0;;
MUE;19.04.1964 00:00;8.4;;
MUE;20.04.1964 00:00;9.4;;
MUE;21.04.1964 00:00;14.8;;
MUE;22.04.1964 00:00;24.2;;
MUE;23.04.1964 00:00;11.1;;
MUE;24.04.1964 00:00;9.2;;
MUE;25.04.1964 00:00;0;;
MUE;26.04.1964 00:00;0;;
MUE;27.04.1964 00:00;0;;
MUE;28.04.1964 00:00;12.1;;
MUE;29.04.1964 00:00;4.5;;
MUE;30.04.1964 00:00;5.6;;
MUE;01.05.1964 00:00;0;;
MUE;02.05.1964 00:00;0;;
MUE;03.05.1964 00:00;8.4;;
MUE;04.05.1964 00:00;20.2;;
MUE;05.05.1964 00:00;2.4;;
MUE;06.05.1964 00:00;0;;
MUE;07.05.1964 00:00;0;;
MUE;08.05.1964 00:00;12.8;;
MUE;09.05.1964 00:00;15.3;;
MUE;10.05.1964 00:00;0;;
MUE;11.05.1964 00:00;0;;
MUE;12.05.1964 00:00;0;;
MUE;13.05.1964 00:00;2.4;;
MUE;14.05.1964 00:00;14.2;;
MUE;15.05.1964 00:00;0;;
MUE;16.05.1964 00:00;0;;
MUE;17.05.1964 00:00;0;;
MUE;18.05.1964 00:00;10.9;;
MUE;19.05.1964 00:00;23.5;;
MUE;20.05.1964 00:00;16.4;;
MUE;21.05.1964 00:00;0;;
MUE;22.05.1964 00:00;0;;
MUE;23.05.1964 00:00;0;;
MUE;24.05.1964 00:00;0;;
MUE;25.05.1964 00:00;24.3;;
MUE;26.05.1964 00:00;0;;
MUE;27.05.1964 00:00;3.4;;
MUE;28.05.1964 00:00;3.8;;
MUE;29.05.1964 00:00;0;;
MUE;30.05.1964 00:00;0;;
MUE;31.05.1964 00:00;3.6;;
MUE;01.06.1964 00:00;4.2;;
MUE;02.06.1964 00:00;7.3;;
MUE;03.06.1964 00:00;0;;
MUE;04.06.1964 00:00;0;;
MUE;05.06.1964 00:00;0;;
MUE;06.06.1964 00:00;5.6;;
MUE;07.06.1964 00:00;7.2;;
MUE;08.06.1964 00:00;0;;
MUE;09.06.1964 00:00;0;;
MUE;10.06.1964 00:00;0;;
MUE;11.06.1964 00:00;0;;
MUE;12.06.1964 00:00;0;;
MUE;13.06.1964 00:00;0;;
MUE;14.06.1964 00:00;44.3;;
MUE;15.06.1964 00:00;20.3;;
MUE;16.06.1964 00:00;0;;
MUE;17.06.1964 00:00;0;;
MUE;18.06.1964 00:00;6.7;;
MUE;19.06.1964 00:00;6.3;;
MUE;20.06.1964 00:00;7.4;;
MUE;21.06.1964 00:00;0;;
MUE;22.06.1964 00:00;0;;
MUE;23.06.1964 00:00;0;;
MUE;24.06.1964 00:00;0;;
MUE;25.06.1964 00:00;13.8;;
MUE;26.06.1964 00:00;0;;
MUE;27.06.1964 00:00;7.4;;
MUE;28.06.1964 00:00;0;;
MUE;29.06.1964 00:00;2;;
MUE;30.06.1964 00:00;0;;
MUE;01.07.1964 00:00;0;;
MUE;02.07.1964 00:00;0;;
MUE;03.07.1964 00:00;0;;
MUE;04.07.1964 00:00;9.5;;
MUE;05.07.1964 00:00;8.7;;
MUE;06.07.1964 00:00;0;;
MUE;07.07.1964 00:00;0;;
MUE;08.07.1964 00:00;0;;
MUE;09.07.1964 00:00;3.8;;
MUE;10.07.1964 00:00;4.3;;
MUE;11.07.1964 00:00;2.9;;
MUE;12.07.1964 00:00;0;;
MUE;13.07.1964 00:00;2.4;;
MUE;14.07.1964 00:00;0;;
MUE;15.07.1964 00:00;0;;
MUE;16.07.1964 00:00;0;;
MUE;17.07.1964 00:00;0;;
MUE;18.07.1964 00:00;0;;
MUE;19.07.1964 00:00;5.8;;
MUE;20.07.1964 00:00;5.1;;
MUE;21.07.1964 00:00;5.6;;
MUE;22.07.1964 00:00;15.8;;
MUE;23.07.1964 00:00;4.9;;
MUE;24.07.1964 00:00;0;;
MUE;25.07.1964 00:00;0;;
MUE;26.07.1964 00:00;0;;
MUE;27.07.1964 00:00;11.2;;
MUE;28.07.1964 00:00;3.9;;
MUE;29.07.1964 00:00;0;;
MUE;30.07.1964 00:00;0;;
MUE;31.07.1964 00:00;7.6;;
MUE;01.08.1964 00:00;0;;
MUE;02.08.1964 00:00;6.9;;
MUE;03.08.1964 00:00;0.2;;
MUE;04.08.1964 00:00;0;;
MUE;05.08.1964 00:00;0;;
MUE;06.08.1964 00:00;0;;
MUE;07.08.1964 00:00;12.2;;
MUE;08.08.1964 00:00;7.3;;
MUE;09.08.1964 00:00;20.9;;
MUE;10.08.1964 00:00;13.1;;
MUE;11.08.1964 00:00;29.5;;
MUE;12.08.1964 00:00;4.3;;
MUE;13.08.1964 00:00;4.5;;
MUE;14.08.1964 00:00;0;;
MUE;15.08.1964 00:00;1.1;;
MUE;16.08.1964 00:00;0;;
MUE;17.08.1964 00:00;0;;
MUE;18.08.1964 00:00;11.1;;
MUE;19.08.1964 00:00;0;;
MUE;20.08.1964 00:00;0;;
MUE;21.08.1964 00:00;3.4;;
MUE;22.08.1964 00:00;11.9;;
MUE;23.08.1964 00:00;0;;
MUE;24.08.1964 00:00;0;;
MUE;25.08.1964 00:00;0;;
MUE;26.08.1964 00:00;0;;
MUE;27.08.1964 00:00;0;;
MUE;28.08.1964 00:00;0;;
MUE;29.08.1964 00:00;31.5;;
MUE;30.08.1964 00:00;0.3;;
MUE;31.08.1964 00:00;0;;
MUE;01.09.1964 00:00;0;;
MUE;02.09.1964 00:00;0;;
MUE;03.09.1964 00:00;0;;
MUE;04.09.1964 00:00;0;;
MUE;05.09.1964 00:00;2.7;;
MUE;06.09.1964 00:00;24.7;;
MUE;07.09.1964 00:00;2.6;;
MUE;08.09.1964 00:00;0;;
MUE;09.09.1964 00:00;0;;
MUE;10.09.1964 00:00;0;;
MUE;11.09.1964 00:00;0;;
MUE;12.09.1964 00:00;4.5;;
MUE;13.09.1964 00:00;0.5;;
MUE;14.09.1964 00:00;0;;
MUE;15.09.1964 00:00;0.1;;
MUE;16.09.1964 00:00;28.2;;
MUE;17.09.1964 00:00;0;;
MUE;18.09.1964 00:00;0;;
MUE;19.09.1964 00:00;0;;
MUE;20.09.1964 00:00;23.6;;
MUE;21.09.1964 00:00;8.1;;
MUE;22.09.1964 00:00;0;;
MUE;23.09.1964 00:00;0;;
MUE;24.09.1964 00:00;0;;
MUE;25.09.1964 00:00;0;;
MUE;26.09.1964 00:00;0;;
MUE;27.09.1964 00:00;6.3;;
MUE;28.09.1964 00:00;0;;
MUE;29.09.1964 00:00;0;;
MUE;30.09.1964 00:00;1.2;;
MUE;01.10.1964 00:00;0;;
MUE;02.10.1964 00:00;0.2;;
MUE;03.10.1964 00:00;0.1;;
MUE;04.10.1964 00:00;0;;
MUE;05.10.1964 00:00;0.1;;
MUE;06.10.1964 00:00;0.1;;
MUE;07.10.1964 00:00;8.6;;
MUE;08.10.1964 00:00;30.3;;
MUE;09.10.1964 00:00;0;;
MUE;10.10.1964 00:00;6.9;;
MUE;11.10.1964 00:00;18.5;;
MUE;12.10.1964 00:00;0.2;;
MUE;13.10.1964 00:00;0;;
MUE;14.10.1964 00:00;0;;
MUE;15.10.1964 00:00;3.9;;
MUE;16.10.1964 00:00;0;;
MUE;17.10.1964 00:00;11.9;;
MUE;18.10.1964 00:00;4.2;;
MUE;19.10.1964 00:00;0;;
MUE;20.10.1964 00:00;0;;
MUE;21.10.1964 00:00;0;;
MUE;22.10.1964 00:00;0;;
MUE;23.10.1964 00:00;9.9;;
MUE;24.10.1964 00:00;3;;
MUE;25.10.1964 00:00;0;;
MUE;26.10.1964 00:00;0;;
MUE;27.10.1964 00:00;0;;
MUE;28.10.1964 00:00;0;;
MUE;29.10.1964 00:00;0;;
MUE;30.10.1964 00:00;0;;
MUE;31.10.1964 00:00;0;;
MUE;01.11.1964 00:00;0;;
MUE;02.11.1964 00:00;0.3;;
MUE;03.11.1964 00:00;1.4;;
MUE;04.11.1964 00:00;0;;
MUE;05.11.1964 00:00;0;;
MUE;06.11.1964 00:00;0;;
MUE;07.11.1964 00:00;0;;
MUE;08.11.1964 00:00;0;;
MUE;09.11.1964 00:00;0;;
MUE;10.11.1964 00:00;0;;
MUE;11.11.1964 00:00;0;;
MUE;12.11.1964 00:00;7.9;;
MUE;13.11.1964 00:00;13.1;;
MUE;14.11.1964 00:00;3.9;;
MUE;15.11.1964 00:00;0.6;;
MUE;16.11.1964 00:00;34.5;;
MUE;17.11.1964 00:00;18.3;;
MUE;18.11.1964 00:00;19.9;;
MUE;19.11.1964 00:00;0;;
MUE;20.11.1964 00:00;0;;
MUE;21.11.1964 00:00;0;;
MUE;22.11.1964 00:00;0;;
MUE;23.11.1964 00:00;0;;
MUE;24.11.1964 00:00;0;;
MUE;25.11.1964 00:00;0;;
MUE;26.11.1964 00:00;0;;
MUE;27.11.1964 00:00;0;;
MUE;28.11.1964 00:00;11.8;;
MUE;29.11.1964 00:00;22.9;;
MUE;30.11.1964 00:00;0;;
MUE;01.12.1964 00:00;0;;
MUE;02.12.1964 00:00;0;;
MUE;03.12.1964 00:00;15.6;;
MUE;04.12.1964 00:00;10.4;;
MUE;05.12.1964 00:00;6.9;;
MUE;06.12.1964 00:00;14.7;;
MUE;07.12.1964 00:00;0;;
MUE;08.12.1964 00:00;0;;
MUE;09.12.1964 00:00;0;;
MUE;10.12.1964 00:00;0;;
MUE;11.12.1964 00:00;0;;
MUE;12.12.1964 00:00;0;;
MUE;13.12.1964 00:00;0;;
MUE;14.12.1964 00:00;0;;
MUE;15.12.1964 00:00;0;;
MUE;16.12.1964 00:00;0;;
MUE;17.12.1964 00:00;0;;
MUE;18.12.1964 00:00;0;;
MUE;19.12.1964 00:00;0.4;;
MUE;20.12.1964 00:00;1.7;;
MUE;21.12.1964 00:00;2.4;;
MUE;22.12.1964 00:00;0;;
MUE;23.12.1964 00:00;0;;
MUE;24.12.1964 00:00;0;;
MUE;25.12.1964 00:00;3.3;;
MUE;26.12.1964 00:00;7.5;;
MUE;27.12.1964 00:00;0;;
MUE;28.12.1964 00:00;2.1;;
MUE;29.12.1964 00:00;0.3;;
MUE;30.12.1964 00:00;0;;
MUE;31.12.1964 00:00;0;;
MUE;01.01.1965 00:00;3.1;;
MUE;02.01.1965 00:00;5.3;;
MUE;03.01.1965 00:00;5.8;;
MUE;04.01.1965 00:00;0.7;;
MUE;05.01.1965 00:00;0;;
MUE;06.01.1965 00:00;0;;
MUE;07.01.1965 00:00;0.6;;
MUE;08.01.1965 00:00;3.1;;
MUE;09.01.1965 00:00;0.4;;
MUE;10.01.1965 00:00;0;;
MUE;11.01.1965 00:00;0;;
MUE;12.01.1965 00:00;0;;
MUE;13.01.1965 00:00;0.4;;
MUE;14.01.1965 00:00;1.4;;
MUE;15.01.1965 00:00;3.3;;
MUE;16.01.1965 00:00;7.8;;
MUE;17.01.1965 00:00;10.8;;
MUE;18.01.1965 00:00;2.8;;
MUE;19.01.1965 00:00;6.8;;
MUE;20.01.1965 00:00;0.3;;
MUE;21.01.1965 00:00;0;;
MUE;22.01.1965 00:00;4.8;;
MUE;23.01.1965 00:00;2.5;;
MUE;24.01.1965 00:00;0;;
MUE;25.01.1965 00:00;0;;
MUE;26.01.1965 00:00;0;;
MUE;27.01.1965 00:00;0.2;;
MUE;28.01.1965 00:00;0;;
MUE;29.01.1965 00:00;0.1;;
MUE;30.01.1965 00:00;0;;
MUE;31.01.1965 00:00;11.3;;
MUE;01.02.1965 00:00;1.5;;
MUE;02.02.1965 00:00;0;;
MUE;03.02.1965 00:00;0;;
MUE;04.02.1965 00:00;0;;
MUE;05.02.1965 00:00;6.4;;
MUE;06.02.1965 00:00;1.4;;
MUE;07.02.1965 00:00;1.1;;
MUE;08.02.1965 00:00;4.6;;
MUE;09.02.1965 00:00;0;;
MUE;10.02.1965 00:00;0;;
MUE;11.02.1965 00:00;0;;
MUE;12.02.1965 00:00;0;;
MUE;13.02.1965 00:00;3.2;;
MUE;14.02.1965 00:00;9.9;;
MUE;15.02.1965 00:00;8;;
MUE;16.02.1965 00:00;1.1;;
MUE;17.02.1965 00:00;0.7;;
MUE;18.02.1965 00:00;0;;
MUE;19.02.1965 00:00;0;;
MUE;20.02.1965 00:00;0;;
MUE;21.02.1965 00:00;0;;
MUE;22.02.1965 00:00;0;;
MUE;23.02.1965 00:00;0;;
MUE;24.02.1965 00:00;0;;
MUE;25.02.1965 00:00;0;;
MUE;26.02.1965 00:00;0;;
MUE;27.02.1965 00:00;0;;
MUE;28.02.1965 00:00;0;;
MUE;01.03.1965 00:00;0;;
MUE;02.03.1965 00:00;14.3;;
MUE;03.03.1965 00:00;0.8;;
MUE;04.03.1965 00:00;0;;
MUE;05.03.1965 00:00;0;;
MUE;06.03.1965 00:00;7.2;;
MUE;07.03.1965 00:00;0;;
MUE;08.03.1965 00:00;0;;
MUE;09.03.1965 00:00;0;;
MUE;10.03.1965 00:00;0;;
MUE;11.03.1965 00:00;0;;
MUE;12.03.1965 00:00;0;;
MUE;13.03.1965 00:00;0;;
MUE;14.03.1965 00:00;0;;
MUE;15.03.1965 00:00;0;;
MUE;16.03.1965 00:00;8.7;;
MUE;17.03.1965 00:00;0;;
MUE;18.03.1965 00:00;5.6;;
MUE;19.03.1965 00:00;3.9;;
MUE;20.03.1965 00:00;1.7;;
MUE;21.03.1965 00:00;15.1;;
MUE;22.03.1965 00:00;0;;
MUE;23.03.1965 00:00;12.5;;
MUE;24.03.1965 00:00;11.9;;
MUE;25.03.1965 00:00;6.9;;
MUE;26.03.1965 00:00;19.3;;
MUE;27.03.1965 00:00;3.5;;
MUE;28.03.1965 00:00;0;;
MUE;29.03.1965 00:00;0;;
MUE;30.03.1965 00:00;0;;
MUE;31.03.1965 00:00;0;;
MUE;01.04.1965 00:00;0;;
MUE;02.04.1965 00:00;0;;
MUE;03.04.1965 00:00;0;;
MUE;04.04.1965 00:00;0;;
MUE;05.04.1965 00:00;0;;
MUE;06.04.1965 00:00;5.3;;
MUE;07.04.1965 00:00;11.2;;
MUE;08.04.1965 00:00;8.7;;
MUE;09.04.1965 00:00;5.9;;
MUE;10.04.1965 00:00;0.8;;
MUE;11.04.1965 00:00;8.6;;
MUE;12.04.1965 00:00;0.9;;
MUE;13.04.1965 00:00;4.9;;
MUE;14.04.1965 00:00;0;;
MUE;15.04.1965 00:00;20.8;;
MUE;16.04.1965 00:00;27;;
MUE;17.04.1965 00:00;1.9;;
MUE;18.04.1965 00:00;10.8;;
MUE;19.04.1965 00:00;11.1;;
MUE;20.04.1965 00:00;10.7;;
MUE;21.04.1965 00:00;3.4;;
MUE;22.04.1965 00:00;2.2;;
MUE;23.04.1965 00:00;4.2;;
MUE;24.04.1965 00:00;2.7;;
MUE;25.04.1965 00:00;1.5;;
MUE;26.04.1965 00:00;8.5;;
MUE;27.04.1965 00:00;1.3;;
MUE;28.04.1965 00:00;2.3;;
MUE;29.04.1965 00:00;0.2;;
MUE;30.04.1965 00:00;0;;
MUE;01.05.1965 00:00;0;;
MUE;02.05.1965 00:00;0;;
MUE;03.05.1965 00:00;1.8;;
MUE;04.05.1965 00:00;20.9;;
MUE;05.05.1965 00:00;23.8;;
MUE;06.05.1965 00:00;7.4;;
MUE;07.05.1965 00:00;0.8;;
MUE;08.05.1965 00:00;0;;
MUE;09.05.1965 00:00;0.5;;
MUE;10.05.1965 00:00;1;;
MUE;11.05.1965 00:00;0;;
MUE;12.05.1965 00:00;0;;
MUE;13.05.1965 00:00;0;;
MUE;14.05.1965 00:00;0;;
MUE;15.05.1965 00:00;2.7;;
MUE;16.05.1965 00:00;1.8;;
MUE;17.05.1965 00:00;2.1;;
MUE;18.05.1965 00:00;31.5;;
MUE;19.05.1965 00:00;17.4;;
MUE;20.05.1965 00:00;1.7;;
MUE;21.05.1965 00:00;0;;
MUE;22.05.1965 00:00;0;;
MUE;23.05.1965 00:00;1.8;;
MUE;24.05.1965 00:00;2.3;;
MUE;25.05.1965 00:00;7.4;;
MUE;26.05.1965 00:00;5.8;;
MUE;27.05.1965 00:00;8.9;;
MUE;28.05.1965 00:00;2.6;;
MUE;29.05.1965 00:00;5.6;;
MUE;30.05.1965 00:00;8.4;;
MUE;31.05.1965 00:00;16.8;;
MUE;01.06.1965 00:00;1.1;;
MUE;02.06.1965 00:00;3.9;;
MUE;03.06.1965 00:00;1.5;;
MUE;04.06.1965 00:00;8.4;;
MUE;05.06.1965 00:00;14.2;;
MUE;06.06.1965 00:00;5.9;;
MUE;07.06.1965 00:00;4.8;;
MUE;08.06.1965 00:00;24.2;;
MUE;09.06.1965 00:00;12.8;;
MUE;10.06.1965 00:00;29.3;;
MUE;11.06.1965 00:00;0;;
MUE;12.06.1965 00:00;0;;
MUE;13.06.1965 00:00;0.9;;
MUE;14.06.1965 00:00;1.2;;
MUE;15.06.1965 00:00;0.1;;
MUE;16.06.1965 00:00;9.7;;
MUE;17.06.1965 00:00;2.3;;
MUE;18.06.1965 00:00;0;;
MUE;19.06.1965 00:00;0.8;;
MUE;20.06.1965 00:00;2.8;;
MUE;21.06.1965 00:00;0.3;;
MUE;22.06.1965 00:00;1;;
MUE;23.06.1965 00:00;0;;
MUE;24.06.1965 00:00;0;;
MUE;25.06.1965 00:00;0.9;;
MUE;26.06.1965 00:00;0.8;;
MUE;27.06.1965 00:00;5.6;;
MUE;28.06.1965 00:00;0;;
MUE;29.06.1965 00:00;0;;
MUE;30.06.1965 00:00;9.2;;
MUE;01.07.1965 00:00;11.6;;
MUE;02.07.1965 00:00;0.2;;
MUE;03.07.1965 00:00;5.1;;
MUE;04.07.1965 00:00;33.8;;
MUE;05.07.1965 00:00;5.8;;
MUE;06.07.1965 00:00;0;;
MUE;07.07.1965 00:00;32.3;;
MUE;08.07.1965 00:00;8.8;;
MUE;09.07.1965 00:00;3.7;;
MUE;10.07.1965 00:00;0;;
MUE;11.07.1965 00:00;0;;
MUE;12.07.1965 00:00;0;;
MUE;13.07.1965 00:00;0;;
MUE;14.07.1965 00:00;3.7;;
MUE;15.07.1965 00:00;23;;
MUE;16.07.1965 00:00;7.3;;
MUE;17.07.1965 00:00;1.4;;
MUE;18.07.1965 00:00;0.1;;
MUE;19.07.1965 00:00;0.7;;
MUE;20.07.1965 00:00;14.9;;
MUE;21.07.1965 00:00;0.4;;
MUE;22.07.1965 00:00;16.5;;
MUE;23.07.1965 00:00;7.1;;
MUE;24.07.1965 00:00;24.7;;
MUE;25.07.1965 00:00;16;;
MUE;26.07.1965 00:00;6.6;;
MUE;27.07.1965 00:00;0.1;;
MUE;28.07.1965 00:00;0;;
MUE;29.07.1965 00:00;1.6;;
MUE;30.07.1965 00:00;10.6;;
MUE;31.07.1965 00:00;0;;
MUE;01.08.1965 00:00;15.2;;
MUE;02.08.1965 00:00;5;;
MUE;03.08.1965 00:00;2.4;;
MUE;04.08.1965 00:00;0;;
MUE;05.08.1965 00:00;0;;
MUE;06.08.1965 00:00;0;;
MUE;07.08.1965 00:00;0;;
MUE;08.08.1965 00:00;16.7;;
MUE;09.08.1965 00:00;0.6;;
MUE;10.08.1965 00:00;13.3;;
MUE;11.08.1965 00:00;0;;
MUE;12.08.1965 00:00;0;;
MUE;13.08.1965 00:00;31;;
MUE;14.08.1965 00:00;16.1;;
MUE;15.08.1965 00:00;0;;
MUE;16.08.1965 00:00;14.3;;
MUE;17.08.1965 00:00;6.6;;
MUE;18.08.1965 00:00;0.2;;
MUE;19.08.1965 00:00;0;;
MUE;20.08.1965 00:00;5.5;;
MUE;21.08.1965 00:00;10.6;;
MUE;22.08.1965 00:00;58;;
MUE;23.08.1965 00:00;15.2;;
MUE;24.08.1965 00:00;8;;
MUE;25.08.1965 00:00;3;;
MUE;26.08.1965 00:00;0.7;;
MUE;27.08.1965 00:00;12.6;;
MUE;28.08.1965 00:00;0.5;;
MUE;29.08.1965 00:00;1.4;;
MUE;30.08.1965 00:00;0;;
MUE;31.08.1965 00:00;9.3;;
MUE;01.09.1965 00:00;22.4;;
MUE;02.09.1965 00:00;60.6;;
MUE;03.09.1965 00:00;0;;
MUE;04.09.1965 00:00;0;;
MUE;05.09.1965 00:00;10.6;;
MUE;06.09.1965 00:00;1.6;;
MUE;07.09.1965 00:00;0;;
MUE;08.09.1965 00:00;0;;
MUE;09.09.1965 00:00;11.8;;
MUE;10.09.1965 00:00;20.8;;
MUE;11.09.1965 00:00;1.8;;
MUE;12.09.1965 00:00;4;;
MUE;13.09.1965 00:00;7.4;;
MUE;14.09.1965 00:00;0.1;;
MUE;15.09.1965 00:00;0;;
MUE;16.09.1965 00:00;0;;
MUE;17.09.1965 00:00;0;;
MUE;18.09.1965 00:00;22;;
MUE;19.09.1965 00:00;0;;
MUE;20.09.1965 00:00;0;;
MUE;21.09.1965 00:00;0;;
MUE;22.09.1965 00:00;0;;
MUE;23.09.1965 00:00;0;;
MUE;24.09.1965 00:00;0;;
MUE;25.09.1965 00:00;1.1;;
MUE;26.09.1965 00:00;29.2;;
MUE;27.09.1965 00:00;1;;
MUE;28.09.1965 00:00;15.6;;
MUE;29.09.1965 00:00;0;;
MUE;30.09.1965 00:00;0.2;;
MUE;01.10.1965 00:00;0;;
MUE;02.10.1965 00:00;0;;
MUE;03.10.1965 00:00;0;;
MUE;04.10.1965 00:00;0;;
MUE;05.10.1965 00:00;0;;
MUE;06.10.1965 00:00;0;;
MUE;07.10.1965 00:00;0;;
MUE;08.10.1965 00:00;0;;
MUE;09.10.1965 00:00;0;;
MUE;10.10.1965 00:00;0;;
MUE;11.10.1965 00:00;0;;
MUE;12.10.1965 00:00;0;;
MUE;13.10.1965 00:00;0;;
MUE;14.10.1965 00:00;0;;
MUE;15.10.1965 00:00;0;;
MUE;16.10.1965 00:00;7.4;;
MUE;17.10.1965 00:00;0;;
MUE;18.10.1965 00:00;0;;
MUE;19.10.1965 00:00;0;;
MUE;20.10.1965 00:00;0;;
MUE;21.10.1965 00:00;0;;
MUE;22.10.1965 00:00;0;;
MUE;23.10.1965 00:00;0;;
MUE;24.10.1965 00:00;0;;
MUE;25.10.1965 00:00;0;;
MUE;26.10.1965 00:00;0;;
MUE;27.10.1965 00:00;0;;
MUE;28.10.1965 00:00;0;;
MUE;29.10.1965 00:00;5.5;;
MUE;30.10.1965 00:00;0;;
MUE;31.10.1965 00:00;0;;
MUE;01.11.1965 00:00;0.3;;
MUE;02.11.1965 00:00;0;;
MUE;03.11.1965 00:00;0.5;;
MUE;04.11.1965 00:00;3.2;;
MUE;05.11.1965 00:00;1.1;;
MUE;06.11.1965 00:00;0;;
MUE;07.11.1965 00:00;0.2;;
MUE;08.11.1965 00:00;0;;
MUE;09.11.1965 00:00;5;;
MUE;10.11.1965 00:00;8.8;;
MUE;11.11.1965 00:00;0;;
MUE;12.11.1965 00:00;4.1;;
MUE;13.11.1965 00:00;14.7;;
MUE;14.11.1965 00:00;3.8;;
MUE;15.11.1965 00:00;2.7;;
MUE;16.11.1965 00:00;0;;
MUE;17.11.1965 00:00;6.9;;
MUE;18.11.1965 00:00;0;;
MUE;19.11.1965 00:00;5.4;;
MUE;20.11.1965 00:00;9.5;;
MUE;21.11.1965 00:00;7.2;;
MUE;22.11.1965 00:00;8.1;;
MUE;23.11.1965 00:00;2.1;;
MUE;24.11.1965 00:00;16.8;;
MUE;25.11.1965 00:00;0.2;;
MUE;26.11.1965 00:00;5.3;;
MUE;27.11.1965 00:00;17.5;;
MUE;28.11.1965 00:00;7.1;;
MUE;29.11.1965 00:00;3.3;;
MUE;30.11.1965 00:00;1.2;;
MUE;01.12.1965 00:00;0.6;;
MUE;02.12.1965 00:00;8.1;;
MUE;03.12.1965 00:00;5.7;;
MUE;04.12.1965 00:00;11.9;;
MUE;05.12.1965 00:00;8.4;;
MUE;06.12.1965 00:00;6.8;;
MUE;07.12.1965 00:00;19.8;;
MUE;08.12.1965 00:00;0.4;;
MUE;09.12.1965 00:00;0.8;;
MUE;10.12.1965 00:00;18.9;;
MUE;11.12.1965 00:00;10.7;;
MUE;12.12.1965 00:00;30.9;;
MUE;13.12.1965 00:00;0.1;;
MUE;14.12.1965 00:00;0;;
MUE;15.12.1965 00:00;0;;
MUE;16.12.1965 00:00;0.7;;
MUE;17.12.1965 00:00;13.1;;
MUE;18.12.1965 00:00;0;;
MUE;19.12.1965 00:00;0;;
MUE;20.12.1965 00:00;0;;
MUE;21.12.1965 00:00;7;;
MUE;22.12.1965 00:00;0;;
MUE;23.12.1965 00:00;8.4;;
MUE;24.12.1965 00:00;1.2;;
MUE;25.12.1965 00:00;1.3;;
MUE;26.12.1965 00:00;0.6;;
MUE;27.12.1965 00:00;17.4;;
MUE;28.12.1965 00:00;1.9;;
MUE;29.12.1965 00:00;0;;
MUE;30.12.1965 00:00;5.5;;
MUE;31.12.1965 00:00;16.4;;
MUE;01.01.1966 00:00;2.6;;
MUE;02.01.1966 00:00;10.5;;
MUE;03.01.1966 00:00;12.3;;
MUE;04.01.1966 00:00;2;;
MUE;05.01.1966 00:00;0;;
MUE;06.01.1966 00:00;0;;
MUE;07.01.1966 00:00;0;;
MUE;08.01.1966 00:00;0;;
MUE;09.01.1966 00:00;0;;
MUE;10.01.1966 00:00;0.5;;
MUE;11.01.1966 00:00;2.3;;
MUE;12.01.1966 00:00;6.2;;
MUE;13.01.1966 00:00;0;;
MUE;14.01.1966 00:00;0;;
MUE;15.01.1966 00:00;0;;
MUE;16.01.1966 00:00;0;;
MUE;17.01.1966 00:00;0;;
MUE;18.01.1966 00:00;0;;
MUE;19.01.1966 00:00;0;;
MUE;20.01.1966 00:00;0;;
MUE;21.01.1966 00:00;0;;
MUE;22.01.1966 00:00;0.3;;
MUE;23.01.1966 00:00;10.1;;
MUE;24.01.1966 00:00;0;;
MUE;25.01.1966 00:00;2.4;;
MUE;26.01.1966 00:00;1.5;;
MUE;27.01.1966 00:00;0.9;;
MUE;28.01.1966 00:00;0;;
MUE;29.01.1966 00:00;0;;
MUE;30.01.1966 00:00;0;;
MUE;31.01.1966 00:00;0;;
MUE;01.02.1966 00:00;0;;
MUE;02.02.1966 00:00;0;;
MUE;03.02.1966 00:00;11.5;;
MUE;04.02.1966 00:00;0;;
MUE;05.02.1966 00:00;0;;
MUE;06.02.1966 00:00;1.2;;
MUE;07.02.1966 00:00;12.8;;
MUE;08.02.1966 00:00;30.2;;
MUE;09.02.1966 00:00;14.1;;
MUE;10.02.1966 00:00;0;;
MUE;11.02.1966 00:00;13.6;;
MUE;12.02.1966 00:00;1.7;;
MUE;13.02.1966 00:00;7.4;;
MUE;14.02.1966 00:00;1.1;;
MUE;15.02.1966 00:00;0;;
MUE;16.02.1966 00:00;0;;
MUE;17.02.1966 00:00;0.6;;
MUE;18.02.1966 00:00;0;;
MUE;19.02.1966 00:00;0;;
MUE;20.02.1966 00:00;0;;
MUE;21.02.1966 00:00;19.4;;
MUE;22.02.1966 00:00;5.9;;
MUE;23.02.1966 00:00;3.9;;
MUE;24.02.1966 00:00;0;;
MUE;25.02.1966 00:00;0;;
MUE;26.02.1966 00:00;1.1;;
MUE;27.02.1966 00:00;0;;
MUE;28.02.1966 00:00;7;;
MUE;01.03.1966 00:00;2.7;;
MUE;02.03.1966 00:00;0;;
MUE;03.03.1966 00:00;0;;
MUE;04.03.1966 00:00;3.9;;
MUE;05.03.1966 00:00;1.7;;
MUE;06.03.1966 00:00;0;;
MUE;07.03.1966 00:00;0;;
MUE;08.03.1966 00:00;0;;
MUE;09.03.1966 00:00;5;;
MUE;10.03.1966 00:00;3.9;;
MUE;11.03.1966 00:00;13.3;;
MUE;12.03.1966 00:00;21.5;;
MUE;13.03.1966 00:00;9.2;;
MUE;14.03.1966 00:00;1.8;;
MUE;15.03.1966 00:00;15.8;;
MUE;16.03.1966 00:00;0;;
MUE;17.03.1966 00:00;0;;
MUE;18.03.1966 00:00;9.8;;
MUE;19.03.1966 00:00;0.4;;
MUE;20.03.1966 00:00;0;;
MUE;21.03.1966 00:00;0;;
MUE;22.03.1966 00:00;0;;
MUE;23.03.1966 00:00;0;;
MUE;24.03.1966 00:00;1.4;;
MUE;25.03.1966 00:00;3.4;;
MUE;26.03.1966 00:00;2.7;;
MUE;27.03.1966 00:00;12.5;;
MUE;28.03.1966 00:00;9.5;;
MUE;29.03.1966 00:00;6.3;;
MUE;30.03.1966 00:00;0;;
MUE;31.03.1966 00:00;0;;
MUE;01.04.1966 00:00;0;;
MUE;02.04.1966 00:00;0;;
MUE;03.04.1966 00:00;1.1;;
MUE;04.04.1966 00:00;0;;
MUE;05.04.1966 00:00;0;;
MUE;06.04.1966 00:00;0;;
MUE;07.04.1966 00:00;0.6;;
MUE;08.04.1966 00:00;1;;
MUE;09.04.1966 00:00;9.5;;
MUE;10.04.1966 00:00;0.1;;
MUE;11.04.1966 00:00;1.2;;
MUE;12.04.1966 00:00;0;;
MUE;13.04.1966 00:00;0.7;;
MUE;14.04.1966 00:00;5.9;;
MUE;15.04.1966 00:00;0.4;;
MUE;16.04.1966 00:00;3.3;;
MUE;17.04.1966 00:00;0;;
MUE;18.04.1966 00:00;0;;
MUE;19.04.1966 00:00;10;;
MUE;20.04.1966 00:00;30.1;;
MUE;21.04.1966 00:00;9.4;;
MUE;22.04.1966 00:00;0;;
MUE;23.04.1966 00:00;0;;
MUE;24.04.1966 00:00;17.1;;
MUE;25.04.1966 00:00;10.3;;
MUE;26.04.1966 00:00;0;;
MUE;27.04.1966 00:00;0.4;;
MUE;28.04.1966 00:00;4.1;;
MUE;29.04.1966 00:00;0;;
MUE;30.04.1966 00:00;0;;
MUE;01.05.1966 00:00;0;;
MUE;02.05.1966 00:00;0;;
MUE;03.05.1966 00:00;0;;
MUE;04.05.1966 00:00;0;;
MUE;05.05.1966 00:00;2.8;;
MUE;06.05.1966 00:00;30.5;;
MUE;07.05.1966 00:00;10.9;;
MUE;08.05.1966 00:00;0.9;;
MUE;09.05.1966 00:00;10.1;;
MUE;10.05.1966 00:00;3.6;;
MUE;11.05.1966 00:00;0;;
MUE;12.05.1966 00:00;0;;
MUE;13.05.1966 00:00;0;;
MUE;14.05.1966 00:00;0;;
MUE;15.05.1966 00:00;0;;
MUE;16.05.1966 00:00;0.8;;
MUE;17.05.1966 00:00;1;;
MUE;18.05.1966 00:00;18.1;;
MUE;19.05.1966 00:00;2.7;;
MUE;20.05.1966 00:00;1.9;;
MUE;21.05.1966 00:00;0.4;;
MUE;22.05.1966 00:00;0.1;;
MUE;23.05.1966 00:00;14;;
MUE;24.05.1966 00:00;0;;
MUE;25.05.1966 00:00;4.1;;
MUE;26.05.1966 00:00;0.4;;
MUE;27.05.1966 00:00;2.4;;
MUE;28.05.1966 00:00;0;;
MUE;29.05.1966 00:00;0.1;;
MUE;30.05.1966 00:00;0;;
MUE;31.05.1966 00:00;1.9;;
MUE;01.06.1966 00:00;0.1;;
MUE;02.06.1966 00:00;0;;
MUE;03.06.1966 00:00;0;;
MUE;04.06.1966 00:00;0.1;;
MUE;05.06.1966 00:00;2.9;;
MUE;06.06.1966 00:00;0;;
MUE;07.06.1966 00:00;0;;
MUE;08.06.1966 00:00;0.1;;
MUE;09.06.1966 00:00;0;;
MUE;10.06.1966 00:00;0;;
MUE;11.06.1966 00:00;0;;
MUE;12.06.1966 00:00;0;;
MUE;13.06.1966 00:00;7.2;;
MUE;14.06.1966 00:00;7.1;;
MUE;15.06.1966 00:00;1.1;;
MUE;16.06.1966 00:00;0;;
MUE;17.06.1966 00:00;3.9;;
MUE;18.06.1966 00:00;25.2;;
MUE;19.06.1966 00:00;8.4;;
MUE;20.06.1966 00:00;3.6;;
MUE;21.06.1966 00:00;0;;
MUE;22.06.1966 00:00;0;;
MUE;23.06.1966 00:00;14.5;;
MUE;24.06.1966 00:00;11.5;;
MUE;25.06.1966 00:00;0;;
MUE;26.06.1966 00:00;9;;
MUE;27.06.1966 00:00;1.1;;
MUE;28.06.1966 00:00;13.7;;
MUE;29.06.1966 00:00;4.9;;
MUE;30.06.1966 00:00;0;;
MUE;01.07.1966 00:00;0;;
MUE;02.07.1966 00:00;0;;
MUE;03.07.1966 00:00;11.9;;
MUE;04.07.1966 00:00;0;;
MUE;05.07.1966 00:00;13.4;;
MUE;06.07.1966 00:00;21.8;;
MUE;07.07.1966 00:00;8.5;;
MUE;08.07.1966 00:00;0.6;;
MUE;09.07.1966 00:00;0;;
MUE;10.07.1966 00:00;0;;
MUE;11.07.1966 00:00;5.7;;
MUE;12.07.1966 00:00;0;;
MUE;13.07.1966 00:00;0;;
MUE;14.07.1966 00:00;20.1;;
MUE;15.07.1966 00:00;0;;
MUE;16.07.1966 00:00;3.9;;
MUE;17.07.1966 00:00;32.3;;
MUE;18.07.1966 00:00;14.3;;
MUE;19.07.1966 00:00;5.7;;
MUE;20.07.1966 00:00;0.3;;
MUE;21.07.1966 00:00;2.1;;
MUE;22.07.1966 00:00;1.4;;
MUE;23.07.1966 00:00;0.3;;
MUE;24.07.1966 00:00;0.1;;
MUE;25.07.1966 00:00;2.6;;
MUE;26.07.1966 00:00;0;;
MUE;27.07.1966 00:00;17;;
MUE;28.07.1966 00:00;2.3;;
MUE;29.07.1966 00:00;0;;
MUE;30.07.1966 00:00;0;;
MUE;31.07.1966 00:00;0;;
MUE;01.08.1966 00:00;0;;
MUE;02.08.1966 00:00;10.6;;
MUE;03.08.1966 00:00;8.3;;
MUE;04.08.1966 00:00;12.1;;
MUE;05.08.1966 00:00;1.8;;
MUE;06.08.1966 00:00;0;;
MUE;07.08.1966 00:00;1;;
MUE;08.08.1966 00:00;23.1;;
MUE;09.08.1966 00:00;0;;
MUE;10.08.1966 00:00;0;;
MUE;11.08.1966 00:00;0;;
MUE;12.08.1966 00:00;0;;
MUE;13.08.1966 00:00;0;;
MUE;14.08.1966 00:00;0;;
MUE;15.08.1966 00:00;34.1;;
MUE;16.08.1966 00:00;8.6;;
MUE;17.08.1966 00:00;0.4;;
MUE;18.08.1966 00:00;1.2;;
MUE;19.08.1966 00:00;0.5;;
MUE;20.08.1966 00:00;1.4;;
MUE;21.08.1966 00:00;15;;
MUE;22.08.1966 00:00;6.1;;
MUE;23.08.1966 00:00;0.6;;
MUE;24.08.1966 00:00;19.1;;
MUE;25.08.1966 00:00;5.5;;
MUE;26.08.1966 00:00;0;;
MUE;27.08.1966 00:00;0;;
MUE;28.08.1966 00:00;0.9;;
MUE;29.08.1966 00:00;5.7;;
MUE;30.08.1966 00:00;24.4;;
MUE;31.08.1966 00:00;6.6;;
MUE;01.09.1966 00:00;0.4;;
MUE;02.09.1966 00:00;2.1;;
MUE;03.09.1966 00:00;0.5;;
MUE;04.09.1966 00:00;0.5;;
MUE;05.09.1966 00:00;0.9;;
MUE;06.09.1966 00:00;0;;
MUE;07.09.1966 00:00;0;;
MUE;08.09.1966 00:00;0;;
MUE;09.09.1966 00:00;0;;
MUE;10.09.1966 00:00;0;;
MUE;11.09.1966 00:00;0;;
MUE;12.09.1966 00:00;1.8;;
MUE;13.09.1966 00:00;10.6;;
MUE;14.09.1966 00:00;0;;
MUE;15.09.1966 00:00;15.6;;
MUE;16.09.1966 00:00;8.3;;
MUE;17.09.1966 00:00;0.6;;
MUE;18.09.1966 00:00;0.2;;
MUE;19.09.1966 00:00;0.1;;
MUE;20.09.1966 00:00;0;;
MUE;21.09.1966 00:00;0;;
MUE;22.09.1966 00:00;0;;
MUE;23.09.1966 00:00;0;;
MUE;24.09.1966 00:00;0;;
MUE;25.09.1966 00:00;0;;
MUE;26.09.1966 00:00;0;;
MUE;27.09.1966 00:00;0;;
MUE;28.09.1966 00:00;0;;
MUE;29.09.1966 00:00;0.8;;
MUE;30.09.1966 00:00;5.5;;
MUE;01.10.1966 00:00;2.1;;
MUE;02.10.1966 00:00;0;;
MUE;03.10.1966 00:00;0;;
MUE;04.10.1966 00:00;0;;
MUE;05.10.1966 00:00;0;;
MUE;06.10.1966 00:00;0;;
MUE;07.10.1966 00:00;0;;
MUE;08.10.1966 00:00;0;;
MUE;09.10.1966 00:00;0;;
MUE;10.10.1966 00:00;0.6;;
MUE;11.10.1966 00:00;0.9;;
MUE;12.10.1966 00:00;9.2;;
MUE;13.10.1966 00:00;0;;
MUE;14.10.1966 00:00;0;;
MUE;15.10.1966 00:00;9.4;;
MUE;16.10.1966 00:00;2.7;;
MUE;17.10.1966 00:00;0;;
MUE;18.10.1966 00:00;0;;
MUE;19.10.1966 00:00;17.2;;
MUE;20.10.1966 00:00;0;;
MUE;21.10.1966 00:00;0;;
MUE;22.10.1966 00:00;0.1;;
MUE;23.10.1966 00:00;0;;
MUE;24.10.1966 00:00;1.8;;
MUE;25.10.1966 00:00;0.6;;
MUE;26.10.1966 00:00;41.7;;
MUE;27.10.1966 00:00;5.6;;
MUE;28.10.1966 00:00;13.4;;
MUE;29.10.1966 00:00;10.2;;
MUE;30.10.1966 00:00;1.2;;
MUE;31.10.1966 00:00;0.1;;
MUE;01.11.1966 00:00;0;;28
MUE;02.11.1966 00:00;0;;26
MUE;03.11.1966 00:00;11.9;;25
MUE;04.11.1966 00:00;21.8;;35
MUE;05.11.1966 00:00;0;;57
MUE;06.11.1966 00:00;0;;39
MUE;07.11.1966 00:00;0;;21
MUE;08.11.1966 00:00;0;;10
MUE;09.11.1966 00:00;0;;0
MUE;10.11.1966 00:00;2.1;;0
MUE;11.11.1966 00:00;1.7;;2
MUE;12.11.1966 00:00;0;;3
MUE;13.11.1966 00:00;0;;0
MUE;14.11.1966 00:00;12.8;;0
MUE;15.11.1966 00:00;7.6;;25
MUE;16.11.1966 00:00;12.3;;30
MUE;17.11.1966 00:00;7.5;;43
MUE;18.11.1966 00:00;2.1;;50
MUE;19.11.1966 00:00;0;;45
MUE;20.11.1966 00:00;0;;40
MUE;21.11.1966 00:00;0;;32
MUE;22.11.1966 00:00;0;;30
MUE;23.11.1966 00:00;5.3;;28
MUE;24.11.1966 00:00;6.5;;32
MUE;25.11.1966 00:00;0;;38
MUE;26.11.1966 00:00;0;;35
MUE;27.11.1966 00:00;0;;30
MUE;28.11.1966 00:00;11.2;;30
MUE;29.11.1966 00:00;5.8;;45
MUE;30.11.1966 00:00;5.1;;45
MUE;01.12.1966 00:00;0;;38
MUE;02.12.1966 00:00;26;;35
MUE;03.12.1966 00:00;7.6;;75
MUE;04.12.1966 00:00;4.9;;75
MUE;05.12.1966 00:00;0;;70
MUE;06.12.1966 00:00;0;;65
MUE;07.12.1966 00:00;0;;60
MUE;08.12.1966 00:00;0.2;;45
MUE;09.12.1966 00:00;1.8;;55
MUE;10.12.1966 00:00;9.4;;55
MUE;11.12.1966 00:00;6.5;;70
MUE;12.12.1966 00:00;6.4;;67
MUE;13.12.1966 00:00;16.2;;70
MUE;14.12.1966 00:00;3;;65
MUE;15.12.1966 00:00;3.2;;78
MUE;16.12.1966 00:00;0;;58
MUE;17.12.1966 00:00;0;;57
MUE;18.12.1966 00:00;0;;53
MUE;19.12.1966 00:00;0;;49
MUE;20.12.1966 00:00;10.3;;48
MUE;21.12.1966 00:00;3.9;;75
MUE;22.12.1966 00:00;14.4;;84
MUE;23.12.1966 00:00;6.8;;94
MUE;24.12.1966 00:00;1.8;;89
MUE;25.12.1966 00:00;5.8;;94
MUE;26.12.1966 00:00;0;;96
MUE;27.12.1966 00:00;3.8;;93
MUE;28.12.1966 00:00;4.4;;93
MUE;29.12.1966 00:00;7.6;;99
MUE;30.12.1966 00:00;2.4;;89
MUE;31.12.1966 00:00;2.6;5;84
MUE;01.01.1967 00:00;1.1;2;83
MUE;02.01.1967 00:00;35.3;42;86
MUE;03.01.1967 00:00;1;2;110
MUE;04.01.1967 00:00;0;0;100
MUE;05.01.1967 00:00;0;0;96
MUE;06.01.1967 00:00;3.8;5;94
MUE;07.01.1967 00:00;0;0;93
MUE;08.01.1967 00:00;0;0;92
MUE;09.01.1967 00:00;0;0;90
MUE;10.01.1967 00:00;0;0;88
MUE;11.01.1967 00:00;0;0;86
MUE;12.01.1967 00:00;1.2;3;84
MUE;13.01.1967 00:00;0;0;84
MUE;14.01.1967 00:00;1.2;2;83
MUE;15.01.1967 00:00;0;0;83
MUE;16.01.1967 00:00;0;0;81
MUE;17.01.1967 00:00;0;0;80
MUE;18.01.1967 00:00;0;0;78
MUE;19.01.1967 00:00;0;0;78
MUE;20.01.1967 00:00;0;0;77
MUE;21.01.1967 00:00;0;0;75
MUE;22.01.1967 00:00;5.9;9;74
MUE;23.01.1967 00:00;4.2;8;80
MUE;24.01.1967 00:00;6.7;9;86
MUE;25.01.1967 00:00;1;2;94
MUE;26.01.1967 00:00;8.3;4;94
MUE;27.01.1967 00:00;0;0;92
MUE;28.01.1967 00:00;0;0;86
MUE;29.01.1967 00:00;0;0;85
MUE;30.01.1967 00:00;0;0;84
MUE;31.01.1967 00:00;0;0;82
MUE;01.02.1967 00:00;0;0;81
MUE;02.02.1967 00:00;0;0;80
MUE;03.02.1967 00:00;0;0;78
MUE;04.02.1967 00:00;3.2;4;78
MUE;05.02.1967 00:00;0;0;80
MUE;06.02.1967 00:00;0;0;79
MUE;07.02.1967 00:00;0;0;77
MUE;08.02.1967 00:00;0;0;76
MUE;09.02.1967 00:00;0;0;76
MUE;10.02.1967 00:00;0;0;76
MUE;11.02.1967 00:00;0;0;76
MUE;12.02.1967 00:00;0;0;76
MUE;13.02.1967 00:00;0;0;76
MUE;14.02.1967 00:00;0;0;76
MUE;15.02.1967 00:00;0;0;76
MUE;16.02.1967 00:00;0;0;76
MUE;17.02.1967 00:00;0;0;75
MUE;18.02.1967 00:00;3.3;3;75
MUE;19.02.1967 00:00;11.8;11;77
MUE;20.02.1967 00:00;44;0;82
MUE;21.02.1967 00:00;5.6;0;78
MUE;22.02.1967 00:00;0;0;75
MUE;23.02.1967 00:00;4;5;70
MUE;24.02.1967 00:00;0;0;73
MUE;25.02.1967 00:00;0;0;68
MUE;26.02.1967 00:00;0;0;67
MUE;27.02.1967 00:00;20.2;4;67
MUE;28.02.1967 00:00;3.8;0;70
MUE;01.03.1967 00:00;13.8;7;70
MUE;02.03.1967 00:00;0;0;75
MUE;03.03.1967 00:00;0;0;73
MUE;04.03.1967 00:00;0;0;70
MUE;05.03.1967 00:00;1.3;0;67
MUE;06.03.1967 00:00;0;0;65
MUE;07.03.1967 00:00;0;0;60
MUE;08.03.1967 00:00;0;0;55
MUE;09.03.1967 00:00;0;0;50
MUE;10.03.1967 00:00;3.2;0;45
MUE;11.03.1967 00:00;6;4;40
MUE;12.03.1967 00:00;1.3;1;40
MUE;13.03.1967 00:00;19.7;32;41
MUE;14.03.1967 00:00;1.7;2;70
MUE;15.03.1967 00:00;0;0;67
MUE;16.03.1967 00:00;13.6;17;63
MUE;17.03.1967 00:00;4;7;75
MUE;18.03.1967 00:00;28.1;34;80
MUE;19.03.1967 00:00;12.6;15;102
MUE;20.03.1967 00:00;81.3;95;116
MUE;21.03.1967 00:00;0;0;175
MUE;22.03.1967 00:00;0;0;118
MUE;23.03.1967 00:00;2.6;5;95
MUE;24.03.1967 00:00;0;0;100
MUE;25.03.1967 00:00;0;0;90
MUE;26.03.1967 00:00;3.4;6;85
MUE;27.03.1967 00:00;6.2;8;90
MUE;28.03.1967 00:00;5.3;6;91
MUE;29.03.1967 00:00;1.1;3;92
MUE;30.03.1967 00:00;2.8;6;88
MUE;31.03.1967 00:00;14.1;19;92
MUE;01.04.1967 00:00;2.5;4;110
MUE;02.04.1967 00:00;0.3;1;112
MUE;03.04.1967 00:00;17.2;15;110
MUE;04.04.1967 00:00;2.7;3;108
MUE;05.04.1967 00:00;0;0;105
MUE;06.04.1967 00:00;6;12;93
MUE;07.04.1967 00:00;4.2;4;100
MUE;08.04.1967 00:00;0;0;100
MUE;09.04.1967 00:00;2.2;1;92
MUE;10.04.1967 00:00;2;1;92
MUE;11.04.1967 00:00;0;0;90
MUE;12.04.1967 00:00;0;0;88
MUE;13.04.1967 00:00;0;0;85
MUE;14.04.1967 00:00;0;0;80
MUE;15.04.1967 00:00;0;0;79
MUE;16.04.1967 00:00;0;0;77
MUE;17.04.1967 00:00;0;0;70
MUE;18.04.1967 00:00;0;0;65
MUE;19.04.1967 00:00;0;0;62
MUE;20.04.1967 00:00;0;0;55
MUE;21.04.1967 00:00;17.8;26;50
MUE;22.04.1967 00:00;2;3;74
MUE;23.04.1967 00:00;22.2;26;65
MUE;24.04.1967 00:00;2.4;4;75
MUE;25.04.1967 00:00;0;0;77
MUE;26.04.1967 00:00;0;0;68
MUE;27.04.1967 00:00;1.8;1;62
MUE;28.04.1967 00:00;0;0;62
MUE;29.04.1967 00:00;0;0;58
MUE;30.04.1967 00:00;0;0;54
MUE;01.05.1967 00:00;2.3;0;48
MUE;02.05.1967 00:00;18.9;18;45
MUE;03.05.1967 00:00;8.9;12;58
MUE;04.05.1967 00:00;0;0;65
MUE;05.05.1967 00:00;0;0;54
MUE;06.05.1967 00:00;0;0;42
MUE;07.05.1967 00:00;0;0;40
MUE;08.05.1967 00:00;0;0;35
MUE;09.05.1967 00:00;0;0;27
MUE;10.05.1967 00:00;0;0;0
MUE;11.05.1967 00:00;0;0;0
MUE;12.05.1967 00:00;0;0;0
MUE;13.05.1967 00:00;0;0;0
MUE;14.05.1967 00:00;1.1;0;0
MUE;15.05.1967 00:00;2.1;0;0
MUE;16.05.1967 00:00;4.2;0;0
MUE;17.05.1967 00:00;18.4;0;0
MUE;18.05.1967 00:00;8.6;0;0
MUE;19.05.1967 00:00;0;0;0
MUE;20.05.1967 00:00;3.8;0;0
MUE;21.05.1967 00:00;0;0;0
MUE;22.05.1967 00:00;18.4;5;0
MUE;23.05.1967 00:00;16.5;0;5
MUE;24.05.1967 00:00;4.7;0;1
MUE;25.05.1967 00:00;6;0;0
MUE;26.05.1967 00:00;0;0;0
MUE;27.05.1967 00:00;0;0;0
MUE;28.05.1967 00:00;2.1;0;0
MUE;29.05.1967 00:00;8;0;0
MUE;30.05.1967 00:00;31.2;7;0
MUE;31.05.1967 00:00;20;0;7
MUE;01.06.1967 00:00;0;0;2
MUE;02.06.1967 00:00;0;0;1
MUE;03.06.1967 00:00;0;0;0
MUE;04.06.1967 00:00;0;0;0
MUE;05.06.1967 00:00;0;0;0
MUE;06.06.1967 00:00;4;0;0
MUE;07.06.1967 00:00;7.3;0;0
MUE;08.06.1967 00:00;31.8;0;0
MUE;09.06.1967 00:00;3.6;0;0
MUE;10.06.1967 00:00;2.8;0;0
MUE;11.06.1967 00:00;4.7;0;0
MUE;12.06.1967 00:00;3.8;0;0
MUE;13.06.1967 00:00;0;0;0
MUE;14.06.1967 00:00;7.7;0;0
MUE;15.06.1967 00:00;14.4;0;0
MUE;16.06.1967 00:00;0;0;0
MUE;17.06.1967 00:00;0;0;0
MUE;18.06.1967 00:00;7.7;0;0
MUE;19.06.1967 00:00;8.9;0;0
MUE;20.06.1967 00:00;2.2;0;0
MUE;21.06.1967 00:00;0;0;0
MUE;22.06.1967 00:00;0;0;0
MUE;23.06.1967 00:00;0;0;0
MUE;24.06.1967 00:00;0;0;0
MUE;25.06.1967 00:00;0.3;0;0
MUE;26.06.1967 00:00;3.1;0;0
MUE;27.06.1967 00:00;6.4;0;0
MUE;28.06.1967 00:00;0;0;0
MUE;29.06.1967 00:00;0;0;0
MUE;30.06.1967 00:00;0;0;0
MUE;01.07.1967 00:00;0;0;0
MUE;02.07.1967 00:00;2.6;0;0
MUE;03.07.1967 00:00;14.3;0;0
MUE;04.07.1967 00:00;0;0;0
MUE;05.07.1967 00:00;0;0;0
MUE;06.07.1967 00:00;2.1;0;0
MUE;07.07.1967 00:00;14;0;0
MUE;08.07.1967 00:00;17.8;0;0
MUE;09.07.1967 00:00;0;0;0
MUE;10.07.1967 00:00;0;0;0
MUE;11.07.1967 00:00;0;0;0
MUE;12.07.1967 00:00;0;0;0
MUE;13.07.1967 00:00;0;0;0
MUE;14.07.1967 00:00;1.2;0;0
MUE;15.07.1967 00:00;5;0;0
MUE;16.07.1967 00:00;0;0;0
MUE;17.07.1967 00:00;0;0;0
MUE;18.07.1967 00:00;0;0;0
MUE;19.07.1967 00:00;0;0;0
MUE;20.07.1967 00:00;0;0;0
MUE;21.07.1967 00:00;0;0;0
MUE;22.07.1967 00:00;3.3;0;0
MUE;23.07.1967 00:00;4.3;0;0
MUE;24.07.1967 00:00;6.2;0;0
MUE;25.07.1967 00:00;12.3;0;0
MUE;26.07.1967 00:00;0;0;0
MUE;27.07.1967 00:00;0;0;0
MUE;28.07.1967 00:00;0;0;0
MUE;29.07.1967 00:00;1.2;0;0
MUE;30.07.1967 00:00;0;0;0
MUE;31.07.1967 00:00;8.1;0;0
MUE;01.08.1967 00:00;0;0;0
MUE;02.08.1967 00:00;18.3;0;0
MUE;03.08.1967 00:00;14.3;0;0
MUE;04.08.1967 00:00;10.4;0;0
MUE;05.08.1967 00:00;4.3;0;0
MUE;06.08.1967 00:00;0;0;0
MUE;07.08.1967 00:00;0;0;0
MUE;08.08.1967 00:00;0;0;0
MUE;09.08.1967 00:00;7;0;0
MUE;10.08.1967 00:00;12.9;0;0
MUE;11.08.1967 00:00;0;0;0
MUE;12.08.1967 00:00;4.2;0;0
MUE;13.08.1967 00:00;0.9;0;0
MUE;14.08.1967 00:00;8.1;0;0
MUE;15.08.1967 00:00;0;0;0
MUE;16.08.1967 00:00;18.5;0;0
MUE;17.08.1967 00:00;2;0;0
MUE;18.08.1967 00:00;0;0;0
MUE;19.08.1967 00:00;7.1;0;0
MUE;20.08.1967 00:00;0;0;0
MUE;21.08.1967 00:00;0;0;0
MUE;22.08.1967 00:00;0;0;0
MUE;23.08.1967 00:00;11.2;0;0
MUE;24.08.1967 00:00;6.1;0;0
MUE;25.08.1967 00:00;0;0;0
MUE;26.08.1967 00:00;1;0;0
MUE;27.08.1967 00:00;0;0;0
MUE;28.08.1967 00:00;0;0;0
MUE;29.08.1967 00:00;0;0;0
MUE;30.08.1967 00:00;9.7;0;0
MUE;31.08.1967 00:00;0;0;0
MUE;01.09.1967 00:00;14.9;0;0
MUE;02.09.1967 00:00;0;0;0
MUE;03.09.1967 00:00;2.1;0;0
MUE;04.09.1967 00:00;28.1;0;0
MUE;05.09.1967 00:00;0;0;0
MUE;06.09.1967 00:00;8.2;0;0
MUE;07.09.1967 00:00;8.3;0;0
MUE;08.09.1967 00:00;8.8;0;0
MUE;09.09.1967 00:00;17.6;0;0
MUE;10.09.1967 00:00;18.9;0;0
MUE;11.09.1967 00:00;1.6;0;0
MUE;12.09.1967 00:00;0;0;0
MUE;13.09.1967 00:00;4.2;0;0
MUE;14.09.1967 00:00;5;0;0
MUE;15.09.1967 00:00;16.4;0;0
MUE;16.09.1967 00:00;3;0;0
MUE;17.09.1967 00:00;0;0;0
MUE;18.09.1967 00:00;0;0;0
MUE;19.09.1967 00:00;4.2;0;0
MUE;20.09.1967 00:00;0.3;0;0
MUE;21.09.1967 00:00;3.2;0;0
MUE;22.09.1967 00:00;0.4;0;0
MUE;23.09.1967 00:00;0;0;0
MUE;24.09.1967 00:00;0;0;0
MUE;25.09.1967 00:00;0;0;0
MUE;26.09.1967 00:00;0;0;0
MUE;27.09.1967 00:00;0;0;0
MUE;28.09.1967 00:00;0;0;0
MUE;29.09.1967 00:00;0;0;0
MUE;30.09.1967 00:00;2.2;0;0
MUE;01.10.1967 00:00;0;0;0
MUE;02.10.1967 00:00;7.4;0;0
MUE;03.10.1967 00:00;0;0;0
MUE;04.10.1967 00:00;8;0;0
MUE;05.10.1967 00:00;0;0;0
MUE;06.10.1967 00:00;5.5;0;0
MUE;07.10.1967 00:00;0;0;0
MUE;08.10.1967 00:00;0;0;0
MUE;09.10.1967 00:00;0;0;0
MUE;10.10.1967 00:00;0;0;0
MUE;11.10.1967 00:00;0;0;0
MUE;12.10.1967 00:00;0;0;0
MUE;13.10.1967 00:00;0;0;0
MUE;14.10.1967 00:00;0;0;0
MUE;15.10.1967 00:00;0;0;0
MUE;16.10.1967 00:00;0;0;0
MUE;17.10.1967 00:00;17.5;0;0
MUE;18.10.1967 00:00;0;0;0
MUE;19.10.1967 00:00;0;0;0
MUE;20.10.1967 00:00;0;0;0
MUE;21.10.1967 00:00;0;0;0
MUE;22.10.1967 00:00;0;0;0
MUE;23.10.1967 00:00;0;0;0
MUE;24.10.1967 00:00;0;0;0
MUE;25.10.1967 00:00;0;0;0
MUE;26.10.1967 00:00;0;0;0
MUE;27.10.1967 00:00;0;0;0
MUE;28.10.1967 00:00;5.6;6;0
MUE;29.10.1967 00:00;1;1;6
MUE;30.10.1967 00:00;0;0;3
MUE;31.10.1967 00:00;3.5;3;1
MUE;01.11.1967 00:00;2.6;0;3
MUE;02.11.1967 00:00;7.7;5;0
MUE;03.11.1967 00:00;0;0;5
MUE;04.11.1967 00:00;10;7;0
MUE;05.11.1967 00:00;0;0;7
MUE;06.11.1967 00:00;0;0;3
MUE;07.11.1967 00:00;0;0;0
MUE;08.11.1967 00:00;0;0;0
MUE;09.11.1967 00:00;0;0;0
MUE;10.11.1967 00:00;0;0;0
MUE;11.11.1967 00:00;5.3;0;0
MUE;12.11.1967 00:00;0;0;0
MUE;13.11.1967 00:00;0;0;0
MUE;14.11.1967 00:00;0;0;0
MUE;15.11.1967 00:00;0;0;0
MUE;16.11.1967 00:00;10.5;0;0
MUE;17.11.1967 00:00;1.2;0;0
MUE;18.11.1967 00:00;0;0;0
MUE;19.11.1967 00:00;0;0;0
MUE;20.11.1967 00:00;0;0;0
MUE;21.11.1967 00:00;0;0;0
MUE;22.11.1967 00:00;0;0;0
MUE;23.11.1967 00:00;0;0;0
MUE;24.11.1967 00:00;0;0;0
MUE;25.11.1967 00:00;0;0;0
MUE;26.11.1967 00:00;1.6;2;0
MUE;27.11.1967 00:00;8.2;8;2
MUE;28.11.1967 00:00;0;0;10
MUE;29.11.1967 00:00;2;2;4
MUE;30.11.1967 00:00;0;0;5
MUE;01.12.1967 00:00;0;0;3
MUE;02.12.1967 00:00;0;0;2
MUE;03.12.1967 00:00;0;0;0
MUE;04.12.1967 00:00;0;0;0
MUE;05.12.1967 00:00;0;0;0
MUE;06.12.1967 00:00;8.7;16;0
MUE;07.12.1967 00:00;8.5;12;16
MUE;08.12.1967 00:00;0.5;2;26
MUE;09.12.1967 00:00;0;0;19
MUE;10.12.1967 00:00;0;0;17
MUE;11.12.1967 00:00;0;0;13
MUE;12.12.1967 00:00;0;0;10
MUE;13.12.1967 00:00;0;0;5
MUE;14.12.1967 00:00;0;0;5
MUE;15.12.1967 00:00;0;0;4
MUE;16.12.1967 00:00;4;7;4
MUE;17.12.1967 00:00;0.7;1;16
MUE;18.12.1967 00:00;0;0;16
MUE;19.12.1967 00:00;18.3;35;15
MUE;20.12.1967 00:00;0.5;1;50
MUE;21.12.1967 00:00;1.9;2;41
MUE;22.12.1967 00:00;0;0;43
MUE;23.12.1967 00:00;9.3;0;25
MUE;24.12.1967 00:00;0;0;17
MUE;25.12.1967 00:00;0;0;16
MUE;26.12.1967 00:00;4;3;16
MUE;27.12.1967 00:00;0;0;18
MUE;28.12.1967 00:00;7;1;18
MUE;29.12.1967 00:00;13.8;17;19
MUE;30.12.1967 00:00;1.5;2;35
MUE;31.12.1967 00:00;6.8;11;36
MUE;01.01.1968 00:00;26.9;15;45
MUE;02.01.1968 00:00;7;7;58
MUE;03.01.1968 00:00;12.9;16;63
MUE;04.01.1968 00:00;8.8;12;77
MUE;05.01.1968 00:00;6.2;1;85
MUE;06.01.1968 00:00;21.7;17;75
MUE;07.01.1968 00:00;36.8;38;90
MUE;08.01.1968 00:00;3;1;127
MUE;09.01.1968 00:00;12.7;7;118
MUE;10.01.1968 00:00;17.9;6;120
MUE;11.01.1968 00:00;41.1;31;110
MUE;12.01.1968 00:00;1.2;1;125
MUE;13.01.1968 00:00;7.3;3;112
MUE;14.01.1968 00:00;39.1;0;116
MUE;15.01.1968 00:00;0;0;115
MUE;16.01.1968 00:00;0;0;104
MUE;17.01.1968 00:00;13.6;17;96
MUE;18.01.1968 00:00;32.1;34;107
MUE;19.01.1968 00:00;12;11;131
MUE;20.01.1968 00:00;0;0;138
MUE;21.01.1968 00:00;0;0;138
MUE;22.01.1968 00:00;0;0;132
MUE;23.01.1968 00:00;0;0;128
MUE;24.01.1968 00:00;15.9;23;120
MUE;25.01.1968 00:00;31.6;45;135
MUE;26.01.1968 00:00;64.3;76;170
MUE;27.01.1968 00:00;39.3;21;231
MUE;28.01.1968 00:00;0;0;248
MUE;29.01.1968 00:00;0;0;195
MUE;30.01.1968 00:00;0;0;179
MUE;31.01.1968 00:00;0;0;170
MUE;01.02.1968 00:00;0;0;158
MUE;02.02.1968 00:00;18.2;13;158
MUE;03.02.1968 00:00;15.7;14;170
MUE;04.02.1968 00:00;0.9;1;182
MUE;05.02.1968 00:00;0;0;180
MUE;06.02.1968 00:00;3.1;3;176
MUE;07.02.1968 00:00;0;0;165
MUE;08.02.1968 00:00;0;0;161
MUE;09.02.1968 00:00;16.3;22;158
MUE;10.02.1968 00:00;0;0;176
MUE;11.02.1968 00:00;0;0;169
MUE;12.02.1968 00:00;2.7;2;163
MUE;13.02.1968 00:00;2.3;1;161
MUE;14.02.1968 00:00;1.9;1;158
MUE;15.02.1968 00:00;4;8;154
MUE;16.02.1968 00:00;2.6;3;156
MUE;17.02.1968 00:00;0;0;155
MUE;18.02.1968 00:00;0;0;152
MUE;19.02.1968 00:00;1.7;1;148
MUE;20.02.1968 00:00;5.2;5;147
MUE;21.02.1968 00:00;0;0;150
MUE;22.02.1968 00:00;0;0;147
MUE;23.02.1968 00:00;0;0;145
MUE;24.02.1968 00:00;3.6;4;144
MUE;25.02.1968 00:00;0;0;146
MUE;26.02.1968 00:00;0;0;143
MUE;27.02.1968 00:00;0;0;140
MUE;28.02.1968 00:00;0;0;138
MUE;29.02.1968 00:00;0;0;135
MUE;01.03.1968 00:00;0;0;134
MUE;02.03.1968 00:00;0;0;132
MUE;03.03.1968 00:00;0;0;132
MUE;04.03.1968 00:00;0;0;131
MUE;05.03.1968 00:00;4.7;3;129
MUE;06.03.1968 00:00;17.7;17;130
MUE;07.03.1968 00:00;3.2;3;146
MUE;08.03.1968 00:00;0;0;148
MUE;09.03.1968 00:00;0;0;145
MUE;10.03.1968 00:00;22.3;34;143
MUE;11.03.1968 00:00;80.5;84;175
MUE;12.03.1968 00:00;31.8;31;242
MUE;13.03.1968 00:00;0;0;261
MUE;14.03.1968 00:00;0;0;198
MUE;15.03.1968 00:00;5.8;7;179
MUE;16.03.1968 00:00;3.2;4;183
MUE;17.03.1968 00:00;0;0;181
MUE;18.03.1968 00:00;0;0;172
MUE;19.03.1968 00:00;0;0;167
MUE;20.03.1968 00:00;0;0;161
MUE;21.03.1968 00:00;7.2;6;160
MUE;22.03.1968 00:00;6.3;3;165
MUE;23.03.1968 00:00;0;0;166
MUE;24.03.1968 00:00;0;0;164
MUE;25.03.1968 00:00;0;0;151
MUE;26.03.1968 00:00;0;0;146
MUE;27.03.1968 00:00;0;0;142
MUE;28.03.1968 00:00;0;0;137
MUE;29.03.1968 00:00;0;0;134
MUE;30.03.1968 00:00;0;0;128
MUE;31.03.1968 00:00;0;0;126
MUE;01.04.1968 00:00;0;0;121
MUE;02.04.1968 00:00;5.4;0;118
MUE;03.04.1968 00:00;4.9;4;115
MUE;04.04.1968 00:00;0;0;117
MUE;05.04.1968 00:00;0;0;113
MUE;06.04.1968 00:00;5;2;111
MUE;07.04.1968 00:00;17;16;104
MUE;08.04.1968 00:00;3;3;120
MUE;09.04.1968 00:00;0;0;122
MUE;10.04.1968 00:00;0;0;119
MUE;11.04.1968 00:00;0;0;115
MUE;12.04.1968 00:00;8.4;10;110
MUE;13.04.1968 00:00;0;0;118
MUE;14.04.1968 00:00;0;0;114
MUE;15.04.1968 00:00;0;0;111
MUE;16.04.1968 00:00;0;0;98
MUE;17.04.1968 00:00;0;0;93
MUE;18.04.1968 00:00;0;0;82
MUE;19.04.1968 00:00;0;0;73
MUE;20.04.1968 00:00;0;0;65
MUE;21.04.1968 00:00;0;0;57
MUE;22.04.1968 00:00;0;0;51
MUE;23.04.1968 00:00;0;0;42
MUE;24.04.1968 00:00;23.8;18;34
MUE;25.04.1968 00:00;0;0;48
MUE;26.04.1968 00:00;0;0;48
MUE;27.04.1968 00:00;10.3;0;34
MUE;28.04.1968 00:00;3.6;0;20
MUE;29.04.1968 00:00;7.8;0;8
MUE;30.04.1968 00:00;1;0;0
MUE;01.05.1968 00:00;0;0;0
MUE;02.05.1968 00:00;6;0;0
MUE;03.05.1968 00:00;0;0;0
MUE;04.05.1968 00:00;0;0;0
MUE;05.05.1968 00:00;1;0;0
MUE;06.05.1968 00:00;34;26;0
MUE;07.05.1968 00:00;3.4;0;26
MUE;08.05.1968 00:00;0;0;10
MUE;09.05.1968 00:00;0;0;0
MUE;10.05.1968 00:00;0;0;0
MUE;11.05.1968 00:00;13;0;0
MUE;12.05.1968 00:00;22;0;0
MUE;13.05.1968 00:00;0;0;0
MUE;14.05.1968 00:00;0;0;0
MUE;15.05.1968 00:00;0;0;0
MUE;16.05.1968 00:00;5.5;0;0
MUE;17.05.1968 00:00;1.6;0;0
MUE;18.05.1968 00:00;2.9;2;0
MUE;19.05.1968 00:00;2.5;0;2
MUE;20.05.1968 00:00;0;0;0
MUE;21.05.1968 00:00;17.4;0;0
MUE;22.05.1968 00:00;8.8;0;0
MUE;23.05.1968 00:00;0;0;0
MUE;24.05.1968 00:00;0;0;0
MUE;25.05.1968 00:00;12;0;0
MUE;26.05.1968 00:00;2;0;0
MUE;27.05.1968 00:00;2;0;0
MUE;28.05.1968 00:00;0;0;0
MUE;29.05.1968 00:00;14.8;0;0
MUE;30.05.1968 00:00;5.2;0;0
MUE;31.05.1968 00:00;0;0;0
MUE;01.06.1968 00:00;0;0;0
MUE;02.06.1968 00:00;0;0;0
MUE;03.06.1968 00:00;0;0;0
MUE;04.06.1968 00:00;0;0;0
MUE;05.06.1968 00:00;0;0;0
MUE;06.06.1968 00:00;9.4;0;0
MUE;07.06.1968 00:00;4.4;0;0
MUE;08.06.1968 00:00;9.4;0;0
MUE;09.06.1968 00:00;3.6;0;0
MUE;10.06.1968 00:00;0;0;0
MUE;11.06.1968 00:00;0;0;0
MUE;12.06.1968 00:00;1.1;0;0
MUE;13.06.1968 00:00;7.8;0;0
MUE;14.06.1968 00:00;2.3;0;0
MUE;15.06.1968 00:00;4.8;0;0
MUE;16.06.1968 00:00;7.2;0;0
MUE;17.06.1968 00:00;0;0;0
MUE;18.06.1968 00:00;0;0;0
MUE;19.06.1968 00:00;7.1;0;0
MUE;20.06.1968 00:00;25;0;0
MUE;21.06.1968 00:00;1.5;0;0
MUE;22.06.1968 00:00;0;0;0
MUE;23.06.1968 00:00;16;0;0
MUE;24.06.1968 00:00;0;0;0
MUE;25.06.1968 00:00;0;0;0
MUE;26.06.1968 00:00;7.9;0;0
MUE;27.06.1968 00:00;0;0;0
MUE;28.06.1968 00:00;0;0;0
MUE;29.06.1968 00:00;0;0;0
MUE;30.06.1968 00:00;0;0;0
MUE;01.07.1968 00:00;0;0;0
MUE;02.07.1968 00:00;11;0;0
MUE;03.07.1968 00:00;1.1;0;0
MUE;04.07.1968 00:00;4;0;0
MUE;05.07.1968 00:00;0;0;0
MUE;06.07.1968 00:00;6;0;0
MUE;07.07.1968 00:00;0;0;0
MUE;08.07.1968 00:00;0;0;0
MUE;09.07.1968 00:00;0;0;0
MUE;10.07.1968 00:00;6.3;0;0
MUE;11.07.1968 00:00;17.2;0;0
MUE;12.07.1968 00:00;0;0;0
MUE;13.07.1968 00:00;0;0;0
MUE;14.07.1968 00:00;10.7;0;0
MUE;15.07.1968 00:00;1.8;0;0
MUE;16.07.1968 00:00;14.1;0;0
MUE;17.07.1968 00:00;13.9;0;0
MUE;18.07.1968 00:00;4.1;0;0
MUE;19.07.1968 00:00;4.5;0;0
MUE;20.07.1968 00:00;14.2;0;0
MUE;21.07.1968 00:00;7.8;0;0
MUE;22.07.1968 00:00;0;0;0
MUE;23.07.1968 00:00;16.1;0;0
MUE;24.07.1968 00:00;3.4;0;0
MUE;25.07.1968 00:00;0;0;0
MUE;26.07.1968 00:00;0;0;0
MUE;27.07.1968 00:00;0;0;0
MUE;28.07.1968 00:00;0;0;0
MUE;29.07.1968 00:00;0;0;0
MUE;30.07.1968 00:00;0;0;0
MUE;31.07.1968 00:00;2.3;0;0
MUE;01.08.1968 00:00;7.3;0;0
MUE;02.08.1968 00:00;31.5;0;0
MUE;03.08.1968 00:00;8.2;0;0
MUE;04.08.1968 00:00;0;0;0
MUE;05.08.1968 00:00;1.8;0;0
MUE;06.08.1968 00:00;12.4;0;0
MUE;07.08.1968 00:00;3.2;0;0
MUE;08.08.1968 00:00;23;0;0
MUE;09.08.1968 00:00;4;0;0
MUE;10.08.1968 00:00;12.5;0;0
MUE;11.08.1968 00:00;19.2;0;0
MUE;12.08.1968 00:00;4.3;0;0
MUE;13.08.1968 00:00;10;0;0
MUE;14.08.1968 00:00;28.8;0;0
MUE;15.08.1968 00:00;0;0;0
MUE;16.08.1968 00:00;0;0;0
MUE;17.08.1968 00:00;7.1;0;0
MUE;18.08.1968 00:00;8.5;0;0
MUE;19.08.1968 00:00;0;0;0
MUE;20.08.1968 00:00;0;0;0
MUE;21.08.1968 00:00;0;0;0
MUE;22.08.1968 00:00;0;0;0
MUE;23.08.1968 00:00;0;0;0
MUE;24.08.1968 00:00;0;0;0
MUE;25.08.1968 00:00;0;0;0
MUE;26.08.1968 00:00;0;0;0
MUE;27.08.1968 00:00;9.3;0;0
MUE;28.08.1968 00:00;2;0;0
MUE;29.08.1968 00:00;3;0;0
MUE;30.08.1968 00:00;23.8;0;0
MUE;31.08.1968 00:00;4.1;0;0
MUE;01.09.1968 00:00;0;0;0
MUE;02.09.1968 00:00;0;0;0
MUE;03.09.1968 00:00;17;0;0
MUE;04.09.1968 00:00;13.5;0;0
MUE;05.09.1968 00:00;0;0;0
MUE;06.09.1968 00:00;0;0;0
MUE;07.09.1968 00:00;0;0;0
MUE;08.09.1968 00:00;0;0;0
MUE;09.09.1968 00:00;0;0;0
MUE;10.09.1968 00:00;0;0;0
MUE;11.09.1968 00:00;16.3;0;0
MUE;12.09.1968 00:00;0;0;0
MUE;13.09.1968 00:00;0;0;0
MUE;14.09.1968 00:00;4.7;0;0
MUE;15.09.1968 00:00;12.1;0;0
MUE;16.09.1968 00:00;1.5;0;0
MUE;17.09.1968 00:00;7.8;0;0
MUE;18.09.1968 00:00;11.6;0;0
MUE;19.09.1968 00:00;0;0;0
MUE;20.09.1968 00:00;3.1;0;0
MUE;21.09.1968 00:00;30.4;0;0
MUE;22.09.1968 00:00;0;0;0
MUE;23.09.1968 00:00;9.5;0;0
MUE;24.09.1968 00:00;1.4;0;0
MUE;25.09.1968 00:00;0;0;0
MUE;26.09.1968 00:00;0.6;0;0
MUE;27.09.1968 00:00;0;0;0
MUE;28.09.1968 00:00;10.9;0;0
MUE;29.09.1968 00:00;2.6;0;0
MUE;30.09.1968 00:00;2.5;0;0
MUE;01.10.1968 00:00;1;0;0
MUE;02.10.1968 00:00;1.5;0;0
MUE;03.10.1968 00:00;0;0;0
MUE;04.10.1968 00:00;0;0;0
MUE;05.10.1968 00:00;0;0;0
MUE;06.10.1968 00:00;0;0;0
MUE;07.10.1968 00:00;0;0;0
MUE;08.10.1968 00:00;13.4;0;0
MUE;09.10.1968 00:00;1.3;0;0
MUE;10.10.1968 00:00;0;0;0
MUE;11.10.1968 00:00;0;0;0
MUE;12.10.1968 00:00;0;0;0
MUE;13.10.1968 00:00;0;0;0
MUE;14.10.1968 00:00;4.8;0;0
MUE;15.10.1968 00:00;5;0;0
MUE;16.10.1968 00:00;3.4;0;0
MUE;17.10.1968 00:00;0;0;0
MUE;18.10.1968 00:00;0;0;0
MUE;19.10.1968 00:00;0;0;0
MUE;20.10.1968 00:00;0;0;0
MUE;21.10.1968 00:00;0;0;0
MUE;22.10.1968 00:00;0;0;0
MUE;23.10.1968 00:00;0;0;0
MUE;24.10.1968 00:00;0;0;0
MUE;25.10.1968 00:00;0;0;0
MUE;26.10.1968 00:00;0;0;0
MUE;27.10.1968 00:00;0;0;0
MUE;28.10.1968 00:00;0;0;0
MUE;29.10.1968 00:00;2.2;0;0
MUE;30.10.1968 00:00;0;0;0
MUE;31.10.1968 00:00;0;0;0
MUE;01.11.1968 00:00;4.6;0;0
MUE;02.11.1968 00:00;133;0;0
MUE;03.11.1968 00:00;20.1;0;0
MUE;04.11.1968 00:00;5.9;0;0
MUE;05.11.1968 00:00;0;0;0
MUE;06.11.1968 00:00;0;0;0
MUE;07.11.1968 00:00;0;0;0
MUE;08.11.1968 00:00;0;0;0
MUE;09.11.1968 00:00;0;0;0
MUE;10.11.1968 00:00;0;0;0
MUE;11.11.1968 00:00;0;0;0
MUE;12.11.1968 00:00;0;0;0
MUE;13.11.1968 00:00;0;0;0
MUE;14.11.1968 00:00;0;0;0
MUE;15.11.1968 00:00;13.3;6;0
MUE;16.11.1968 00:00;9.8;20;6
MUE;17.11.1968 00:00;4.6;10;25
MUE;18.11.1968 00:00;1.5;2;16
MUE;19.11.1968 00:00;0;0;15
MUE;20.11.1968 00:00;0;0;15
MUE;21.11.1968 00:00;0;0;14
MUE;22.11.1968 00:00;0;0;12
MUE;23.11.1968 00:00;1;0;10
MUE;24.11.1968 00:00;9;0;2
MUE;25.11.1968 00:00;0;0;0
MUE;26.11.1968 00:00;0;0;0
MUE;27.11.1968 00:00;0;0;0
MUE;28.11.1968 00:00;0;0;0
MUE;29.11.1968 00:00;0;0;0
MUE;30.11.1968 00:00;0;0;0
MUE;01.12.1968 00:00;0;0;0
MUE;02.12.1968 00:00;0;0;0
MUE;03.12.1968 00:00;0;0;0
MUE;04.12.1968 00:00;0;0;0
MUE;05.12.1968 00:00;0;0;0
MUE;06.12.1968 00:00;0;0;0
MUE;07.12.1968 00:00;0;0;0
MUE;08.12.1968 00:00;0;0;0
MUE;09.12.1968 00:00;0;0;0
MUE;10.12.1968 00:00;0;0;0
MUE;11.12.1968 00:00;0;0;0
MUE;12.12.1968 00:00;0;0;0
MUE;13.12.1968 00:00;0;0;0
MUE;14.12.1968 00:00;0;0;0
MUE;15.12.1968 00:00;0;0;0
MUE;16.12.1968 00:00;4;3;0
MUE;17.12.1968 00:00;4.2;0;3
MUE;18.12.1968 00:00;0;0;3
MUE;19.12.1968 00:00;7.6;11;2
MUE;20.12.1968 00:00;0;0;14
MUE;21.12.1968 00:00;4.6;5;11
MUE;22.12.1968 00:00;6.1;5;15
MUE;23.12.1968 00:00;27;39;18
MUE;24.12.1968 00:00;18.4;36;55
MUE;25.12.1968 00:00;35.8;32;78
MUE;26.12.1968 00:00;10.9;15;89
MUE;27.12.1968 00:00;5.9;5;92
MUE;28.12.1968 00:00;8.9;7;81
MUE;29.12.1968 00:00;0;0;82
MUE;30.12.1968 00:00;0;0;80
MUE;31.12.1968 00:00;0;0;77
MUE;01.01.1969 00:00;0;0;75
MUE;02.01.1969 00:00;7.5;12;74
MUE;03.01.1969 00:00;0;1;86
MUE;04.01.1969 00:00;0;0;82
MUE;05.01.1969 00:00;0;0;76
MUE;06.01.1969 00:00;0;0;75
MUE;07.01.1969 00:00;0;0;73
MUE;08.01.1969 00:00;1;0;69
MUE;09.01.1969 00:00;0;0;68
MUE;10.01.1969 00:00;0;0;67
MUE;11.01.1969 00:00;0;0;65
MUE;12.01.1969 00:00;0;0;63
MUE;13.01.1969 00:00;0;0;62
MUE;14.01.1969 00:00;4.9;11;61
MUE;15.01.1969 00:00;1.4;2;69
MUE;16.01.1969 00:00;0.5;6;70
MUE;17.01.1969 00:00;0;0;69
MUE;18.01.1969 00:00;6.1;11;64
MUE;19.01.1969 00:00;0;3;77
MUE;20.01.1969 00:00;0;0;75
MUE;21.01.1969 00:00;0;0;70
MUE;22.01.1969 00:00;0.2;0;66
MUE;23.01.1969 00:00;8.2;2;63
MUE;24.01.1969 00:00;0;0;64
MUE;25.01.1969 00:00;0;0;63
MUE;26.01.1969 00:00;0;0;62
MUE;27.01.1969 00:00;0;0;60
MUE;28.01.1969 00:00;5.7;9;60
MUE;29.01.1969 00:00;3.8;11;68
MUE;30.01.1969 00:00;0;0;75
MUE;31.01.1969 00:00;0;0;71
MUE;01.02.1969 00:00;0;0;70
MUE;02.02.1969 00:00;6.5;12;68
MUE;03.02.1969 00:00;0;0;80
MUE;04.02.1969 00:00;0;0;78
MUE;05.02.1969 00:00;1;2;77
MUE;06.02.1969 00:00;0;0;77
MUE;07.02.1969 00:00;2;3;75
MUE;08.02.1969 00:00;4.5;8;75
MUE;09.02.1969 00:00;0;0;80
MUE;10.02.1969 00:00;7.5;10;79
MUE;11.02.1969 00:00;7.9;9;85
MUE;12.02.1969 00:00;5.6;9;89
MUE;13.02.1969 00:00;0;0;93
MUE;14.02.1969 00:00;1.8;2;89
MUE;15.02.1969 00:00;4.8;4;88
MUE;16.02.1969 00:00;1;2;89
MUE;17.02.1969 00:00;0;0;88
MUE;18.02.1969 00:00;0;0;86
MUE;19.02.1969 00:00;5.7;7;84
MUE;20.02.1969 00:00;4.1;7;90
MUE;21.02.1969 00:00;0;0;95
MUE;22.02.1969 00:00;0;0;92
MUE;23.02.1969 00:00;0;0;88
MUE;24.02.1969 00:00;9;15;86
MUE;25.02.1969 00:00;7.2;14;99
MUE;26.02.1969 00:00;0;0;112
MUE;27.02.1969 00:00;0;0;104
MUE;28.02.1969 00:00;0;0;100
MUE;01.03.1969 00:00;0;0;98
MUE;02.03.1969 00:00;0;0;95
MUE;03.03.1969 00:00;0;0;90
MUE;04.03.1969 00:00;0;0;90
MUE;05.03.1969 00:00;0;0;85
MUE;06.03.1969 00:00;0;0;85
MUE;07.03.1969 00:00;1.9;3;85
MUE;08.03.1969 00:00;0;0;88
MUE;09.03.1969 00:00;0;0;86
MUE;10.03.1969 00:00;0;0;85
MUE;11.03.1969 00:00;1;2;85
MUE;12.03.1969 00:00;0;0;86
MUE;13.03.1969 00:00;0;0;86
MUE;14.03.1969 00:00;0.9;1;80
MUE;15.03.1969 00:00;0;0;77
MUE;16.03.1969 00:00;0;0;74
MUE;17.03.1969 00:00;5.3;3;72
MUE;18.03.1969 00:00;0;0;74
MUE;19.03.1969 00:00;0;0;70
MUE;20.03.1969 00:00;1.9;3;68
MUE;21.03.1969 00:00;0;0;71
MUE;22.03.1969 00:00;0;0;67
MUE;23.03.1969 00:00;8.9;13;65
MUE;24.03.1969 00:00;6.2;8;77
MUE;25.03.1969 00:00;1.6;3;82
MUE;26.03.1969 00:00;1.9;2;82
MUE;27.03.1969 00:00;2.1;3;77
MUE;28.03.1969 00:00;3;4;75
MUE;29.03.1969 00:00;0.5;1;76
MUE;30.03.1969 00:00;2.3;8;75
MUE;31.03.1969 00:00;0.5;1;79
MUE;01.04.1969 00:00;7.5;10;72
MUE;02.04.1969 00:00;2.4;1;78
MUE;03.04.1969 00:00;0;0;74
MUE;04.04.1969 00:00;0;0;70
MUE;05.04.1969 00:00;0;0;66
MUE;06.04.1969 00:00;0;0;60
MUE;07.04.1969 00:00;0;0;60
MUE;08.04.1969 00:00;0;0;58
MUE;09.04.1969 00:00;0;0;55
MUE;10.04.1969 00:00;0;0;51
MUE;11.04.1969 00:00;0.9;0;45
MUE;12.04.1969 00:00;10.2;18;42
MUE;13.04.1969 00:00;13.3;12;55
MUE;14.04.1969 00:00;11.7;17;66
MUE;15.04.1969 00:00;28.1;24;72
MUE;16.04.1969 00:00;24.9;42;85
MUE;17.04.1969 00:00;21.2;33;108
MUE;18.04.1969 00:00;5.5;6;127
MUE;19.04.1969 00:00;0;0;116
MUE;20.04.1969 00:00;0;0;106
MUE;21.04.1969 00:00;0;0;100
MUE;22.04.1969 00:00;15.2;6;95
MUE;23.04.1969 00:00;4.2;2;100
MUE;24.04.1969 00:00;2.5;0;87
MUE;25.04.1969 00:00;0;0;79
MUE;26.04.1969 00:00;0;0;69
MUE;27.04.1969 00:00;3.5;0;62
MUE;28.04.1969 00:00;0.1;0;57
MUE;29.04.1969 00:00;0.4;0;52
MUE;30.04.1969 00:00;0.1;0;47
MUE;01.05.1969 00:00;0;0;41
MUE;02.05.1969 00:00;0;0;25
MUE;03.05.1969 00:00;2.5;0;20
MUE;04.05.1969 00:00;17.9;0;15
MUE;05.05.1969 00:00;5;0;7
MUE;06.05.1969 00:00;21.5;0;49
MUE;07.05.1969 00:00;0.6;0;0
MUE;08.05.1969 00:00;1.3;0;0
MUE;09.05.1969 00:00;15.7;0;0
MUE;10.05.1969 00:00;1.2;0;0
MUE;11.05.1969 00:00;0;0;0
MUE;12.05.1969 00:00;0;0;0
MUE;13.05.1969 00:00;0;0;0
MUE;14.05.1969 00:00;0;0;0
MUE;15.05.1969 00:00;0;0;0
MUE;16.05.1969 00:00;1.7;0;0
MUE;17.05.1969 00:00;0;0;0
MUE;18.05.1969 00:00;7.7;0;0
MUE;19.05.1969 00:00;0.5;0;0
MUE;20.05.1969 00:00;0;0;0
MUE;21.05.1969 00:00;0;0;0
MUE;22.05.1969 00:00;0;0;0
MUE;23.05.1969 00:00;0;0;0
MUE;24.05.1969 00:00;0;0;0
MUE;25.05.1969 00:00;0.9;0;0
MUE;26.05.1969 00:00;13.9;0;0
MUE;27.05.1969 00:00;0;0;0
MUE;28.05.1969 00:00;1.3;0;0
MUE;29.05.1969 00:00;0;0;0
MUE;30.05.1969 00:00;5.8;0;0
MUE;31.05.1969 00:00;0;0;0
MUE;01.06.1969 00:00;12.3;0;0
MUE;02.06.1969 00:00;4.9;0;0
MUE;03.06.1969 00:00;21.2;0;0
MUE;04.06.1969 00:00;11.2;12;0
MUE;05.06.1969 00:00;5.4;0;12
MUE;06.06.1969 00:00;16;3;0
MUE;07.06.1969 00:00;5.1;0;3
MUE;08.06.1969 00:00;0;0;0
MUE;09.06.1969 00:00;0;0;0
MUE;10.06.1969 00:00;0;0;0
MUE;11.06.1969 00:00;0.4;0;0
MUE;12.06.1969 00:00;4.5;0;0
MUE;13.06.1969 00:00;3.1;0;0
MUE;14.06.1969 00:00;4;0;0
MUE;15.06.1969 00:00;3.8;0;0
MUE;16.06.1969 00:00;11.8;0;0
MUE;17.06.1969 00:00;1.3;0;0
MUE;18.06.1969 00:00;35.4;0;0
MUE;19.06.1969 00:00;10.1;0;0
MUE;20.06.1969 00:00;2.3;0;0
MUE;21.06.1969 00:00;0;0;0
MUE;22.06.1969 00:00;0;0;0
MUE;23.06.1969 00:00;24.2;0;0
MUE;24.06.1969 00:00;16.9;0;0
MUE;25.06.1969 00:00;22.5;0;0
MUE;26.06.1969 00:00;3.9;0;0
MUE;27.06.1969 00:00;1.3;0;0
MUE;28.06.1969 00:00;7.2;0;0
MUE;29.06.1969 00:00;0;0;0
MUE;30.06.1969 00:00;0;0;0
MUE;01.07.1969 00:00;6;0;0
MUE;02.07.1969 00:00;0.8;0;0
MUE;03.07.1969 00:00;1.3;0;0
MUE;04.07.1969 00:00;0;0;0
MUE;05.07.1969 00:00;7.3;0;0
MUE;06.07.1969 00:00;16;0;0
MUE;07.07.1969 00:00;13.4;0;0
MUE;08.07.1969 00:00;3;0;0
MUE;09.07.1969 00:00;11.8;0;0
MUE;10.07.1969 00:00;13.1;0;0
MUE;11.07.1969 00:00;54.5;0;0
MUE;12.07.1969 00:00;0;0;0
MUE;13.07.1969 00:00;0;0;0
MUE;14.07.1969 00:00;0;0;0
MUE;15.07.1969 00:00;0;0;0
MUE;16.07.1969 00:00;0;0;0
MUE;17.07.1969 00:00;0;0;0
MUE;18.07.1969 00:00;0;0;0
MUE;19.07.1969 00:00;0;0;0
MUE;20.07.1969 00:00;0;0;0
MUE;21.07.1969 00:00;0;0;0
MUE;22.07.1969 00:00;3.4;0;0
MUE;23.07.1969 00:00;0;0;0
MUE;24.07.1969 00:00;0;0;0
MUE;25.07.1969 00:00;0;0;0
MUE;26.07.1969 00:00;0;0;0
MUE;27.07.1969 00:00;3.5;0;0
MUE;28.07.1969 00:00;0;0;0
MUE;29.07.1969 00:00;7.6;0;0
MUE;30.07.1969 00:00;3.8;0;0
MUE;31.07.1969 00:00;0;0;0
MUE;01.08.1969 00:00;1.1;0;0
MUE;02.08.1969 00:00;0;0;0
MUE;03.08.1969 00:00;5.8;0;0
MUE;04.08.1969 00:00;0;0;0
MUE;05.08.1969 00:00;3.8;0;0
MUE;06.08.1969 00:00;0;0;0
MUE;07.08.1969 00:00;0;0;0
MUE;08.08.1969 00:00;0;0;0
MUE;09.08.1969 00:00;0;0;0
MUE;10.08.1969 00:00;0;0;0
MUE;11.08.1969 00:00;1.4;0;0
MUE;12.08.1969 00:00;6;0;0
MUE;13.08.1969 00:00;4.7;0;0
MUE;14.08.1969 00:00;28.7;0;0
MUE;15.08.1969 00:00;16.2;0;0
MUE;16.08.1969 00:00;26.8;0;0
MUE;17.08.1969 00:00;31.5;0;0
MUE;18.08.1969 00:00;0.7;0;0
MUE;19.08.1969 00:00;0;0;0
MUE;20.08.1969 00:00;19.9;0;0
MUE;21.08.1969 00:00;0.7;0;0
MUE;22.08.1969 00:00;1.9;0;0
MUE;23.08.1969 00:00;12.2;0;0
MUE;24.08.1969 00:00;16;0;0
MUE;25.08.1969 00:00;11.3;0;0
MUE;26.08.1969 00:00;13.3;0;0
MUE;27.08.1969 00:00;0.4;0;0
MUE;28.08.1969 00:00;5.8;0;0
MUE;29.08.1969 00:00;0;0;0
MUE;30.08.1969 00:00;0;0;0
MUE;31.08.1969 00:00;0.2;0;0
MUE;01.09.1969 00:00;0;0;0
MUE;02.09.1969 00:00;0;0;0
MUE;03.09.1969 00:00;7.5;0;0
MUE;04.09.1969 00:00;8.4;0;0
MUE;05.09.1969 00:00;1.8;0;0
MUE;06.09.1969 00:00;0.1;0;0
MUE;07.09.1969 00:00;0;0;0
MUE;08.09.1969 00:00;1.6;0;0
MUE;09.09.1969 00:00;1.3;0;0
MUE;10.09.1969 00:00;0;0;0
MUE;11.09.1969 00:00;0;0;0
MUE;12.09.1969 00:00;0;0;0
MUE;13.09.1969 00:00;0;0;0
MUE;14.09.1969 00:00;1.5;0;0
MUE;15.09.1969 00:00;0;0;0
MUE;16.09.1969 00:00;4;0;0
MUE;17.09.1969 00:00;0;0;0
MUE;18.09.1969 00:00;16.6;0;0
MUE;19.09.1969 00:00;1.4;0;0
MUE;20.09.1969 00:00;0;0;0
MUE;21.09.1969 00:00;0;0;0
MUE;22.09.1969 00:00;0;0;0
MUE;23.09.1969 00:00;0;0;0
MUE;24.09.1969 00:00;0;0;0
MUE;25.09.1969 00:00;0;0;0
MUE;26.09.1969 00:00;0;0;0
MUE;27.09.1969 00:00;0;0;0
MUE;28.09.1969 00:00;0;0;0
MUE;29.09.1969 00:00;5.8;0;0
MUE;30.09.1969 00:00;0;0;0
MUE;01.10.1969 00:00;0;0;0
MUE;02.10.1969 00:00;0;0;0
MUE;03.10.1969 00:00;0;0;0
MUE;04.10.1969 00:00;0;0;0
MUE;05.10.1969 00:00;0;0;0
MUE;06.10.1969 00:00;0;0;0
MUE;07.10.1969 00:00;0;0;0
MUE;08.10.1969 00:00;0;0;0
MUE;09.10.1969 00:00;0;0;0
MUE;10.10.1969 00:00;0;0;0
MUE;11.10.1969 00:00;0;0;0
MUE;12.10.1969 00:00;0;0;0
MUE;13.10.1969 00:00;0;0;0
MUE;14.10.1969 00:00;0;0;0
MUE;15.10.1969 00:00;0;0;0
MUE;16.10.1969 00:00;0;0;0
MUE;17.10.1969 00:00;0;0;0
MUE;18.10.1969 00:00;0;0;0
MUE;19.10.1969 00:00;0;0;0
MUE;20.10.1969 00:00;0;0;0
MUE;21.10.1969 00:00;0;0;0
MUE;22.10.1969 00:00;0;0;0
MUE;23.10.1969 00:00;2;0;0
MUE;24.10.1969 00:00;14.3;2;0
MUE;25.10.1969 00:00;0;0;2
MUE;26.10.1969 00:00;0;0;0
MUE;27.10.1969 00:00;0;0;0
MUE;28.10.1969 00:00;0;0;0
MUE;29.10.1969 00:00;0;0;0
MUE;30.10.1969 00:00;0;0;0
MUE;31.10.1969 00:00;0;0;0
MUE;01.11.1969 00:00;0;0;0
MUE;02.11.1969 00:00;0;0;0
MUE;03.11.1969 00:00;0;0;0
MUE;04.11.1969 00:00;0;0;0
MUE;05.11.1969 00:00;4.7;3;0
MUE;06.11.1969 00:00;0;0;3
MUE;07.11.1969 00:00;1.4;0;1
MUE;08.11.1969 00:00;0;0;0
MUE;09.11.1969 00:00;3.5;0;0
MUE;10.11.1969 00:00;0;0;0
MUE;11.11.1969 00:00;0;0;0
MUE;12.11.1969 00:00;28.2;0;0
MUE;13.11.1969 00:00;5.7;8;0
MUE;14.11.1969 00:00;0;0;8
MUE;15.11.1969 00:00;0;0;1
MUE;16.11.1969 00:00;0;0;1
MUE;17.11.1969 00:00;6.7;9;1
MUE;18.11.1969 00:00;0.2;0;10
MUE;19.11.1969 00:00;0;0;7
MUE;20.11.1969 00:00;0;0;5
MUE;21.11.1969 00:00;0;0;5
MUE;22.11.1969 00:00;0;0;3
MUE;23.11.1969 00:00;1.8;3;3
MUE;24.11.1969 00:00;3.7;6;6
MUE;25.11.1969 00:00;7.4;6;11
MUE;26.11.1969 00:00;11.9;12;20
MUE;27.11.1969 00:00;0;0;28
MUE;28.11.1969 00:00;2.8;5;26
MUE;29.11.1969 00:00;0.6;2;25
MUE;30.11.1969 00:00;0.5;3;26
MUE;01.12.1969 00:00;0.1;1;27
MUE;02.12.1969 00:00;0;0;26
MUE;03.12.1969 00:00;11.9;17;25
MUE;04.12.1969 00:00;18.5;27;39
MUE;05.12.1969 00:00;4.9;7;56
MUE;06.12.1969 00:00;0;0;55
MUE;07.12.1969 00:00;0;0;49
MUE;08.12.1969 00:00;0.7;4;46
MUE;09.12.1969 00:00;0;0;48
MUE;10.12.1969 00:00;0;0;44
MUE;11.12.1969 00:00;0;0;42
MUE;12.12.1969 00:00;0;0;40
MUE;13.12.1969 00:00;0;0;39
MUE;14.12.1969 00:00;2.2;2;38
MUE;15.12.1969 00:00;18.5;19;40
MUE;16.12.1969 00:00;23.6;31;65
MUE;17.12.1969 00:00;2.2;3;84
MUE;18.12.1969 00:00;11.3;15;75
MUE;19.12.1969 00:00;0;0;84
MUE;20.12.1969 00:00;0;0;78
MUE;21.12.1969 00:00;0;0;74
MUE;22.12.1969 00:00;3.5;6;71
MUE;23.12.1969 00:00;2.8;3;74
MUE;24.12.1969 00:00;0;0;73
MUE;25.12.1969 00:00;0;0;70
MUE;26.12.1969 00:00;0;0;68
MUE;27.12.1969 00:00;0;0;65
MUE;28.12.1969 00:00;0;0;63
MUE;29.12.1969 00:00;0;0;62
MUE;30.12.1969 00:00;0;0;60
MUE;31.12.1969 00:00;0;0;60
MUE;01.01.1970 00:00;0;0;60
MUE;02.01.1970 00:00;0;0;60
MUE;03.01.1970 00:00;0;0;57
MUE;04.01.1970 00:00;1.7;0;57
MUE;05.01.1970 00:00;6.3;6;56
MUE;06.01.1970 00:00;0;0;62
MUE;07.01.1970 00:00;0;0;59
MUE;08.01.1970 00:00;0;0;59
MUE;09.01.1970 00:00;0;0;58
MUE;10.01.1970 00:00;0;0;55
MUE;11.01.1970 00:00;0;0;51
MUE;12.01.1970 00:00;0;0;50
MUE;13.01.1970 00:00;0;0;50
MUE;14.01.1970 00:00;0;0;50
MUE;15.01.1970 00:00;21.4;33;49
MUE;16.01.1970 00:00;9.2;11;82
MUE;17.01.1970 00:00;0;0;90
MUE;18.01.1970 00:00;0;0;85
MUE;19.01.1970 00:00;0;0;76
MUE;20.01.1970 00:00;0;0;73
MUE;21.01.1970 00:00;0;0;70
MUE;22.01.1970 00:00;0;0;68
MUE;23.01.1970 00:00;0;0;66
MUE;24.01.1970 00:00;0.3;1;65
MUE;25.01.1970 00:00;0;0;63
MUE;26.01.1970 00:00;0;0;63
MUE;27.01.1970 00:00;2.8;4;61
MUE;28.01.1970 00:00;0;0;65
MUE;29.01.1970 00:00;1.3;3;63
MUE;30.01.1970 00:00;9.4;19;66
MUE;31.01.1970 00:00;8.6;11;83
MUE;01.02.1970 00:00;0;0;93
MUE;02.02.1970 00:00;18.3;12;84
MUE;03.02.1970 00:00;46.9;22;87
MUE;04.02.1970 00:00;3.4;4;95
MUE;05.02.1970 00:00;7.7;11;99
MUE;06.02.1970 00:00;0;1;107
MUE;07.02.1970 00:00;0;1;102
MUE;08.02.1970 00:00;1.8;4;98
MUE;09.02.1970 00:00;5.4;8;97
MUE;10.02.1970 00:00;6.6;11;100
MUE;11.02.1970 00:00;10.2;15;107
MUE;12.02.1970 00:00;0;0;114
MUE;13.02.1970 00:00;0;0;107
MUE;14.02.1970 00:00;6.6;9;103
MUE;15.02.1970 00:00;3;5;109
MUE;16.02.1970 00:00;4.3;7;110
MUE;17.02.1970 00:00;11.8;23;113
MUE;18.02.1970 00:00;13.4;17;129
MUE;19.02.1970 00:00;7.5;9;136
MUE;20.02.1970 00:00;6.4;8;135
MUE;21.02.1970 00:00;14.8;28;137
MUE;22.02.1970 00:00;12.8;7;150
MUE;23.02.1970 00:00;9.6;8;150
MUE;24.02.1970 00:00;33.5;48;147
MUE;25.02.1970 00:00;0;0;170
MUE;26.02.1970 00:00;1.9;3;165
MUE;27.02.1970 00:00;1.4;2;160
MUE;28.02.1970 00:00;0;0;155
MUE;01.03.1970 00:00;0;0;150
MUE;02.03.1970 00:00;7.9;15;145
MUE;03.03.1970 00:00;11.7;17;160
MUE;04.03.1970 00:00;2;2;170
MUE;05.03.1970 00:00;3.8;9;165
MUE;06.03.1970 00:00;0;0;165
MUE;07.03.1970 00:00;0;0;160
MUE;08.03.1970 00:00;5.1;6;155
MUE;09.03.1970 00:00;0;0;155
MUE;10.03.1970 00:00;0;0;155
MUE;11.03.1970 00:00;2.6;5;150
MUE;12.03.1970 00:00;0;0;155
MUE;13.03.1970 00:00;0;0;150
MUE;14.03.1970 00:00;0.2;1;145
MUE;15.03.1970 00:00;4.3;6;145
MUE;16.03.1970 00:00;0;0;150
MUE;17.03.1970 00:00;0;0;145
MUE;18.03.1970 00:00;16.4;37;145
MUE;19.03.1970 00:00;39.5;55;165
MUE;20.03.1970 00:00;0.2;1;190
MUE;21.03.1970 00:00;0;0;175
MUE;22.03.1970 00:00;3;2;160
MUE;23.03.1970 00:00;0;0;155
MUE;24.03.1970 00:00;3.5;4;150
MUE;25.03.1970 00:00;0;0;145
MUE;26.03.1970 00:00;11.5;15;140
MUE;27.03.1970 00:00;12;25;155
MUE;28.03.1970 00:00;1.4;3;170
MUE;29.03.1970 00:00;0;0;160
MUE;30.03.1970 00:00;0;0;155
MUE;31.03.1970 00:00;7.9;9;150
MUE;01.04.1970 00:00;7.9;15;150
MUE;02.04.1970 00:00;12.9;35;160
MUE;03.04.1970 00:00;4.3;6;165
MUE;04.04.1970 00:00;22;28;160
MUE;05.04.1970 00:00;4.4;7;180
MUE;06.04.1970 00:00;0;0;180
MUE;07.04.1970 00:00;3.2;2;170
MUE;08.04.1970 00:00;14.2;11;168
MUE;09.04.1970 00:00;4.5;3;175
MUE;10.04.1970 00:00;0.1;1;170
MUE;11.04.1970 00:00;0;0;171
MUE;12.04.1970 00:00;7.5;2;168
MUE;13.04.1970 00:00;33.2;35;165
MUE;14.04.1970 00:00;3;5;180
MUE;15.04.1970 00:00;0;0;180
MUE;16.04.1970 00:00;0;0;165
MUE;17.04.1970 00:00;0;0;155
MUE;18.04.1970 00:00;0;0;147
MUE;19.04.1970 00:00;27.3;15;140
MUE;20.04.1970 00:00;15.5;20;150
MUE;21.04.1970 00:00;0;0;150
MUE;22.04.1970 00:00;0;0;145
MUE;23.04.1970 00:00;0.1;0;135
MUE;24.04.1970 00:00;0;0;130
MUE;25.04.1970 00:00;0.1;1;125
MUE;26.04.1970 00:00;10.2;9;120
MUE;27.04.1970 00:00;10;15;125
MUE;28.04.1970 00:00;7.6;9;140
MUE;29.04.1970 00:00;12.7;25;145
MUE;30.04.1970 00:00;17.6;37;150
MUE;01.05.1970 00:00;1.3;1;173
MUE;02.05.1970 00:00;31.1;40;152
MUE;03.05.1970 00:00;0;0;184
MUE;04.05.1970 00:00;0;0;150
MUE;05.05.1970 00:00;0;0;140
MUE;06.05.1970 00:00;0;0;130
MUE;07.05.1970 00:00;0;0;120
MUE;08.05.1970 00:00;0;0;110
MUE;09.05.1970 00:00;0;0;105
MUE;10.05.1970 00:00;11.5;5;100
MUE;11.05.1970 00:00;0.8;0;105
MUE;12.05.1970 00:00;0.1;0;105
MUE;13.05.1970 00:00;0;0;100
MUE;14.05.1970 00:00;0.3;0;95
MUE;15.05.1970 00:00;12.7;0;87
MUE;16.05.1970 00:00;13;0;80
MUE;17.05.1970 00:00;0;0;80
MUE;18.05.1970 00:00;0;0;75
MUE;19.05.1970 00:00;0;0;75
MUE;20.05.1970 00:00;3;0;70
MUE;21.05.1970 00:00;3.4;7;65
MUE;22.05.1970 00:00;8.5;6;65
MUE;23.05.1970 00:00;0;0;71
MUE;24.05.1970 00:00;0;0;64
MUE;25.05.1970 00:00;12;0;55
MUE;26.05.1970 00:00;2.9;0;45
MUE;27.05.1970 00:00;0;0;41
MUE;28.05.1970 00:00;0;0;35
MUE;29.05.1970 00:00;0;0;25
MUE;30.05.1970 00:00;6;0;13
MUE;31.05.1970 00:00;0;0;9
MUE;01.06.1970 00:00;3.7;0;5
MUE;02.06.1970 00:00;0;0;0
MUE;03.06.1970 00:00;0;0;0
MUE;04.06.1970 00:00;5.9;0;0
MUE;05.06.1970 00:00;0;0;0
MUE;06.06.1970 00:00;0;0;0
MUE;07.06.1970 00:00;0;0;0
MUE;08.06.1970 00:00;8.3;0;0
MUE;09.06.1970 00:00;6.2;0;0
MUE;10.06.1970 00:00;4.9;0;0
MUE;11.06.1970 00:00;0;0;0
MUE;12.06.1970 00:00;0;0;0
MUE;13.06.1970 00:00;0;0;0
MUE;14.06.1970 00:00;0;0;0
MUE;15.06.1970 00:00;8;0;0
MUE;16.06.1970 00:00;0;0;0
MUE;17.06.1970 00:00;4.6;0;0
MUE;18.06.1970 00:00;7.2;0;0
MUE;19.06.1970 00:00;13.3;0;0
MUE;20.06.1970 00:00;1.1;0;0
MUE;21.06.1970 00:00;1.6;0;0
MUE;22.06.1970 00:00;0;0;0
MUE;23.06.1970 00:00;0;0;0
MUE;24.06.1970 00:00;0.8;0;0
MUE;25.06.1970 00:00;0;0;0
MUE;26.06.1970 00:00;0;0;0
MUE;27.06.1970 00:00;6;0;0
MUE;28.06.1970 00:00;23;0;0
MUE;29.06.1970 00:00;0;0;0
MUE;30.06.1970 00:00;8;0;0
MUE;01.07.1970 00:00;0;0;0
MUE;02.07.1970 00:00;0;0;0
MUE;03.07.1970 00:00;4.6;0;0
MUE;04.07.1970 00:00;0;0;0
MUE;05.07.1970 00:00;0;0;0
MUE;06.07.1970 00:00;0;0;0
MUE;07.07.1970 00:00;0;0;0
MUE;08.07.1970 00:00;13.8;0;0
MUE;09.07.1970 00:00;6;0;0
MUE;10.07.1970 00:00;0;0;0
MUE;11.07.1970 00:00;0;0;0
MUE;12.07.1970 00:00;0;0;0
MUE;13.07.1970 00:00;8;0;0
MUE;14.07.1970 00:00;6;0;0
MUE;15.07.1970 00:00;19;0;0
MUE;16.07.1970 00:00;20.5;0;0
MUE;17.07.1970 00:00;1.9;0;0
MUE;18.07.1970 00:00;0;0;0
MUE;19.07.1970 00:00;0;0;0
MUE;20.07.1970 00:00;11;0;0
MUE;21.07.1970 00:00;0;0;0
MUE;22.07.1970 00:00;0;0;0
MUE;23.07.1970 00:00;10;0;0
MUE;24.07.1970 00:00;12;0;0
MUE;25.07.1970 00:00;0;0;0
MUE;26.07.1970 00:00;0;0;0
MUE;27.07.1970 00:00;0;0;0
MUE;28.07.1970 00:00;4.2;0;0
MUE;29.07.1970 00:00;1.2;0;0
MUE;30.07.1970 00:00;0;0;0
MUE;31.07.1970 00:00;0;0;0
MUE;01.08.1970 00:00;0;0;0
MUE;02.08.1970 00:00;0;0;0
MUE;03.08.1970 00:00;10.3;0;0
MUE;04.08.1970 00:00;0;0;0
MUE;05.08.1970 00:00;0;0;0
MUE;06.08.1970 00:00;0;0;0
MUE;07.08.1970 00:00;17;0;0
MUE;08.08.1970 00:00;21;0;0
MUE;09.08.1970 00:00;23;0;0
MUE;10.08.1970 00:00;0;0;0
MUE;11.08.1970 00:00;0;0;0
MUE;12.08.1970 00:00;0;0;0
MUE;13.08.1970 00:00;0;0;0
MUE;14.08.1970 00:00;24;0;0
MUE;15.08.1970 00:00;3.5;0;0
MUE;16.08.1970 00:00;16;0;0
MUE;17.08.1970 00:00;7;0;0
MUE;18.08.1970 00:00;0;0;0
MUE;19.08.1970 00:00;0;0;0
MUE;20.08.1970 00:00;25;0;0
MUE;21.08.1970 00:00;19.5;0;0
MUE;22.08.1970 00:00;6;0;0
MUE;23.08.1970 00:00;0;0;0
MUE;24.08.1970 00:00;4;0;0
MUE;25.08.1970 00:00;0;0;0
MUE;26.08.1970 00:00;0;0;0
MUE;27.08.1970 00:00;0;0;0
MUE;28.08.1970 00:00;9.5;0;0
MUE;29.08.1970 00:00;3;0;0
MUE;30.08.1970 00:00;7;0;0
MUE;31.08.1970 00:00;0;0;0
MUE;01.09.1970 00:00;3.5;0;0
MUE;02.09.1970 00:00;0;0;0
MUE;03.09.1970 00:00;1.8;0;0
MUE;04.09.1970 00:00;0;0;0
MUE;05.09.1970 00:00;0;0;0
MUE;06.09.1970 00:00;0;0;0
MUE;07.09.1970 00:00;0;0;0
MUE;08.09.1970 00:00;8.1;0;0
MUE;09.09.1970 00:00;0;0;0
MUE;10.09.1970 00:00;0;0;0
MUE;11.09.1970 00:00;17.4;0;0
MUE;12.09.1970 00:00;1.1;0;0
MUE;13.09.1970 00:00;0;0;0
MUE;14.09.1970 00:00;0;0;0
MUE;15.09.1970 00:00;6.5;0;0
MUE;16.09.1970 00:00;2.7;0;0
MUE;17.09.1970 00:00;0;0;0
MUE;18.09.1970 00:00;0;0;0
MUE;19.09.1970 00:00;0;0;0
MUE;20.09.1970 00:00;0;0;0
MUE;21.09.1970 00:00;0;0;0
MUE;22.09.1970 00:00;0.8;0;0
MUE;23.09.1970 00:00;0;0;0
MUE;24.09.1970 00:00;0;0;0
MUE;25.09.1970 00:00;0;0;0
MUE;26.09.1970 00:00;0;0;0
MUE;27.09.1970 00:00;0;0;0
MUE;28.09.1970 00:00;0;0;0
MUE;29.09.1970 00:00;0;0;0
MUE;30.09.1970 00:00;28.2;0;0
MUE;01.10.1970 00:00;24.9;0;0
MUE;02.10.1970 00:00;22.7;6;0
MUE;03.10.1970 00:00;16.3;15;6
MUE;04.10.1970 00:00;7.5;0;21
MUE;05.10.1970 00:00;0;0;8
MUE;06.10.1970 00:00;0;0;2
MUE;07.10.1970 00:00;0;0;0
MUE;08.10.1970 00:00;0;0;0
MUE;09.10.1970 00:00;9.8;0;0
MUE;10.10.1970 00:00;0;0;0
MUE;11.10.1970 00:00;0;0;0
MUE;12.10.1970 00:00;0;0;0
MUE;13.10.1970 00:00;0;0;0
MUE;14.10.1970 00:00;0;0;0
MUE;15.10.1970 00:00;0;0;0
MUE;16.10.1970 00:00;0;0;0
MUE;17.10.1970 00:00;0;0;0
MUE;18.10.1970 00:00;0;0;0
MUE;19.10.1970 00:00;4.7;2;0
MUE;20.10.1970 00:00;14.3;17;2
MUE;21.10.1970 00:00;0;0;19
MUE;22.10.1970 00:00;8.9;14;14
MUE;23.10.1970 00:00;13.8;14;28
MUE;24.10.1970 00:00;0;0;42
MUE;25.10.1970 00:00;0;0;26
MUE;26.10.1970 00:00;0;0;19
MUE;27.10.1970 00:00;0;0;17
MUE;28.10.1970 00:00;0;0;16
MUE;29.10.1970 00:00;0;0;12
MUE;30.10.1970 00:00;0;0;10
MUE;31.10.1970 00:00;0;0;9
MUE;01.11.1970 00:00;0;0;9
MUE;02.11.1970 00:00;0;0;6
MUE;03.11.1970 00:00;0;0;4
MUE;04.11.1970 00:00;0;0;0
MUE;05.11.1970 00:00;2.3;0;0
MUE;06.11.1970 00:00;0;0;0
MUE;07.11.1970 00:00;0;0;0
MUE;08.11.1970 00:00;0;0;0
MUE;09.11.1970 00:00;4.8;5;0
MUE;10.11.1970 00:00;0;0;5
MUE;11.11.1970 00:00;0;0;4
MUE;12.11.1970 00:00;2.3;10;2
MUE;13.11.1970 00:00;13.1;2;10
MUE;14.11.1970 00:00;1.1;1;7
MUE;15.11.1970 00:00;2.3;5;8
MUE;16.11.1970 00:00;0.6;0;20
MUE;17.11.1970 00:00;4.9;0;17
MUE;18.11.1970 00:00;0;0;3
MUE;19.11.1970 00:00;9.6;3;1
MUE;20.11.1970 00:00;0.5;1;3
MUE;21.11.1970 00:00;2.3;19;3
MUE;22.11.1970 00:00;2.2;1;22
MUE;23.11.1970 00:00;0;0;23
MUE;24.11.1970 00:00;0;0;18
MUE;25.11.1970 00:00;0;0;15
MUE;26.11.1970 00:00;0;0;14
MUE;27.11.1970 00:00;0;0;12
MUE;28.11.1970 00:00;0;0;12
MUE;29.11.1970 00:00;8.8;2;5
MUE;30.11.1970 00:00;5.3;0;5
MUE;01.12.1970 00:00;3;6;5
MUE;02.12.1970 00:00;0.5;6;8
MUE;03.12.1970 00:00;3.2;0;8
MUE;04.12.1970 00:00;0;0;3
MUE;05.12.1970 00:00;0.4;1;2
MUE;06.12.1970 00:00;0;0;3
MUE;07.12.1970 00:00;5.5;8;2
MUE;08.12.1970 00:00;0;0;10
MUE;09.12.1970 00:00;0;0;9
MUE;10.12.1970 00:00;0;0;5
MUE;11.12.1970 00:00;0;0;5
MUE;12.12.1970 00:00;0;0;4
MUE;13.12.1970 00:00;0;0;4
MUE;14.12.1970 00:00;1.2;4;4
MUE;15.12.1970 00:00;0;0;8
MUE;16.12.1970 00:00;0;0;8
MUE;17.12.1970 00:00;0;0;7
MUE;18.12.1970 00:00;0;0;7
MUE;19.12.1970 00:00;0;0;7
MUE;20.12.1970 00:00;0;0;7
MUE;21.12.1970 00:00;2.9;5;7
MUE;22.12.1970 00:00;2.5;2;12
MUE;23.12.1970 00:00;0;0;14
MUE;24.12.1970 00:00;0;0;14
MUE;25.12.1970 00:00;0;0;14
MUE;26.12.1970 00:00;0;0;14
MUE;27.12.1970 00:00;0;0;14
MUE;28.12.1970 00:00;1;2;12
MUE;29.12.1970 00:00;0.8;1;14
MUE;30.12.1970 00:00;2.8;5;15
MUE;31.12.1970 00:00;2.2;4;20
MUE;01.01.1971 00:00;0;0;24
MUE;02.01.1971 00:00;0;0;24
MUE;03.01.1971 00:00;0;0;23
MUE;04.01.1971 00:00;0;0;23
MUE;05.01.1971 00:00;0;0;23
MUE;06.01.1971 00:00;0;0;23
MUE;07.01.1971 00:00;0;0;20
MUE;08.01.1971 00:00;0;0;17
MUE;09.01.1971 00:00;0;0;15
MUE;10.01.1971 00:00;0;0;15
MUE;11.01.1971 00:00;0;0;15
MUE;12.01.1971 00:00;0;0;14
MUE;13.01.1971 00:00;0;0;14
MUE;14.01.1971 00:00;0;0;14
MUE;15.01.1971 00:00;0;0;14
MUE;16.01.1971 00:00;0;0;14
MUE;17.01.1971 00:00;0;0;14
MUE;18.01.1971 00:00;0;0;14
MUE;19.01.1971 00:00;4.8;5;14
MUE;20.01.1971 00:00;2;2;19
MUE;21.01.1971 00:00;0;0;21
MUE;22.01.1971 00:00;0;0;21
MUE;23.01.1971 00:00;2.2;2;21
MUE;24.01.1971 00:00;4.4;0;23
MUE;25.01.1971 00:00;0;0;30
MUE;26.01.1971 00:00;3.5;5;30
MUE;27.01.1971 00:00;5.6;8;35
MUE;28.01.1971 00:00;0;0;43
MUE;29.01.1971 00:00;0;0;43
MUE;30.01.1971 00:00;0;0;40
MUE;31.01.1971 00:00;0;0;30
MUE;01.02.1971 00:00;8.2;8;30
MUE;02.02.1971 00:00;0.9;1;38
MUE;03.02.1971 00:00;17.8;11;39
MUE;04.02.1971 00:00;3.2;2;50
MUE;05.02.1971 00:00;0;0;52
MUE;06.02.1971 00:00;0;0;47
MUE;07.02.1971 00:00;0;0;45
MUE;08.02.1971 00:00;0;0;43
MUE;09.02.1971 00:00;0;0;43
MUE;10.02.1971 00:00;0;0;40
MUE;11.02.1971 00:00;0;0;38
MUE;12.02.1971 00:00;0;0;36
MUE;13.02.1971 00:00;0;0;36
MUE;14.02.1971 00:00;0.9;2;36
MUE;15.02.1971 00:00;0;0;38
MUE;16.02.1971 00:00;8.7;12;38
MUE;17.02.1971 00:00;4;6;50
MUE;18.02.1971 00:00;10.6;21;56
MUE;19.02.1971 00:00;12.3;1;77
MUE;20.02.1971 00:00;0;0;100
MUE;21.02.1971 00:00;4.7;7;100
MUE;22.02.1971 00:00;10;19;97
MUE;23.02.1971 00:00;5.9;10;100
MUE;24.02.1971 00:00;0;0;114
MUE;25.02.1971 00:00;0;0;95
MUE;26.02.1971 00:00;3.8;9;87
MUE;27.02.1971 00:00;0.7;1;96
MUE;28.02.1971 00:00;0.4;2;91
MUE;01.03.1971 00:00;0;0;88
MUE;02.03.1971 00:00;0;0;86
MUE;03.03.1971 00:00;9.5;12;75
MUE;04.03.1971 00:00;3.9;6;87
MUE;05.03.1971 00:00;0;0;93
MUE;06.03.1971 00:00;0;0;93
MUE;07.03.1971 00:00;0;0;93
MUE;08.03.1971 00:00;0;0;93
MUE;09.03.1971 00:00;0;0;80
MUE;10.03.1971 00:00;0;0;75
MUE;11.03.1971 00:00;3.3;10;75
MUE;12.03.1971 00:00;0;0;82
MUE;13.03.1971 00:00;0;0;77
MUE;14.03.1971 00:00;0.9;1;72
MUE;15.03.1971 00:00;10.2;14;70
MUE;16.03.1971 00:00;2;4;85
MUE;17.03.1971 00:00;0;0;87
MUE;18.03.1971 00:00;0;0;85
MUE;19.03.1971 00:00;1.1;1;73
MUE;20.03.1971 00:00;24.7;34;70
MUE;21.03.1971 00:00;23.8;43;98
MUE;22.03.1971 00:00;6.4;9;141
MUE;23.03.1971 00:00;0;0;127
MUE;24.03.1971 00:00;0;0;125
MUE;25.03.1971 00:00;6.3;9;110
MUE;26.03.1971 00:00;9.9;14;110
MUE;27.03.1971 00:00;5.6;11;125
MUE;28.03.1971 00:00;0;0;128
MUE;29.03.1971 00:00;0;0;115
MUE;30.03.1971 00:00;0;0;112
MUE;31.03.1971 00:00;0;0;105
MUE;01.04.1971 00:00;0;0;100
MUE;02.04.1971 00:00;0;0;95
MUE;03.04.1971 00:00;0;0;92
MUE;04.04.1971 00:00;0;0;88
MUE;05.04.1971 00:00;0;0;84
MUE;06.04.1971 00:00;0;0;84
MUE;07.04.1971 00:00;0;0;84
MUE;08.04.1971 00:00;0;0;80
MUE;09.04.1971 00:00;0;0;76
MUE;10.04.1971 00:00;0;0;69
MUE;11.04.1971 00:00;0;0;65
MUE;12.04.1971 00:00;0;0;60
MUE;13.04.1971 00:00;0;0;58
MUE;14.04.1971 00:00;0;0;55
MUE;15.04.1971 00:00;0;0;50
MUE;16.04.1971 00:00;0.5;0;42
MUE;17.04.1971 00:00;4;0;37
MUE;18.04.1971 00:00;0;0;34
MUE;19.04.1971 00:00;0;0;30
MUE;20.04.1971 00:00;0;0;18
MUE;21.04.1971 00:00;0;0;15
MUE;22.04.1971 00:00;0;0;10
MUE;23.04.1971 00:00;0;0;5
MUE;24.04.1971 00:00;14.8;5;0
MUE;25.04.1971 00:00;0;0;5
MUE;26.04.1971 00:00;0;0;0
MUE;27.04.1971 00:00;12;3;0
MUE;28.04.1971 00:00;0;0;3
MUE;29.04.1971 00:00;0;0;0
MUE;30.04.1971 00:00;0;0;0
MUE;01.05.1971 00:00;10.4;0;0
MUE;02.05.1971 00:00;15.2;0;0
MUE;03.05.1971 00:00;1.4;0;0
MUE;04.05.1971 00:00;5.4;0;0
MUE;05.05.1971 00:00;0.8;0;0
MUE;06.05.1971 00:00;0;0;0
MUE;07.05.1971 00:00;0;0;0
MUE;08.05.1971 00:00;0;0;0
MUE;09.05.1971 00:00;0.7;0;0
MUE;10.05.1971 00:00;1;0;0
MUE;11.05.1971 00:00;0;0;0
MUE;12.05.1971 00:00;0;0;0
MUE;13.05.1971 00:00;0;0;0
MUE;14.05.1971 00:00;1.7;0;0
MUE;15.05.1971 00:00;0;0;0
MUE;16.05.1971 00:00;0;0;0
MUE;17.05.1971 00:00;0;0;0
MUE;18.05.1971 00:00;0;0;0
MUE;19.05.1971 00:00;0;0;0
MUE;20.05.1971 00:00;4;0;0
MUE;21.05.1971 00:00;18.2;0;0
MUE;22.05.1971 00:00;7;0;0
MUE;23.05.1971 00:00;13.7;0;0
MUE;24.05.1971 00:00;13.3;0;0
MUE;25.05.1971 00:00;0.4;0;0
MUE;26.05.1971 00:00;0;0;0
MUE;27.05.1971 00:00;10.1;0;0
MUE;28.05.1971 00:00;16.4;5;0
MUE;29.05.1971 00:00;0.6;0;5
MUE;30.05.1971 00:00;7.1;0;0
MUE;31.05.1971 00:00;1;0;0
MUE;01.06.1971 00:00;0.2;0;0
MUE;02.06.1971 00:00;6.2;0;0
MUE;03.06.1971 00:00;1.2;0;0
MUE;04.06.1971 00:00;0;0;0
MUE;05.06.1971 00:00;7;0;0
MUE;06.06.1971 00:00;36.8;0;0
MUE;07.06.1971 00:00;7.4;0;0
MUE;08.06.1971 00:00;1.2;0;0
MUE;09.06.1971 00:00;3.9;0;0
MUE;10.06.1971 00:00;13.4;0;0
MUE;11.06.1971 00:00;15.8;0;0
MUE;12.06.1971 00:00;2.5;0;0
MUE;13.06.1971 00:00;0;0;0
MUE;14.06.1971 00:00;10.2;0;0
MUE;15.06.1971 00:00;7.7;0;0
MUE;16.06.1971 00:00;0.7;0;0
MUE;17.06.1971 00:00;2.9;0;0
MUE;18.06.1971 00:00;9.6;0;0
MUE;19.06.1971 00:00;28.3;0;0
MUE;20.06.1971 00:00;0;0;0
MUE;21.06.1971 00:00;0;0;0
MUE;22.06.1971 00:00;0;0;0
MUE;23.06.1971 00:00;0;0;0
MUE;24.06.1971 00:00;10.6;0;0
MUE;25.06.1971 00:00;13.4;0;0
MUE;26.06.1971 00:00;9.8;0;0
MUE;27.06.1971 00:00;0;0;0
MUE;28.06.1971 00:00;7.8;0;0
MUE;29.06.1971 00:00;2.4;0;0
MUE;30.06.1971 00:00;31.4;0;0
MUE;01.07.1971 00:00;0;0;0
MUE;02.07.1971 00:00;0;0;0
MUE;03.07.1971 00:00;0;0;0
MUE;04.07.1971 00:00;0;0;0
MUE;05.07.1971 00:00;0;0;0
MUE;06.07.1971 00:00;0;0;0
MUE;07.07.1971 00:00;0;0;0
MUE;08.07.1971 00:00;0;0;0
MUE;09.07.1971 00:00;0;0;0
MUE;10.07.1971 00:00;0;0;0
MUE;11.07.1971 00:00;8.1;0;0
MUE;12.07.1971 00:00;2.3;0;0
MUE;13.07.1971 00:00;0;0;0
MUE;14.07.1971 00:00;0;0;0
MUE;15.07.1971 00:00;0;0;0
MUE;16.07.1971 00:00;0;0;0
MUE;17.07.1971 00:00;10.9;0;0
MUE;18.07.1971 00:00;14.9;0;0
MUE;19.07.1971 00:00;3.6;0;0
MUE;20.07.1971 00:00;11.3;0;0
MUE;21.07.1971 00:00;0;0;0
MUE;22.07.1971 00:00;0;0;0
MUE;23.07.1971 00:00;1.2;0;0
MUE;24.07.1971 00:00;0.4;0;0
MUE;25.07.1971 00:00;4.9;0;0
MUE;26.07.1971 00:00;0;0;0
MUE;27.07.1971 00:00;2.9;0;0
MUE;28.07.1971 00:00;4;0;0
MUE;29.07.1971 00:00;0;0;0
MUE;30.07.1971 00:00;0;0;0
MUE;31.07.1971 00:00;0;0;0
MUE;01.08.1971 00:00;0.4;0;0
MUE;02.08.1971 00:00;0;0;0
MUE;03.08.1971 00:00;8;0;0
MUE;04.08.1971 00:00;0;0;0
MUE;05.08.1971 00:00;0;0;0
MUE;06.08.1971 00:00;0;0;0
MUE;07.08.1971 00:00;15.2;0;0
MUE;08.08.1971 00:00;13.5;0;0
MUE;09.08.1971 00:00;0;0;0
MUE;10.08.1971 00:00;25.2;0;0
MUE;11.08.1971 00:00;25.9;0;0
MUE;12.08.1971 00:00;0;0;0
MUE;13.08.1971 00:00;0;0;0
MUE;14.08.1971 00:00;0;0;0
MUE;15.08.1971 00:00;0;0;0
MUE;16.08.1971 00:00;0;0;0
MUE;17.08.1971 00:00;0;0;0
MUE;18.08.1971 00:00;0;0;0
MUE;19.08.1971 00:00;5.1;0;0
MUE;20.08.1971 00:00;35.6;0;0
MUE;21.08.1971 00:00;4;0;0
MUE;22.08.1971 00:00;6.7;0;0
MUE;23.08.1971 00:00;0.5;0;0
MUE;24.08.1971 00:00;2.1;0;0
MUE;25.08.1971 00:00;5.6;0;0
MUE;26.08.1971 00:00;27;0;0
MUE;27.08.1971 00:00;3.4;0;0
MUE;28.08.1971 00:00;0;0;0
MUE;29.08.1971 00:00;0;0;0
MUE;30.08.1971 00:00;10.1;0;0
MUE;31.08.1971 00:00;3.8;0;0
MUE;01.09.1971 00:00;0;0;0
MUE;02.09.1971 00:00;0;0;0
MUE;03.09.1971 00:00;0;0;0
MUE;04.09.1971 00:00;0;0;0
MUE;05.09.1971 00:00;0;0;0
MUE;06.09.1971 00:00;0;0;0
MUE;07.09.1971 00:00;0;0;0
MUE;08.09.1971 00:00;0;0;0
MUE;09.09.1971 00:00;0.2;0;0
MUE;10.09.1971 00:00;8.7;0;0
MUE;11.09.1971 00:00;10.3;0;0
MUE;12.09.1971 00:00;1.6;0;0
MUE;13.09.1971 00:00;0;0;0
MUE;14.09.1971 00:00;0;0;0
MUE;15.09.1971 00:00;0.3;0;0
MUE;16.09.1971 00:00;0;0;0
MUE;17.09.1971 00:00;0;0;0
MUE;18.09.1971 00:00;0;0;0
MUE;19.09.1971 00:00;0;0;0
MUE;20.09.1971 00:00;0;0;0
MUE;21.09.1971 00:00;0;0;0
MUE;22.09.1971 00:00;0;0;0
MUE;23.09.1971 00:00;2.2;0;0
MUE;24.09.1971 00:00;0.6;0;0
MUE;25.09.1971 00:00;0;0;0
MUE;26.09.1971 00:00;0;0;0
MUE;27.09.1971 00:00;11;0;0
MUE;28.09.1971 00:00;11.8;0;0
MUE;29.09.1971 00:00;7.1;0;0
MUE;30.09.1971 00:00;0;0;0
MUE;01.10.1971 00:00;0;0;0
MUE;02.10.1971 00:00;0;0;0
MUE;03.10.1971 00:00;0;0;0
MUE;04.10.1971 00:00;0;0;0
MUE;05.10.1971 00:00;0;0;0
MUE;06.10.1971 00:00;0;0;0
MUE;07.10.1971 00:00;0;0;0
MUE;08.10.1971 00:00;0;0;0
MUE;09.10.1971 00:00;0;0;0
MUE;10.10.1971 00:00;0;0;0
MUE;11.10.1971 00:00;0;0;0
MUE;12.10.1971 00:00;0;0;0
MUE;13.10.1971 00:00;3.6;0;0
MUE;14.10.1971 00:00;22.2;0;0
MUE;15.10.1971 00:00;0;0;0
MUE;16.10.1971 00:00;0;0;0
MUE;17.10.1971 00:00;2.7;0;0
MUE;18.10.1971 00:00;0;0;0
MUE;19.10.1971 00:00;0;0;0
MUE;20.10.1971 00:00;0;0;0
MUE;21.10.1971 00:00;0;0;0
MUE;22.10.1971 00:00;0;0;0
MUE;23.10.1971 00:00;0;0;0
MUE;24.10.1971 00:00;0;0;0
MUE;25.10.1971 00:00;0;0;0
MUE;26.10.1971 00:00;0;0;0
MUE;27.10.1971 00:00;0;0;0
MUE;28.10.1971 00:00;0;0;0
MUE;29.10.1971 00:00;0;0;0
MUE;30.10.1971 00:00;0;0;0
MUE;31.10.1971 00:00;0;0;0
MUE;01.11.1971 00:00;0;0;0
MUE;02.11.1971 00:00;0;0;0
MUE;03.11.1971 00:00;0;0;0
MUE;04.11.1971 00:00;0;0;0
MUE;05.11.1971 00:00;0;0;0
MUE;06.11.1971 00:00;0;0;0
MUE;07.11.1971 00:00;2.6;0;0
MUE;08.11.1971 00:00;6.6;1;0
MUE;09.11.1971 00:00;17;23;1
MUE;10.11.1971 00:00;0;0;23
MUE;11.11.1971 00:00;0;0;23
MUE;12.11.1971 00:00;0;0;20
MUE;13.11.1971 00:00;0;0;19
MUE;14.11.1971 00:00;0;0;13
MUE;15.11.1971 00:00;0;0;11
MUE;16.11.1971 00:00;0;0;10
MUE;17.11.1971 00:00;5.9;0;9
MUE;18.11.1971 00:00;4;0;9
MUE;19.11.1971 00:00;25.4;36;7
MUE;20.11.1971 00:00;6.2;8;40
MUE;21.11.1971 00:00;35.9;24;47
MUE;22.11.1971 00:00;13.2;19;63
MUE;23.11.1971 00:00;9.4;9;80
MUE;24.11.1971 00:00;0;0;83
MUE;25.11.1971 00:00;0;0;80
MUE;26.11.1971 00:00;0;0;74
MUE;27.11.1971 00:00;0;0;70
MUE;28.11.1971 00:00;3.7;4;63
MUE;29.11.1971 00:00;0;0;65
MUE;30.11.1971 00:00;5.8;9;65
MUE;01.12.1971 00:00;2.4;4;70
MUE;02.12.1971 00:00;1;0;69
MUE;03.12.1971 00:00;0;0;66
MUE;04.12.1971 00:00;0;0;61
MUE;05.12.1971 00:00;0;0;55
MUE;06.12.1971 00:00;0;0;53
MUE;07.12.1971 00:00;0;0;51
MUE;08.12.1971 00:00;0;0;49
MUE;09.12.1971 00:00;10.7;16;46
MUE;10.12.1971 00:00;20.2;34;62
MUE;11.12.1971 00:00;0;0;93
MUE;12.12.1971 00:00;0;0;80
MUE;13.12.1971 00:00;0;0;72
MUE;14.12.1971 00:00;0;0;69
MUE;15.12.1971 00:00;0;0;65
MUE;16.12.1971 00:00;0;0;65
MUE;17.12.1971 00:00;0;0;62
MUE;18.12.1971 00:00;0;0;60
MUE;19.12.1971 00:00;1;0;57
MUE;20.12.1971 00:00;0;0;50
MUE;21.12.1971 00:00;0;0;47
MUE;22.12.1971 00:00;0;0;45
MUE;23.12.1971 00:00;0;0;40
MUE;24.12.1971 00:00;0;0;39
MUE;25.12.1971 00:00;0;0;39
MUE;26.12.1971 00:00;0;0;38
MUE;27.12.1971 00:00;0;0;38
MUE;28.12.1971 00:00;0;0;38
MUE;29.12.1971 00:00;0;0;38
MUE;30.12.1971 00:00;0;0;38
MUE;31.12.1971 00:00;0;0;37
MUE;01.01.1972 00:00;0;0;37
MUE;02.01.1972 00:00;1.5;2;37
MUE;03.01.1972 00:00;1.2;1;38
MUE;04.01.1972 00:00;0;0;38
MUE;05.01.1972 00:00;0;0;38
MUE;06.01.1972 00:00;0;0;37
MUE;07.01.1972 00:00;0;0;37
MUE;08.01.1972 00:00;0;0;37
MUE;09.01.1972 00:00;0;0;37
MUE;10.01.1972 00:00;0;0;37
MUE;11.01.1972 00:00;0;0;37
MUE;12.01.1972 00:00;0;0;35
MUE;13.01.1972 00:00;0;0;33
MUE;14.01.1972 00:00;0;0;32
MUE;15.01.1972 00:00;0;0;32
MUE;16.01.1972 00:00;0;0;32
MUE;17.01.1972 00:00;0;0;32
MUE;18.01.1972 00:00;0;0;32
MUE;19.01.1972 00:00;0;0;31
MUE;20.01.1972 00:00;0;0;30
MUE;21.01.1972 00:00;2.7;1;30
MUE;22.01.1972 00:00;0;0;31
MUE;23.01.1972 00:00;0;0;31
MUE;24.01.1972 00:00;1.6;4;31
MUE;25.01.1972 00:00;6.6;11;35
MUE;26.01.1972 00:00;2;1;45
MUE;27.01.1972 00:00;7.4;6;43
MUE;28.01.1972 00:00;7.2;8;48
MUE;29.01.1972 00:00;0;0;55
MUE;30.01.1972 00:00;0;0;53
MUE;31.01.1972 00:00;0;0;50
MUE;01.02.1972 00:00;0;0;49
MUE;02.02.1972 00:00;0;0;49
MUE;03.02.1972 00:00;0;0;48
MUE;04.02.1972 00:00;0;0;47
MUE;05.02.1972 00:00;0;0;47
MUE;06.02.1972 00:00;0;0;47
MUE;07.02.1972 00:00;0;0;43
MUE;08.02.1972 00:00;0;0;42
MUE;09.02.1972 00:00;13.1;15;41
MUE;10.02.1972 00:00;0;0;55
MUE;11.02.1972 00:00;8.9;16;55
MUE;12.02.1972 00:00;2.1;3;70
MUE;13.02.1972 00:00;6.3;15;70
MUE;14.02.1972 00:00;3.3;0;83
MUE;15.02.1972 00:00;0;0;80
MUE;16.02.1972 00:00;0;0;75
MUE;17.02.1972 00:00;0;0;70
MUE;18.02.1972 00:00;0;0;64
MUE;19.02.1972 00:00;15.4;0;62
MUE;20.02.1972 00:00;0;0;65
MUE;21.02.1972 00:00;0;0;62
MUE;22.02.1972 00:00;0;0;60
MUE;23.02.1972 00:00;0;0;60
MUE;24.02.1972 00:00;0;0;60
MUE;25.02.1972 00:00;0;0;58
MUE;26.02.1972 00:00;1.7;2;56
MUE;27.02.1972 00:00;1.3;1;56
MUE;28.02.1972 00:00;0;0;57
MUE;29.02.1972 00:00;0;0;57
MUE;01.03.1972 00:00;0.2;1;57
MUE;02.03.1972 00:00;0;0;57
MUE;03.03.1972 00:00;0;0;57
MUE;04.03.1972 00:00;0;0;56
MUE;05.03.1972 00:00;4.8;9;56
MUE;06.03.1972 00:00;0;0;63
MUE;07.03.1972 00:00;9.5;11;63
MUE;08.03.1972 00:00;0;0;72
MUE;09.03.1972 00:00;0.4;1;70
MUE;10.03.1972 00:00;7.4;0;66
MUE;11.03.1972 00:00;0;0;63
MUE;12.03.1972 00:00;0;0;60
MUE;13.03.1972 00:00;0;0;60
MUE;14.03.1972 00:00;0;0;58
MUE;15.03.1972 00:00;0;0;56
MUE;16.03.1972 00:00;0;0;53
MUE;17.03.1972 00:00;0;0;50
MUE;18.03.1972 00:00;0;0;48
MUE;19.03.1972 00:00;0;0;45
MUE;20.03.1972 00:00;0;0;40
MUE;21.03.1972 00:00;0;0;37
MUE;22.03.1972 00:00;0;0;33
MUE;23.03.1972 00:00;0;0;31
MUE;24.03.1972 00:00;0;0;27
MUE;25.03.1972 00:00;0;0;23
MUE;26.03.1972 00:00;5.7;4;18
MUE;27.03.1972 00:00;0;0;16
MUE;28.03.1972 00:00;4.1;4;16
MUE;29.03.1972 00:00;0;0;20
MUE;30.03.1972 00:00;0;0;16
MUE;31.03.1972 00:00;0;0;10
MUE;01.04.1972 00:00;21.2;0;7
MUE;02.04.1972 00:00;5.2;0;3
MUE;03.04.1972 00:00;0;0;0
MUE;04.04.1972 00:00;10.9;6;0
MUE;05.04.1972 00:00;0;0;6
MUE;06.04.1972 00:00;0;0;0
MUE;07.04.1972 00:00;0.7;0;0
MUE;08.04.1972 00:00;7;0;0
MUE;09.04.1972 00:00;0;0;0
MUE;10.04.1972 00:00;2.4;0;0
MUE;11.04.1972 00:00;5.1;0;0
MUE;12.04.1972 00:00;10.5;6;4
MUE;13.04.1972 00:00;1;0;15
MUE;14.04.1972 00:00;0;0;7
MUE;15.04.1972 00:00;13.4;19;0
MUE;16.04.1972 00:00;7.4;12;19
MUE;17.04.1972 00:00;2.1;2;22
MUE;18.04.1972 00:00;0;0;22
MUE;19.04.1972 00:00;11;1;15
MUE;20.04.1972 00:00;0;0;10
MUE;21.04.1972 00:00;0;0;7
MUE;22.04.1972 00:00;0;0;3
MUE;23.04.1972 00:00;0;0;2
MUE;24.04.1972 00:00;11.1;7;0
MUE;25.04.1972 00:00;0.5;0;7
MUE;26.04.1972 00:00;0;0;4
MUE;27.04.1972 00:00;16.2;28;0
MUE;28.04.1972 00:00;3.3;1;28
MUE;29.04.1972 00:00;0;0;13
MUE;30.04.1972 00:00;0;0;0
MUE;01.05.1972 00:00;0;0;0
MUE;02.05.1972 00:00;0;0;0
MUE;03.05.1972 00:00;13.7;0;0
MUE;04.05.1972 00:00;10.2;0;0
MUE;05.05.1972 00:00;1.1;0;0
MUE;06.05.1972 00:00;2.4;0;0
MUE;07.05.1972 00:00;4.6;0;0
MUE;08.05.1972 00:00;6.7;0;0
MUE;09.05.1972 00:00;2.3;0;0
MUE;10.05.1972 00:00;14.1;10;0
MUE;11.05.1972 00:00;0;0;10
MUE;12.05.1972 00:00;9.5;3;0
MUE;13.05.1972 00:00;0;0;3
MUE;14.05.1972 00:00;5.6;4;0
MUE;15.05.1972 00:00;2.1;0;4
MUE;16.05.1972 00:00;13.8;14;0
MUE;17.05.1972 00:00;3;0;14
MUE;18.05.1972 00:00;0;0;3
MUE;19.05.1972 00:00;7.3;0;0
MUE;20.05.1972 00:00;17.4;0;0
MUE;21.05.1972 00:00;0;0;0
MUE;22.05.1972 00:00;0;0;0
MUE;23.05.1972 00:00;0;0;0
MUE;24.05.1972 00:00;1.1;0;0
MUE;25.05.1972 00:00;0;0;0
MUE;26.05.1972 00:00;2.7;0;0
MUE;27.05.1972 00:00;9.3;8;0
MUE;28.05.1972 00:00;0;0;8
MUE;29.05.1972 00:00;3.7;0;0
MUE;30.05.1972 00:00;4.6;0;0
MUE;31.05.1972 00:00;2;0;0
MUE;01.06.1972 00:00;0.7;0;0
MUE;02.06.1972 00:00;8.3;0;0
MUE;03.06.1972 00:00;0;0;0
MUE;04.06.1972 00:00;0;0;0
MUE;05.06.1972 00:00;0.2;0;0
MUE;06.06.1972 00:00;3.1;0;0
MUE;07.06.1972 00:00;9;0;0
MUE;08.06.1972 00:00;0;0;0
MUE;09.06.1972 00:00;7.9;0;0
MUE;10.06.1972 00:00;5.6;0;0
MUE;11.06.1972 00:00;34.4;21;0
MUE;12.06.1972 00:00;8.5;0;21
MUE;13.06.1972 00:00;0;0;8
MUE;14.06.1972 00:00;0;0;0
MUE;15.06.1972 00:00;1.7;0;0
MUE;16.06.1972 00:00;14;0;0
MUE;17.06.1972 00:00;0;0;0
MUE;18.06.1972 00:00;0;0;0
MUE;19.06.1972 00:00;2.5;0;0
MUE;20.06.1972 00:00;0;0;0
MUE;21.06.1972 00:00;0;0;0
MUE;22.06.1972 00:00;8.4;0;0
MUE;23.06.1972 00:00;0;0;0
MUE;24.06.1972 00:00;0;0;0
MUE;25.06.1972 00:00;0;0;0
MUE;26.06.1972 00:00;0;0;0
MUE;27.06.1972 00:00;17.8;0;0
MUE;28.06.1972 00:00;13.1;0;0
MUE;29.06.1972 00:00;18.6;0;0
MUE;30.06.1972 00:00;10.3;0;0
MUE;01.07.1972 00:00;2.5;0;0
MUE;02.07.1972 00:00;4.2;0;0
MUE;03.07.1972 00:00;7.9;0;0
MUE;04.07.1972 00:00;0;0;0
MUE;05.07.1972 00:00;18.5;0;0
MUE;06.07.1972 00:00;3.5;0;0
MUE;07.07.1972 00:00;0;0;0
MUE;08.07.1972 00:00;0;0;0
MUE;09.07.1972 00:00;4.5;0;0
MUE;10.07.1972 00:00;14.5;0;0
MUE;11.07.1972 00:00;7.9;0;0
MUE;12.07.1972 00:00;1.4;0;0
MUE;13.07.1972 00:00;0;0;0
MUE;14.07.1972 00:00;0;0;0
MUE;15.07.1972 00:00;0;0;0
MUE;16.07.1972 00:00;0;0;0
MUE;17.07.1972 00:00;7.3;0;0
MUE;18.07.1972 00:00;12.1;0;0
MUE;19.07.1972 00:00;0;0;0
MUE;20.07.1972 00:00;0.9;0;0
MUE;21.07.1972 00:00;3.6;0;0
MUE;22.07.1972 00:00;3.3;0;0
MUE;23.07.1972 00:00;0;0;0
MUE;24.07.1972 00:00;9.4;0;0
MUE;25.07.1972 00:00;9.2;0;0
MUE;26.07.1972 00:00;4.8;0;0
MUE;27.07.1972 00:00;6.7;0;0
MUE;28.07.1972 00:00;12.7;0;0
MUE;29.07.1972 00:00;0;0;0
MUE;30.07.1972 00:00;1.9;0;0
MUE;31.07.1972 00:00;1.8;0;0
MUE;01.08.1972 00:00;0.9;0;0
MUE;02.08.1972 00:00;0.8;0;0
MUE;03.08.1972 00:00;16;0;0
MUE;04.08.1972 00:00;0;0;0
MUE;05.08.1972 00:00;0;0;0
MUE;06.08.1972 00:00;0;0;0
MUE;07.08.1972 00:00;0;0;0
MUE;08.08.1972 00:00;0;0;0
MUE;09.08.1972 00:00;0;0;0
MUE;10.08.1972 00:00;0;0;0
MUE;11.08.1972 00:00;0;0;0
MUE;12.08.1972 00:00;8.1;0;0
MUE;13.08.1972 00:00;10;0;0
MUE;14.08.1972 00:00;12;0;0
MUE;15.08.1972 00:00;12.7;0;0
MUE;16.08.1972 00:00;5.6;0;0
MUE;17.08.1972 00:00;1;0;0
MUE;18.08.1972 00:00;24.5;0;0
MUE;19.08.1972 00:00;5.1;0;0
MUE;20.08.1972 00:00;0;0;0
MUE;21.08.1972 00:00;0;0;0
MUE;22.08.1972 00:00;0;0;0
MUE;23.08.1972 00:00;0;0;0
MUE;24.08.1972 00:00;0;0;0
MUE;25.08.1972 00:00;0;0;0
MUE;26.08.1972 00:00;0;0;0
MUE;27.08.1972 00:00;7.3;0;0
MUE;28.08.1972 00:00;4.5;0;0
MUE;29.08.1972 00:00;0;0;0
MUE;30.08.1972 00:00;1.1;0;0
MUE;31.08.1972 00:00;0;0;0
MUE;01.09.1972 00:00;0.1;0;0
MUE;02.09.1972 00:00;1.9;0;0
MUE;03.09.1972 00:00;0.9;0;0
MUE;04.09.1972 00:00;0;0;0
MUE;05.09.1972 00:00;0;0;0
MUE;06.09.1972 00:00;0;0;0
MUE;07.09.1972 00:00;1.2;0;0
MUE;08.09.1972 00:00;3.6;0;0
MUE;09.09.1972 00:00;6.5;0;0
MUE;10.09.1972 00:00;13.7;1;0
MUE;11.09.1972 00:00;0;0;1
MUE;12.09.1972 00:00;0;0;0
MUE;13.09.1972 00:00;0.6;0;0
MUE;14.09.1972 00:00;0;0;0
MUE;15.09.1972 00:00;19.8;1;0
MUE;16.09.1972 00:00;3.1;0;1
MUE;17.09.1972 00:00;1;0;0
MUE;18.09.1972 00:00;14.9;2;0
MUE;19.09.1972 00:00;0;0;2
MUE;20.09.1972 00:00;0;0;0
MUE;21.09.1972 00:00;0;0;0
MUE;22.09.1972 00:00;0;0;0
MUE;23.09.1972 00:00;0;0;0
MUE;24.09.1972 00:00;0;0;0
MUE;25.09.1972 00:00;0;0;0
MUE;26.09.1972 00:00;0;0;0
MUE;27.09.1972 00:00;0;0;0
MUE;28.09.1972 00:00;0;0;0
MUE;29.09.1972 00:00;0;0;0
MUE;30.09.1972 00:00;0;0;0
MUE;01.10.1972 00:00;0;0;0
MUE;02.10.1972 00:00;0;0;0
MUE;03.10.1972 00:00;0;0;0
MUE;04.10.1972 00:00;0;0;0
MUE;05.10.1972 00:00;0;0;0
MUE;06.10.1972 00:00;0;0;0
MUE;07.10.1972 00:00;0;0;0
MUE;08.10.1972 00:00;0;0;0
MUE;09.10.1972 00:00;0;0;0
MUE;10.10.1972 00:00;0;0;0
MUE;11.10.1972 00:00;0;0;0
MUE;12.10.1972 00:00;0;0;0
MUE;13.10.1972 00:00;0;0;0
MUE;14.10.1972 00:00;0;0;0
MUE;15.10.1972 00:00;0;0;0
MUE;16.10.1972 00:00;0;0;0
MUE;17.10.1972 00:00;0;0;0
MUE;18.10.1972 00:00;0;0;0
MUE;19.10.1972 00:00;0;0;0
MUE;20.10.1972 00:00;4.1;3;0
MUE;21.10.1972 00:00;12.4;30;3
MUE;22.10.1972 00:00;36;48;32
MUE;23.10.1972 00:00;3.6;0;69
MUE;24.10.1972 00:00;0;0;35
MUE;25.10.1972 00:00;0;0;26
MUE;26.10.1972 00:00;2.2;0;17
MUE;27.10.1972 00:00;6.3;1;9
MUE;28.10.1972 00:00;21.3;23;6
MUE;29.10.1972 00:00;0;0;31
MUE;30.10.1972 00:00;0;0;27
MUE;31.10.1972 00:00;0;0;15
MUE;01.11.1972 00:00;0;0;15
MUE;02.11.1972 00:00;0;0;10
MUE;03.11.1972 00:00;0;0;7
MUE;04.11.1972 00:00;0;0;5
MUE;05.11.1972 00:00;0;0;3
MUE;06.11.1972 00:00;0;0;3
MUE;07.11.1972 00:00;0;0;0
MUE;08.11.1972 00:00;0;0;0
MUE;09.11.1972 00:00;0;0;0
MUE;10.11.1972 00:00;0;0;0
MUE;11.11.1972 00:00;8.9;9;0
MUE;12.11.1972 00:00;6.5;0;9
MUE;13.11.1972 00:00;32.1;0;0
MUE;14.11.1972 00:00;19.9;12;0
MUE;15.11.1972 00:00;0.8;1;12
MUE;16.11.1972 00:00;31.6;0;13
MUE;17.11.1972 00:00;5.2;1;0
MUE;18.11.1972 00:00;8.2;8;1
MUE;19.11.1972 00:00;4.2;0;9
MUE;20.11.1972 00:00;9.1;4;4
MUE;21.11.1972 00:00;12.2;0;5
MUE;22.11.1972 00:00;13.2;4;2
MUE;23.11.1972 00:00;15.1;18;5
MUE;24.11.1972 00:00;14.5;23;23
MUE;25.11.1972 00:00;1.2;5;37
MUE;26.11.1972 00:00;0;0;38
MUE;27.11.1972 00:00;0;0;35
MUE;28.11.1972 00:00;0;0;33
MUE;29.11.1972 00:00;0;0;27
MUE;30.11.1972 00:00;0;0;26
MUE;01.12.1972 00:00;0;0;25
MUE;02.12.1972 00:00;0;0;25
MUE;03.12.1972 00:00;0;0;23
MUE;04.12.1972 00:00;2.5;2;20
MUE;05.12.1972 00:00;0;0;19
MUE;06.12.1972 00:00;0;0;18
MUE;07.12.1972 00:00;0;0;13
MUE;08.12.1972 00:00;4.1;5;10
MUE;09.12.1972 00:00;5.1;5;13
MUE;10.12.1972 00:00;0;0;18
MUE;11.12.1972 00:00;0;0;18
MUE;12.12.1972 00:00;0;0;15
MUE;13.12.1972 00:00;0;0;13
MUE;14.12.1972 00:00;0;0;12
MUE;15.12.1972 00:00;0;0;11
MUE;16.12.1972 00:00;0;0;11
MUE;17.12.1972 00:00;0;0;10
MUE;18.12.1972 00:00;0;0;9
MUE;19.12.1972 00:00;0;0;7
MUE;20.12.1972 00:00;0;0;6
MUE;21.12.1972 00:00;0;0;6
MUE;22.12.1972 00:00;0;0;6
MUE;23.12.1972 00:00;0;0;6
MUE;24.12.1972 00:00;0;0;6
MUE;25.12.1972 00:00;0;0;6
MUE;26.12.1972 00:00;0;0;6
MUE;27.12.1972 00:00;0;0;6
MUE;28.12.1972 00:00;0;0;5
MUE;29.12.1972 00:00;0;0;5
MUE;30.12.1972 00:00;0;0;5
MUE;31.12.1972 00:00;0;0;5
MUE;01.01.1973 00:00;0;0;5
MUE;02.01.1973 00:00;0;0;5
MUE;03.01.1973 00:00;1.3;0;5
MUE;04.01.1973 00:00;0;0;5
MUE;05.01.1973 00:00;0;0;5
MUE;06.01.1973 00:00;0;0;5
MUE;07.01.1973 00:00;0;0;5
MUE;08.01.1973 00:00;0;0;5
MUE;09.01.1973 00:00;0;0;5
MUE;10.01.1973 00:00;0;0;5
MUE;11.01.1973 00:00;0;0;5
MUE;12.01.1973 00:00;0;0;5
MUE;13.01.1973 00:00;0;0;5
MUE;14.01.1973 00:00;0;0;5
MUE;15.01.1973 00:00;14.7;22;5
MUE;16.01.1973 00:00;4.1;4;27
MUE;17.01.1973 00:00;0;0;31
MUE;18.01.1973 00:00;3.6;4;29
MUE;19.01.1973 00:00;0;0;29
MUE;20.01.1973 00:00;0;0;27
MUE;21.01.1973 00:00;1.1;1;27
MUE;22.01.1973 00:00;3;5;26
MUE;23.01.1973 00:00;0;0;30
MUE;24.01.1973 00:00;0;0;28
MUE;25.01.1973 00:00;0;0;27
MUE;26.01.1973 00:00;0.3;1;26
MUE;27.01.1973 00:00;30;34;27
MUE;28.01.1973 00:00;4.7;11;60
MUE;29.01.1973 00:00;0;0;71
MUE;30.01.1973 00:00;0;0;65
MUE;31.01.1973 00:00;7.7;13;60
MUE;01.02.1973 00:00;0;0;70
MUE;02.02.1973 00:00;0;0;70
MUE;03.02.1973 00:00;0;0;70
MUE;04.02.1973 00:00;0;0;60
MUE;05.02.1973 00:00;0;0;57
MUE;06.02.1973 00:00;0;0;55
MUE;07.02.1973 00:00;0;0;53
MUE;08.02.1973 00:00;0;0;50
MUE;09.02.1973 00:00;6.4;9;48
MUE;10.02.1973 00:00;12.4;21;56
MUE;11.02.1973 00:00;8.5;16;78
MUE;12.02.1973 00:00;2.1;2;92
MUE;13.02.1973 00:00;3.9;5;75
MUE;14.02.1973 00:00;0;0;75
MUE;15.02.1973 00:00;0;0;74
MUE;16.02.1973 00:00;0;0;72
MUE;17.02.1973 00:00;0;0;70
MUE;18.02.1973 00:00;0.9;0;70
MUE;19.02.1973 00:00;1.2;1;70
MUE;20.02.1973 00:00;0;0;70
MUE;21.02.1973 00:00;0.9;1;65
MUE;22.02.1973 00:00;17;30;65
MUE;23.02.1973 00:00;13.9;20;94
MUE;24.02.1973 00:00;9.6;17;110
MUE;25.02.1973 00:00;2.2;0;115
MUE;26.02.1973 00:00;0;0;105
MUE;27.02.1973 00:00;0;0;98
MUE;28.02.1973 00:00;0;0;95
MUE;01.03.1973 00:00;0;0;90
MUE;02.03.1973 00:00;5.8;5;87
MUE;03.03.1973 00:00;0;0;90
MUE;04.03.1973 00:00;0;0;86
MUE;05.03.1973 00:00;0;0;80
MUE;06.03.1973 00:00;13.4;19;80
MUE;07.03.1973 00:00;0.9;1;98
MUE;08.03.1973 00:00;0;0;99
MUE;09.03.1973 00:00;3.9;5;95
MUE;10.03.1973 00:00;0;0;100
MUE;11.03.1973 00:00;0;0;95
MUE;12.03.1973 00:00;2.9;4;93
MUE;13.03.1973 00:00;4.5;5;95
MUE;14.03.1973 00:00;0.9;1;98
MUE;15.03.1973 00:00;0;0;96
MUE;16.03.1973 00:00;0;0;96
MUE;17.03.1973 00:00;0;0;92
MUE;18.03.1973 00:00;6;10;90
MUE;19.03.1973 00:00;0.4;1;95
MUE;20.03.1973 00:00;0;0;95
MUE;21.03.1973 00:00;0;0;90
MUE;22.03.1973 00:00;0;0;85
MUE;23.03.1973 00:00;0;0;78
MUE;24.03.1973 00:00;0;0;75
MUE;25.03.1973 00:00;0;0;72
MUE;26.03.1973 00:00;0;0;68
MUE;27.03.1973 00:00;0;0;67
MUE;28.03.1973 00:00;0;0;65
MUE;29.03.1973 00:00;0;0;58
MUE;30.03.1973 00:00;0;0;58
MUE;31.03.1973 00:00;3.5;0;58
MUE;01.04.1973 00:00;0;0;58
MUE;02.04.1973 00:00;9.2;14;58
MUE;03.04.1973 00:00;15.3;28;69
MUE;04.04.1973 00:00;0;0;95
MUE;05.04.1973 00:00;0;0;80
MUE;06.04.1973 00:00;0;0;72
MUE;07.04.1973 00:00;3.7;4;65
MUE;08.04.1973 00:00;4.6;4;68
MUE;09.04.1973 00:00;25;36;68
MUE;10.04.1973 00:00;6.4;9;108
MUE;11.04.1973 00:00;4.5;4;112
MUE;12.04.1973 00:00;17.2;27;95
MUE;13.04.1973 00:00;5.6;0;118
MUE;14.04.1973 00:00;0;0;108
MUE;15.04.1973 00:00;2.7;4;105
MUE;16.04.1973 00:00;0;0;102
MUE;17.04.1973 00:00;0.4;1;98
MUE;18.04.1973 00:00;5.6;7;94
MUE;19.04.1973 00:00;21.3;40;100
MUE;20.04.1973 00:00;13.1;10;145
MUE;21.04.1973 00:00;0;0;140
MUE;22.04.1973 00:00;0;0;128
MUE;23.04.1973 00:00;0;0;120
MUE;24.04.1973 00:00;0.4;1;108
MUE;25.04.1973 00:00;4.2;2;104
MUE;26.04.1973 00:00;0;0;106
MUE;27.04.1973 00:00;0;0;90
MUE;28.04.1973 00:00;1.8;0;80
MUE;29.04.1973 00:00;0.4;0;70
MUE;30.04.1973 00:00;0;0;70
MUE;01.05.1973 00:00;1.6;0;60
MUE;02.05.1973 00:00;4.4;0;50
MUE;03.05.1973 00:00;0;0;40
MUE;04.05.1973 00:00;0;0;30
MUE;05.05.1973 00:00;2.9;0;15
MUE;06.05.1973 00:00;5.4;0;5
MUE;07.05.1973 00:00;8;3;0
MUE;08.05.1973 00:00;14.9;19;3
MUE;09.05.1973 00:00;2.8;0;19
MUE;10.05.1973 00:00;6.5;0;5
MUE;11.05.1973 00:00;6.3;0;0
MUE;12.05.1973 00:00;0;0;0
MUE;13.05.1973 00:00;0;0;0
MUE;14.05.1973 00:00;0.5;0;0
MUE;15.05.1973 00:00;8.8;0;0
MUE;16.05.1973 00:00;0;0;0
MUE;17.05.1973 00:00;1.8;0;0
MUE;18.05.1973 00:00;0;0;0
MUE;19.05.1973 00:00;1.4;0;0
MUE;20.05.1973 00:00;0;0;0
MUE;21.05.1973 00:00;0.4;0;0
MUE;22.05.1973 00:00;7;0;0
MUE;23.05.1973 00:00;4.4;0;0
MUE;24.05.1973 00:00;0;0;0
MUE;25.05.1973 00:00;0;0;0
MUE;26.05.1973 00:00;0;0;0
MUE;27.05.1973 00:00;0;0;0
MUE;28.05.1973 00:00;9.3;0;0
MUE;29.05.1973 00:00;4.1;0;0
MUE;30.05.1973 00:00;0;0;0
MUE;31.05.1973 00:00;0;0;0
MUE;01.06.1973 00:00;1.5;0;0
MUE;02.06.1973 00:00;4;0;0
MUE;03.06.1973 00:00;0;0;0
MUE;04.06.1973 00:00;0.6;0;0
MUE;05.06.1973 00:00;2.4;0;0
MUE;06.06.1973 00:00;0.7;0;0
MUE;07.06.1973 00:00;10.8;1;0
MUE;08.06.1973 00:00;6.9;0;1
MUE;09.06.1973 00:00;0;0;0
MUE;10.06.1973 00:00;0;0;0
MUE;11.06.1973 00:00;0;0;0
MUE;12.06.1973 00:00;0;0;0
MUE;13.06.1973 00:00;6.3;0;0
MUE;14.06.1973 00:00;1.5;0;0
MUE;15.06.1973 00:00;0;0;0
MUE;16.06.1973 00:00;0;0;0
MUE;17.06.1973 00:00;2.8;0;0
MUE;18.06.1973 00:00;0;0;0
MUE;19.06.1973 00:00;0;0;0
MUE;20.06.1973 00:00;43.5;13;0
MUE;21.06.1973 00:00;0.6;0;13
MUE;22.06.1973 00:00;21.2;0;2
MUE;23.06.1973 00:00;40.5;0;0
MUE;24.06.1973 00:00;12.4;0;0
MUE;25.06.1973 00:00;0;0;0
MUE;26.06.1973 00:00;0;0;0
MUE;27.06.1973 00:00;0;0;0
MUE;28.06.1973 00:00;8.4;0;0
MUE;29.06.1973 00:00;5.5;0;0
MUE;30.06.1973 00:00;0;0;0
MUE;01.07.1973 00:00;0;0;0
MUE;02.07.1973 00:00;0;0;0
MUE;03.07.1973 00:00;0;0;0
MUE;04.07.1973 00:00;4.2;0;0
MUE;05.07.1973 00:00;5.2;0;0
MUE;06.07.1973 00:00;28.6;0;0
MUE;07.07.1973 00:00;0.8;0;0
MUE;08.07.1973 00:00;4.6;0;0
MUE;09.07.1973 00:00;5.5;0;0
MUE;10.07.1973 00:00;0.6;0;0
MUE;11.07.1973 00:00;3.2;0;0
MUE;12.07.1973 00:00;0.3;0;0
MUE;13.07.1973 00:00;0;0;0
MUE;14.07.1973 00:00;9.6;0;0
MUE;15.07.1973 00:00;6.8;0;0
MUE;16.07.1973 00:00;14.6;0;0
MUE;17.07.1973 00:00;11.3;0;0
MUE;18.07.1973 00:00;0.3;0;0
MUE;19.07.1973 00:00;0.7;0;0
MUE;20.07.1973 00:00;1.7;0;0
MUE;21.07.1973 00:00;12.6;0;0
MUE;22.07.1973 00:00;11.7;0;0
MUE;23.07.1973 00:00;15.9;0;0
MUE;24.07.1973 00:00;20.3;0;0
MUE;25.07.1973 00:00;37.7;0;0
MUE;26.07.1973 00:00;10.3;0;0
MUE;27.07.1973 00:00;0.4;0;0
MUE;28.07.1973 00:00;0;0;0
MUE;29.07.1973 00:00;1.8;0;0
MUE;30.07.1973 00:00;0;0;0
MUE;31.07.1973 00:00;0;0;0
MUE;01.08.1973 00:00;8;0;0
MUE;02.08.1973 00:00;6.9;0;0
MUE;03.08.1973 00:00;8.3;0;0
MUE;04.08.1973 00:00;3.2;0;0
MUE;05.08.1973 00:00;0;0;0
MUE;06.08.1973 00:00;0;0;0
MUE;07.08.1973 00:00;9.5;0;0
MUE;08.08.1973 00:00;0;0;0
MUE;09.08.1973 00:00;0;0;0
MUE;10.08.1973 00:00;0;0;0
MUE;11.08.1973 00:00;9.8;0;0
MUE;12.08.1973 00:00;0;0;0
MUE;13.08.1973 00:00;0.4;0;0
MUE;14.08.1973 00:00;5;0;0
MUE;15.08.1973 00:00;2.9;0;0
MUE;16.08.1973 00:00;0;0;0
MUE;17.08.1973 00:00;0;0;0
MUE;18.08.1973 00:00;0;0;0
MUE;19.08.1973 00:00;0;0;0
MUE;20.08.1973 00:00;0;0;0
MUE;21.08.1973 00:00;0.4;0;0
MUE;22.08.1973 00:00;0;0;0
MUE;23.08.1973 00:00;0;0;0
MUE;24.08.1973 00:00;12.5;0;0
MUE;25.08.1973 00:00;8.7;0;0
MUE;26.08.1973 00:00;2.9;0;0
MUE;27.08.1973 00:00;7.5;0;0
MUE;28.08.1973 00:00;12.3;0;0
MUE;29.08.1973 00:00;2.1;0;0
MUE;30.08.1973 00:00;22.6;0;0
MUE;31.08.1973 00:00;10.7;0;0
MUE;01.09.1973 00:00;0;0;0
MUE;02.09.1973 00:00;0;0;0
MUE;03.09.1973 00:00;0;0;0
MUE;04.09.1973 00:00;0;0;0
MUE;05.09.1973 00:00;0;0;0
MUE;06.09.1973 00:00;0;0;0
MUE;07.09.1973 00:00;0;0;0
MUE;08.09.1973 00:00;0;0;0
MUE;09.09.1973 00:00;25.1;0;0
MUE;10.09.1973 00:00;12.2;0;0
MUE;11.09.1973 00:00;0;0;0
MUE;12.09.1973 00:00;0;0;0
MUE;13.09.1973 00:00;0;0;0
MUE;14.09.1973 00:00;0.4;0;0
MUE;15.09.1973 00:00;0;0;0
MUE;16.09.1973 00:00;1.4;0;0
MUE;17.09.1973 00:00;0;0;0
MUE;18.09.1973 00:00;12.7;0;0
MUE;19.09.1973 00:00;0;0;0
MUE;20.09.1973 00:00;0;0;0
MUE;21.09.1973 00:00;18.6;0;0
MUE;22.09.1973 00:00;3.2;0;0
MUE;23.09.1973 00:00;8.8;0;0
MUE;24.09.1973 00:00;3.9;0;0
MUE;25.09.1973 00:00;0;0;0
MUE;26.09.1973 00:00;0.5;0;0
MUE;27.09.1973 00:00;0;0;0
MUE;28.09.1973 00:00;0;0;0
MUE;29.09.1973 00:00;17.9;0;0
MUE;30.09.1973 00:00;3.2;0;0
MUE;01.10.1973 00:00;7.2;0;0
MUE;02.10.1973 00:00;1.6;0;0
MUE;03.10.1973 00:00;0;0;0
MUE;04.10.1973 00:00;0;0;0
MUE;05.10.1973 00:00;0;0;0
MUE;06.10.1973 00:00;5.5;0;0
MUE;07.10.1973 00:00;22.1;0;0
MUE;08.10.1973 00:00;13.4;0;0
MUE;09.10.1973 00:00;0;0;0
MUE;10.10.1973 00:00;0;0;0
MUE;11.10.1973 00:00;0;0;0
MUE;12.10.1973 00:00;0;0;0
MUE;13.10.1973 00:00;0;0;0
MUE;14.10.1973 00:00;3.4;0;0
MUE;15.10.1973 00:00;10.3;0;0
MUE;16.10.1973 00:00;4.2;0;0
MUE;17.10.1973 00:00;3.8;4;0
MUE;18.10.1973 00:00;0.8;0;4
MUE;19.10.1973 00:00;0;0;4
MUE;20.10.1973 00:00;1.8;0;0
MUE;21.10.1973 00:00;12.3;6;0
MUE;22.10.1973 00:00;0;0;6
MUE;23.10.1973 00:00;9.9;2;4
MUE;24.10.1973 00:00;0;0;2
MUE;25.10.1973 00:00;0;0;1
MUE;26.10.1973 00:00;0;0;0
MUE;27.10.1973 00:00;0;0;0
MUE;28.10.1973 00:00;0;0;0
MUE;29.10.1973 00:00;0;0;0
MUE;30.10.1973 00:00;0;0;0
MUE;31.10.1973 00:00;0;0;0
MUE;01.11.1973 00:00;0;0;0
MUE;02.11.1973 00:00;0;0;0
MUE;03.11.1973 00:00;0;0;0
MUE;04.11.1973 00:00;0;0;0
MUE;05.11.1973 00:00;0;0;0
MUE;06.11.1973 00:00;9.2;6;0
MUE;07.11.1973 00:00;0;0;9
MUE;08.11.1973 00:00;0;0;9
MUE;09.11.1973 00:00;0;0;6
MUE;10.11.1973 00:00;0;0;4
MUE;11.11.1973 00:00;0.3;0;2
MUE;12.11.1973 00:00;0;0;0
MUE;13.11.1973 00:00;5.5;0;0
MUE;14.11.1973 00:00;24.9;0;0
MUE;15.11.1973 00:00;2.2;0;0
MUE;16.11.1973 00:00;0;0;0
MUE;17.11.1973 00:00;0;0;0
MUE;18.11.1973 00:00;0;0;0
MUE;19.11.1973 00:00;0;0;0
MUE;20.11.1973 00:00;0;0;0
MUE;21.11.1973 00:00;0;0;0
MUE;22.11.1973 00:00;0;0;0
MUE;23.11.1973 00:00;0;0;0
MUE;24.11.1973 00:00;0;0;0
MUE;25.11.1973 00:00;2.2;2;0
MUE;26.11.1973 00:00;12.9;14;2
MUE;27.11.1973 00:00;1.9;2;16
MUE;28.11.1973 00:00;1.3;1;17
MUE;29.11.1973 00:00;22.9;22;16
MUE;30.11.1973 00:00;2.4;4;38
MUE;01.12.1973 00:00;1.1;2;40
MUE;02.12.1973 00:00;1.4;4;39
MUE;03.12.1973 00:00;0;0;39
MUE;04.12.1973 00:00;9;6;35
MUE;05.12.1973 00:00;0;0;38
MUE;06.12.1973 00:00;0;0;35
MUE;07.12.1973 00:00;16.3;5;32
MUE;08.12.1973 00:00;13.9;24;35
MUE;09.12.1973 00:00;4.3;2;52
MUE;10.12.1973 00:00;0;0;49
MUE;11.12.1973 00:00;0;0;43
MUE;12.12.1973 00:00;0;0;43
MUE;13.12.1973 00:00;3.9;2;41
MUE;14.12.1973 00:00;23.7;35;42
MUE;15.12.1973 00:00;2.6;2;75
MUE;16.12.1973 00:00;0.9;0;73
MUE;17.12.1973 00:00;5;7;60
MUE;18.12.1973 00:00;0;0;66
MUE;19.12.1973 00:00;0;0;66
MUE;20.12.1973 00:00;0;0;63
MUE;21.12.1973 00:00;2.4;2;60
MUE;22.12.1973 00:00;0;0;62
MUE;23.12.1973 00:00;0;0;60
MUE;24.12.1973 00:00;0;0;45
MUE;25.12.1973 00:00;2.4;3;43
MUE;26.12.1973 00:00;0.5;0;45
MUE;27.12.1973 00:00;0;0;45
MUE;28.12.1973 00:00;0;0;45
MUE;29.12.1973 00:00;0;0;44
MUE;30.12.1973 00:00;0;0;43
MUE;31.12.1973 00:00;0;0;43
MUE;01.01.1974 00:00;0;0;43
MUE;02.01.1974 00:00;0;0;42
MUE;03.01.1974 00:00;0;0;42
MUE;04.01.1974 00:00;0;0;40
MUE;05.01.1974 00:00;0;0;40
MUE;06.01.1974 00:00;3.7;0;40
MUE;07.01.1974 00:00;5.3;4;47
MUE;08.01.1974 00:00;0;0;49
MUE;09.01.1974 00:00;0;0;49
MUE;10.01.1974 00:00;1.5;0;49
MUE;11.01.1974 00:00;2.6;0;47
MUE;12.01.1974 00:00;0;0;43
MUE;13.01.1974 00:00;0;0;41
MUE;14.01.1974 00:00;0;0;39
MUE;15.01.1974 00:00;0.1;0;37
MUE;16.01.1974 00:00;0;0;35
MUE;17.01.1974 00:00;35;35;34
MUE;18.01.1974 00:00;7.7;8;69
MUE;19.01.1974 00:00;1.8;1;76
MUE;20.01.1974 00:00;0;0;77
MUE;21.01.1974 00:00;0;0;68
MUE;22.01.1974 00:00;0;0;63
MUE;23.01.1974 00:00;0;0;60
MUE;24.01.1974 00:00;3.5;5;58
MUE;25.01.1974 00:00;0;0;63
MUE;26.01.1974 00:00;0;0;60
MUE;27.01.1974 00:00;7.2;18;56
MUE;28.01.1974 00:00;0;0;74
MUE;29.01.1974 00:00;1.2;1;68
MUE;30.01.1974 00:00;0;0;66
MUE;31.01.1974 00:00;0;0;60
MUE;01.02.1974 00:00;0;0;58
MUE;02.02.1974 00:00;0;0;56
MUE;03.02.1974 00:00;7.8;13;56
MUE;04.02.1974 00:00;0;0;63
MUE;05.02.1974 00:00;0;0;63
MUE;06.02.1974 00:00;15.5;13;62
MUE;07.02.1974 00:00;26;64;75
MUE;08.02.1974 00:00;2.6;4;110
MUE;09.02.1974 00:00;0;0;100
MUE;10.02.1974 00:00;0;0;95
MUE;11.02.1974 00:00;0;0;87
MUE;12.02.1974 00:00;22.4;9;84
MUE;13.02.1974 00:00;0;0;93
MUE;14.02.1974 00:00;5;7;90
MUE;15.02.1974 00:00;0;0;97
MUE;16.02.1974 00:00;0;0;97
MUE;17.02.1974 00:00;0;0;92
MUE;18.02.1974 00:00;0.3;0;85
MUE;19.02.1974 00:00;0;0;83
MUE;20.02.1974 00:00;0;0;82
MUE;21.02.1974 00:00;0;0;80
MUE;22.02.1974 00:00;19;35;80
MUE;23.02.1974 00:00;9.8;24;115
MUE;24.02.1974 00:00;0;0;135
MUE;25.02.1974 00:00;0;0;130
MUE;26.02.1974 00:00;0;0;115
MUE;27.02.1974 00:00;0;0;110
MUE;28.02.1974 00:00;0;0;110
MUE;01.03.1974 00:00;3.2;5;105
MUE;02.03.1974 00:00;0;0;105
MUE;03.03.1974 00:00;0.3;1;105
MUE;04.03.1974 00:00;6.2;7;105
MUE;05.03.1974 00:00;5.5;10;110
MUE;06.03.1974 00:00;8.3;7;120
MUE;07.03.1974 00:00;0;0;120
MUE;08.03.1974 00:00;0;0;110
MUE;09.03.1974 00:00;0;0;107
MUE;10.03.1974 00:00;0;0;105
MUE;11.03.1974 00:00;0;0;100
MUE;12.03.1974 00:00;0;0;95
MUE;13.03.1974 00:00;0;0;93
MUE;14.03.1974 00:00;6.6;13;90
MUE;15.03.1974 00:00;8.9;7;103
MUE;16.03.1974 00:00;21.7;0;100
MUE;17.03.1974 00:00;0.6;0;93
MUE;18.03.1974 00:00;0;0;87
MUE;19.03.1974 00:00;0;0;84
MUE;20.03.1974 00:00;0;0;80
MUE;21.03.1974 00:00;0;0;70
MUE;22.03.1974 00:00;0;0;55
MUE;23.03.1974 00:00;0.3;0;55
MUE;24.03.1974 00:00;0;0;48
MUE;25.03.1974 00:00;0;0;45
MUE;26.03.1974 00:00;0.3;0;40
MUE;27.03.1974 00:00;0.8;0;40
MUE;28.03.1974 00:00;0;0;40
MUE;29.03.1974 00:00;0;0;35
MUE;30.03.1974 00:00;0;0;30
MUE;31.03.1974 00:00;7.6;0;30
MUE;01.04.1974 00:00;1.5;0;25
MUE;02.04.1974 00:00;0;0;20
MUE;03.04.1974 00:00;0;0;10
MUE;04.04.1974 00:00;0;0;8
MUE;05.04.1974 00:00;3.8;3;0
MUE;06.04.1974 00:00;0;0;3
MUE;07.04.1974 00:00;0;0;0
MUE;08.04.1974 00:00;0;0;0
MUE;09.04.1974 00:00;0;0;0
MUE;10.04.1974 00:00;0;0;0
MUE;11.04.1974 00:00;0;0;0
MUE;12.04.1974 00:00;0;0;0
MUE;13.04.1974 00:00;0;0;0
MUE;14.04.1974 00:00;4.4;0;0
MUE;15.04.1974 00:00;2.2;1;0
MUE;16.04.1974 00:00;5.1;3;1
MUE;17.04.1974 00:00;1;0;3
MUE;18.04.1974 00:00;0;0;0
MUE;19.04.1974 00:00;0;0;0
MUE;20.04.1974 00:00;0;0;0
MUE;21.04.1974 00:00;0;0;0
MUE;22.04.1974 00:00;0;0;0
MUE;23.04.1974 00:00;14.1;15;0
MUE;24.04.1974 00:00;12.5;10;15
MUE;25.04.1974 00:00;8.6;3;21
MUE;26.04.1974 00:00;0;0;19
MUE;27.04.1974 00:00;0;0;0
MUE;28.04.1974 00:00;0;0;0
MUE;29.04.1974 00:00;3.6;0;0
MUE;30.04.1974 00:00;17.1;4;0
MUE;01.05.1974 00:00;15.8;14;4
MUE;02.05.1974 00:00;2.1;0;16
MUE;03.05.1974 00:00;0;0;0
MUE;04.05.1974 00:00;8;0;0
MUE;05.05.1974 00:00;11;0;0
MUE;06.05.1974 00:00;4.1;1;0
MUE;07.05.1974 00:00;6.4;3;1
MUE;08.05.1974 00:00;0;0;3
MUE;09.05.1974 00:00;0;0;1
MUE;10.05.1974 00:00;8.6;0;0
MUE;11.05.1974 00:00;7.3;0;0
MUE;12.05.1974 00:00;0;0;0
MUE;13.05.1974 00:00;4.9;0;0
MUE;14.05.1974 00:00;1.3;0;0
MUE;15.05.1974 00:00;0;0;0
MUE;16.05.1974 00:00;0;0;0
MUE;17.05.1974 00:00;0.1;0;0
MUE;18.05.1974 00:00;0;0;0
MUE;19.05.1974 00:00;0;0;0
MUE;20.05.1974 00:00;0;0;0
MUE;21.05.1974 00:00;0;0;0
MUE;22.05.1974 00:00;8.6;0;0
MUE;23.05.1974 00:00;0;0;0
MUE;24.05.1974 00:00;8.7;0;0
MUE;25.05.1974 00:00;0;0;0
MUE;26.05.1974 00:00;0;0;0
MUE;27.05.1974 00:00;16.2;0;0
MUE;28.05.1974 00:00;2.2;0;0
MUE;29.05.1974 00:00;0;0;0
MUE;30.05.1974 00:00;0;0;0
MUE;31.05.1974 00:00;16.4;0;0
MUE;01.06.1974 00:00;0;0;0
MUE;02.06.1974 00:00;0;0;0
MUE;03.06.1974 00:00;0;0;0
MUE;04.06.1974 00:00;1.8;0;0
MUE;05.06.1974 00:00;27.8;0;0
MUE;06.06.1974 00:00;0;0;0
MUE;07.06.1974 00:00;0;0;0
MUE;08.06.1974 00:00;0;0;0
MUE;09.06.1974 00:00;12.4;0;0
MUE;10.06.1974 00:00;16;7;0
MUE;11.06.1974 00:00;2.5;0;7
MUE;12.06.1974 00:00;15.2;0;0
MUE;13.06.1974 00:00;0;0;0
MUE;14.06.1974 00:00;0;0;0
MUE;15.06.1974 00:00;0;0;0
MUE;16.06.1974 00:00;34.4;0;0
MUE;17.06.1974 00:00;22.1;0;0
MUE;18.06.1974 00:00;8.2;0;0
MUE;19.06.1974 00:00;0;0;0
MUE;20.06.1974 00:00;0;0;0
MUE;21.06.1974 00:00;0;0;0
MUE;22.06.1974 00:00;4.2;0;0
MUE;23.06.1974 00:00;25.4;0;0
MUE;24.06.1974 00:00;1.5;0;0
MUE;25.06.1974 00:00;0;0;0
MUE;26.06.1974 00:00;4.5;0;0
MUE;27.06.1974 00:00;1.9;0;0
MUE;28.06.1974 00:00;19.3;0;0
MUE;29.06.1974 00:00;37.3;0;0
MUE;30.06.1974 00:00;0;0;0
MUE;01.07.1974 00:00;0.4;0;0
MUE;02.07.1974 00:00;0;0;0
MUE;03.07.1974 00:00;6.6;0;0
MUE;04.07.1974 00:00;0;0;0
MUE;05.07.1974 00:00;0;0;0
MUE;06.07.1974 00:00;4;0;0
MUE;07.07.1974 00:00;0;0;0
MUE;08.07.1974 00:00;0;0;0
MUE;09.07.1974 00:00;2.1;0;0
MUE;10.07.1974 00:00;0.4;0;0
MUE;11.07.1974 00:00;0;0;0
MUE;12.07.1974 00:00;0;0;0
MUE;13.07.1974 00:00;3.5;0;0
MUE;14.07.1974 00:00;18.1;0;0
MUE;15.07.1974 00:00;0;0;0
MUE;16.07.1974 00:00;10.8;0;0
MUE;17.07.1974 00:00;13.7;0;0
MUE;18.07.1974 00:00;14.5;0;0
MUE;19.07.1974 00:00;6.4;0;0
MUE;20.07.1974 00:00;5.3;0;0
MUE;21.07.1974 00:00;0;0;0
MUE;22.07.1974 00:00;0;0;0
MUE;23.07.1974 00:00;0;0;0
MUE;24.07.1974 00:00;29.2;0;0
MUE;25.07.1974 00:00;3.5;0;0
MUE;26.07.1974 00:00;0;0;0
MUE;27.07.1974 00:00;0;0;0
MUE;28.07.1974 00:00;0;0;0
MUE;29.07.1974 00:00;0;0;0
MUE;30.07.1974 00:00;0;0;0
MUE;31.07.1974 00:00;12;0;0
MUE;01.08.1974 00:00;0;0;0
MUE;02.08.1974 00:00;1.3;0;0
MUE;03.08.1974 00:00;0;0;0
MUE;04.08.1974 00:00;20.9;0;0
MUE;05.08.1974 00:00;0;0;0
MUE;06.08.1974 00:00;0;0;0
MUE;07.08.1974 00:00;2.4;0;0
MUE;08.08.1974 00:00;3.7;0;0
MUE;09.08.1974 00:00;0;0;0
MUE;10.08.1974 00:00;14.5;0;0
MUE;11.08.1974 00:00;4;0;0
MUE;12.08.1974 00:00;0;0;0
MUE;13.08.1974 00:00;0;0;0
MUE;14.08.1974 00:00;0;0;0
MUE;15.08.1974 00:00;0;0;0
MUE;16.08.1974 00:00;0;0;0
MUE;17.08.1974 00:00;0;0;0
MUE;18.08.1974 00:00;12.4;0;0
MUE;19.08.1974 00:00;0.9;0;0
MUE;20.08.1974 00:00;0;0;0
MUE;21.08.1974 00:00;1.2;0;0
MUE;22.08.1974 00:00;4;0;0
MUE;23.08.1974 00:00;4.1;0;0
MUE;24.08.1974 00:00;4.5;0;0
MUE;25.08.1974 00:00;0;0;0
MUE;26.08.1974 00:00;6;0;0
MUE;27.08.1974 00:00;19.3;0;0
MUE;28.08.1974 00:00;0;0;0
MUE;29.08.1974 00:00;0;0;0
MUE;30.08.1974 00:00;0;0;0
MUE;31.08.1974 00:00;21.1;0;0
MUE;01.09.1974 00:00;0;0;0
MUE;02.09.1974 00:00;1.4;0;0
MUE;03.09.1974 00:00;19.8;0;0
MUE;04.09.1974 00:00;0;0;0
MUE;05.09.1974 00:00;0;0;0
MUE;06.09.1974 00:00;17.6;0;0
MUE;07.09.1974 00:00;0;0;0
MUE;08.09.1974 00:00;0;0;0
MUE;09.09.1974 00:00;22.7;0;0
MUE;10.09.1974 00:00;0;0;0
MUE;11.09.1974 00:00;0;0;0
MUE;12.09.1974 00:00;0;0;0
MUE;13.09.1974 00:00;0;0;0
MUE;14.09.1974 00:00;2;0;0
MUE;15.09.1974 00:00;0;0;0
MUE;16.09.1974 00:00;0;0;0
MUE;17.09.1974 00:00;0;0;0
MUE;18.09.1974 00:00;0;0;0
MUE;19.09.1974 00:00;1.5;0;0
MUE;20.09.1974 00:00;1.9;0;0
MUE;21.09.1974 00:00;0;0;0
MUE;22.09.1974 00:00;7.3;0;0
MUE;23.09.1974 00:00;2.3;0;0
MUE;24.09.1974 00:00;23.8;8;0
MUE;25.09.1974 00:00;26.8;18;8
MUE;26.09.1974 00:00;6.6;2;18
MUE;27.09.1974 00:00;0;0;18
MUE;28.09.1974 00:00;21.1;9;5
MUE;29.09.1974 00:00;0;0;9
MUE;30.09.1974 00:00;3.3;0;0
MUE;01.10.1974 00:00;6.7;0;1
MUE;02.10.1974 00:00;3.6;2;0
MUE;03.10.1974 00:00;3.2;2;2
MUE;04.10.1974 00:00;0;0;2
MUE;05.10.1974 00:00;0;0;0
MUE;06.10.1974 00:00;0;0;0
MUE;07.10.1974 00:00;6.7;4;0
MUE;08.10.1974 00:00;5.3;2;4
MUE;09.10.1974 00:00;4.6;5;5
MUE;10.10.1974 00:00;0;0;10
MUE;11.10.1974 00:00;12.8;12;5
MUE;12.10.1974 00:00;2.5;0;17
MUE;13.10.1974 00:00;1;1;13
MUE;14.10.1974 00:00;8;10;11
MUE;15.10.1974 00:00;17.5;12;20
MUE;16.10.1974 00:00;0;0;32
MUE;17.10.1974 00:00;0;0;26
MUE;18.10.1974 00:00;0;0;22
MUE;19.10.1974 00:00;15.5;0;15
MUE;20.10.1974 00:00;27.7;27;11
MUE;21.10.1974 00:00;19.8;32;35
MUE;22.10.1974 00:00;4.3;0;63
MUE;23.10.1974 00:00;1.4;1;60
MUE;24.10.1974 00:00;0;0;61
MUE;25.10.1974 00:00;0;0;56
MUE;26.10.1974 00:00;1.2;0;51
MUE;27.10.1974 00:00;0.9;5;51
MUE;28.10.1974 00:00;47.4;60;54
MUE;29.10.1974 00:00;15.1;9;110
MUE;30.10.1974 00:00;2.9;1;110
MUE;31.10.1974 00:00;1.9;2;105
MUE;01.11.1974 00:00;2;2;94
MUE;02.11.1974 00:00;7.1;4;90
MUE;03.11.1974 00:00;0;0;93
MUE;04.11.1974 00:00;24;20;88
MUE;05.11.1974 00:00;0;0;103
MUE;06.11.1974 00:00;0;0;98
MUE;07.11.1974 00:00;0;0;94
MUE;08.11.1974 00:00;0;0;90
MUE;09.11.1974 00:00;0;0;86
MUE;10.11.1974 00:00;4.1;2;83
MUE;11.11.1974 00:00;0;0;83
MUE;12.11.1974 00:00;0.9;0;80
MUE;13.11.1974 00:00;0;0;78
MUE;14.11.1974 00:00;0;0;76
MUE;15.11.1974 00:00;0;0;73
MUE;16.11.1974 00:00;0;0;63
MUE;17.11.1974 00:00;0;0;59
MUE;18.11.1974 00:00;9.8;26;57
MUE;19.11.1974 00:00;3.7;3;80
MUE;20.11.1974 00:00;0;0;83
MUE;21.11.1974 00:00;0;0;81
MUE;22.11.1974 00:00;4.2;0;79
MUE;23.11.1974 00:00;0;0;70
MUE;24.11.1974 00:00;0;0;68
MUE;25.11.1974 00:00;32.4;8;66
MUE;26.11.1974 00:00;22.3;45;73
MUE;27.11.1974 00:00;7.1;0;110
MUE;28.11.1974 00:00;49.8;55;65
MUE;29.11.1974 00:00;17.5;18;115
MUE;30.11.1974 00:00;18.1;14;130
MUE;01.12.1974 00:00;0.7;0;127
MUE;02.12.1974 00:00;0;0;119
MUE;03.12.1974 00:00;0;0;110
MUE;04.12.1974 00:00;0;0;105
MUE;05.12.1974 00:00;0;0;100
MUE;06.12.1974 00:00;3.1;1;100
MUE;07.12.1974 00:00;1.2;1;100
MUE;08.12.1974 00:00;0;0;100
MUE;09.12.1974 00:00;0;0;96
MUE;10.12.1974 00:00;0;0;95
MUE;11.12.1974 00:00;14.3;17;93
MUE;12.12.1974 00:00;17;13;110
MUE;13.12.1974 00:00;17.5;30;122
MUE;14.12.1974 00:00;0;0;136
MUE;15.12.1974 00:00;0;0;132
MUE;16.12.1974 00:00;1.4;0;127
MUE;17.12.1974 00:00;11.6;4;120
MUE;18.12.1974 00:00;4.3;2;122
MUE;19.12.1974 00:00;0;0;124
MUE;20.12.1974 00:00;0;0;120
MUE;21.12.1974 00:00;0;0;119
MUE;22.12.1974 00:00;0;0;119
MUE;23.12.1974 00:00;0;0;119
MUE;24.12.1974 00:00;0;0;117
MUE;25.12.1974 00:00;1.9;0;115
MUE;26.12.1974 00:00;1.7;0;112
MUE;27.12.1974 00:00;8.3;5;110
MUE;28.12.1974 00:00;16.6;0;112
MUE;29.12.1974 00:00;11.2;8;104
MUE;30.12.1974 00:00;4.4;8;108
MUE;31.12.1974 00:00;1.2;0;115
MUE;01.01.1975 00:00;0;0;110
MUE;02.01.1975 00:00;0;0;110
MUE;03.01.1975 00:00;0;0;106
MUE;04.01.1975 00:00;0;0;105
MUE;05.01.1975 00:00;0;0;105
MUE;06.01.1975 00:00;0;0;104
MUE;07.01.1975 00:00;17.9;18;102
MUE;08.01.1975 00:00;21.9;18;119
MUE;09.01.1975 00:00;0;0;134
MUE;10.01.1975 00:00;0;0;132
MUE;11.01.1975 00:00;0;0;130
MUE;12.01.1975 00:00;0;0;130
MUE;13.01.1975 00:00;0;0;128
MUE;14.01.1975 00:00;0;0;123
MUE;15.01.1975 00:00;0;0;123
MUE;16.01.1975 00:00;0;0;120
MUE;17.01.1975 00:00;0;0;120
MUE;18.01.1975 00:00;8.8;17;118
MUE;19.01.1975 00:00;10.4;11;135
MUE;20.01.1975 00:00;0;0;143
MUE;21.01.1975 00:00;5.6;6;138
MUE;22.01.1975 00:00;0;0;143
MUE;23.01.1975 00:00;0;0;140
MUE;24.01.1975 00:00;0;0;138
MUE;25.01.1975 00:00;6.4;0;137
MUE;26.01.1975 00:00;0;0;132
MUE;27.01.1975 00:00;4.9;5;130
MUE;28.01.1975 00:00;29.9;4;133
MUE;29.01.1975 00:00;7.2;1;137
MUE;30.01.1975 00:00;0;0;137
MUE;31.01.1975 00:00;8.8;10;135
MUE;01.02.1975 00:00;4.4;5;143
MUE;02.02.1975 00:00;0;0;148
MUE;03.02.1975 00:00;0;0;147
MUE;04.02.1975 00:00;0;0;145
MUE;05.02.1975 00:00;0;0;143
MUE;06.02.1975 00:00;0;0;140
MUE;07.02.1975 00:00;0;0;135
MUE;08.02.1975 00:00;0;0;135
MUE;09.02.1975 00:00;0;0;132
MUE;10.02.1975 00:00;0;0;130
MUE;11.02.1975 00:00;0;0;130
MUE;12.02.1975 00:00;3.4;2;129
MUE;13.02.1975 00:00;3.2;3;130
MUE;14.02.1975 00:00;0;0;132
MUE;15.02.1975 00:00;0;0;131
MUE;16.02.1975 00:00;0;0;131
MUE;17.02.1975 00:00;0;0;130
MUE;18.02.1975 00:00;0;0;129
MUE;19.02.1975 00:00;19.5;28;128
MUE;20.02.1975 00:00;0;0;156
MUE;21.02.1975 00:00;0;0;156
MUE;22.02.1975 00:00;0;0;150
MUE;23.02.1975 00:00;0;0;146
MUE;24.02.1975 00:00;0;0;145
MUE;25.02.1975 00:00;0;0;143
MUE;26.02.1975 00:00;0;0;142
MUE;27.02.1975 00:00;0;0;138
MUE;28.02.1975 00:00;0;0;130
MUE;01.03.1975 00:00;0;0;128
MUE;02.03.1975 00:00;0;0;125
MUE;03.03.1975 00:00;0;0;123
MUE;04.03.1975 00:00;0;0;120
MUE;05.03.1975 00:00;3.1;2;118
MUE;06.03.1975 00:00;0;0;120
MUE;07.03.1975 00:00;0;0;120
MUE;08.03.1975 00:00;0;0;119
MUE;09.03.1975 00:00;22.6;20;115
MUE;10.03.1975 00:00;29.2;26;135
MUE;11.03.1975 00:00;0;0;160
MUE;12.03.1975 00:00;0;0;155
MUE;13.03.1975 00:00;3.5;3;148
MUE;14.03.1975 00:00;0.7;9;148
MUE;15.03.1975 00:00;5.6;6;155
MUE;16.03.1975 00:00;6.9;9;154
MUE;17.03.1975 00:00;9.5;9;163
MUE;18.03.1975 00:00;7.9;5;168
MUE;19.03.1975 00:00;10;7;170
MUE;20.03.1975 00:00;0;0;175
MUE;21.03.1975 00:00;0;0;166
MUE;22.03.1975 00:00;3.5;5;158
MUE;23.03.1975 00:00;5.8;11;160
MUE;24.03.1975 00:00;28.1;29;170
MUE;25.03.1975 00:00;0;0;188
MUE;26.03.1975 00:00;0;0;177
MUE;27.03.1975 00:00;0.7;1;167
MUE;28.03.1975 00:00;8.6;8;167
MUE;29.03.1975 00:00;0;0;174
MUE;30.03.1975 00:00;4.8;3;170
MUE;31.03.1975 00:00;0;0;167
MUE;01.04.1975 00:00;0.3;0;163
MUE;02.04.1975 00:00;0;0;163
MUE;03.04.1975 00:00;11.9;17;163
MUE;04.04.1975 00:00;12.9;13;178
MUE;05.04.1975 00:00;10.3;11;188
MUE;06.04.1975 00:00;43;45;190
MUE;07.04.1975 00:00;0;0;220
MUE;08.04.1975 00:00;4.2;5;197
MUE;09.04.1975 00:00;15.3;11;191
MUE;10.04.1975 00:00;16.3;18;200
MUE;11.04.1975 00:00;1.8;1;205
MUE;12.04.1975 00:00;1.3;1;195
MUE;13.04.1975 00:00;0;0;194
MUE;14.04.1975 00:00;0;0;180
MUE;15.04.1975 00:00;22.1;18;168
MUE;16.04.1975 00:00;10.4;7;176
MUE;17.04.1975 00:00;0;0;186
MUE;18.04.1975 00:00;0;0;170
MUE;19.04.1975 00:00;0;0;158
MUE;20.04.1975 00:00;2.3;0;142
MUE;21.04.1975 00:00;0;0;133
MUE;22.04.1975 00:00;0;0;127
MUE;23.04.1975 00:00;0;0;118
MUE;24.04.1975 00:00;0;0;109
MUE;25.04.1975 00:00;0;0;98
MUE;26.04.1975 00:00;0;0;84
MUE;27.04.1975 00:00;0;0;79
MUE;28.04.1975 00:00;0;0;74
MUE;29.04.1975 00:00;0;0;67
MUE;30.04.1975 00:00;19.3;4;54
MUE;01.05.1975 00:00;0;0;54
MUE;02.05.1975 00:00;0;0;49
MUE;03.05.1975 00:00;26.4;21;44
MUE;04.05.1975 00:00;13.6;7;63
MUE;05.05.1975 00:00;2.3;0;69
MUE;06.05.1975 00:00;0;0;55
MUE;07.05.1975 00:00;0;0;43
MUE;08.05.1975 00:00;0;0;34
MUE;09.05.1975 00:00;0;0;29
MUE;10.05.1975 00:00;0;0;19
MUE;11.05.1975 00:00;7.6;0;14
MUE;12.05.1975 00:00;3.1;0;5
MUE;13.05.1975 00:00;0;0;3
MUE;14.05.1975 00:00;0;0;0
MUE;15.05.1975 00:00;16.2;0;0
MUE;16.05.1975 00:00;0.2;0;0
MUE;17.05.1975 00:00;0;0;0
MUE;18.05.1975 00:00;0;0;0
MUE;19.05.1975 00:00;0;0;0
MUE;20.05.1975 00:00;0;0;0
MUE;21.05.1975 00:00;3.1;0;0
MUE;22.05.1975 00:00;9.1;0;0
MUE;23.05.1975 00:00;4;0;0
MUE;24.05.1975 00:00;4.9;0;0
MUE;25.05.1975 00:00;0;0;0
MUE;26.05.1975 00:00;14.3;0;0
MUE;27.05.1975 00:00;0;0;0
MUE;28.05.1975 00:00;0;0;0
MUE;29.05.1975 00:00;0.7;0;0
MUE;30.05.1975 00:00;2.9;0;0
MUE;31.05.1975 00:00;23.7;6;0
MUE;01.06.1975 00:00;15.8;2;6
MUE;02.06.1975 00:00;2.4;0;8
MUE;03.06.1975 00:00;2.1;0;4
MUE;04.06.1975 00:00;0;0;0
MUE;05.06.1975 00:00;0;0;0
MUE;06.06.1975 00:00;0;0;0
MUE;07.06.1975 00:00;0;0;0
MUE;08.06.1975 00:00;0;0;0
MUE;09.06.1975 00:00;1.9;0;0
MUE;10.06.1975 00:00;2.6;0;0
MUE;11.06.1975 00:00;0;0;0
MUE;12.06.1975 00:00;0;0;0
MUE;13.06.1975 00:00;0;0;0
MUE;14.06.1975 00:00;0;0;0
MUE;15.06.1975 00:00;0;0;0
MUE;16.06.1975 00:00;23;0;0
MUE;17.06.1975 00:00;7;0;0
MUE;18.06.1975 00:00;10.6;0;0
MUE;19.06.1975 00:00;11.4;0;0
MUE;20.06.1975 00:00;3.7;0;0
MUE;21.06.1975 00:00;0.7;0;0
MUE;22.06.1975 00:00;0.4;0;0
MUE;23.06.1975 00:00;2.6;0;0
MUE;24.06.1975 00:00;0;0;0
MUE;25.06.1975 00:00;0;0;0
MUE;26.06.1975 00:00;1.9;0;0
MUE;27.06.1975 00:00;23.2;0;0
MUE;28.06.1975 00:00;6.6;0;0
MUE;29.06.1975 00:00;33.4;0;0
MUE;30.06.1975 00:00;29.6;5;0
MUE;01.07.1975 00:00;2.2;0;5
MUE;02.07.1975 00:00;2.7;0;0
MUE;03.07.1975 00:00;0.3;0;0
MUE;04.07.1975 00:00;18.4;0;0
MUE;05.07.1975 00:00;1.5;0;0
MUE;06.07.1975 00:00;1.2;0;0
MUE;07.07.1975 00:00;0;0;0
MUE;08.07.1975 00:00;0;0;0
MUE;09.07.1975 00:00;3.4;0;0
MUE;10.07.1975 00:00;12.2;0;0
MUE;11.07.1975 00:00;11;0;0
MUE;12.07.1975 00:00;0;0;0
MUE;13.07.1975 00:00;0;0;0
MUE;14.07.1975 00:00;0;0;0
MUE;15.07.1975 00:00;7.2;0;0
MUE;16.07.1975 00:00;0;0;0
MUE;17.07.1975 00:00;23.2;0;0
MUE;18.07.1975 00:00;29;0;0
MUE;19.07.1975 00:00;1.9;0;0
MUE;20.07.1975 00:00;0;0;0
MUE;21.07.1975 00:00;6.9;0;0
MUE;22.07.1975 00:00;0;0;0
MUE;23.07.1975 00:00;0;0;0
MUE;24.07.1975 00:00;8.4;0;0
MUE;25.07.1975 00:00;0;0;0
MUE;26.07.1975 00:00;0;0;0
MUE;27.07.1975 00:00;0;0;0
MUE;28.07.1975 00:00;0;0;0
MUE;29.07.1975 00:00;9.9;0;0
MUE;30.07.1975 00:00;2.1;0;0
MUE;31.07.1975 00:00;0;0;0
MUE;01.08.1975 00:00;0;0;0
MUE;02.08.1975 00:00;0;0;0
MUE;03.08.1975 00:00;0;0;0
MUE;04.08.1975 00:00;0;0;0
MUE;05.08.1975 00:00;0;0;0
MUE;06.08.1975 00:00;0;0;0
MUE;07.08.1975 00:00;2.3;0;0
MUE;08.08.1975 00:00;3.2;0;0
MUE;09.08.1975 00:00;3.9;0;0
MUE;10.08.1975 00:00;9.4;0;0
MUE;11.08.1975 00:00;28.1;0;0
MUE;12.08.1975 00:00;16.6;0;0
MUE;13.08.1975 00:00;0;0;0
MUE;14.08.1975 00:00;3.4;0;0
MUE;15.08.1975 00:00;12;0;0
MUE;16.08.1975 00:00;0;0;0
MUE;17.08.1975 00:00;4;0;0
MUE;18.08.1975 00:00;8.7;0;0
MUE;19.08.1975 00:00;0;0;0
MUE;20.08.1975 00:00;0;0;0
MUE;21.08.1975 00:00;9.4;0;0
MUE;22.08.1975 00:00;22.7;0;0
MUE;23.08.1975 00:00;29.8;0;0
MUE;24.08.1975 00:00;9.8;0;0
MUE;25.08.1975 00:00;3.8;0;0
MUE;26.08.1975 00:00;0;0;0
MUE;27.08.1975 00:00;0;0;0
MUE;28.08.1975 00:00;0;0;0
MUE;29.08.1975 00:00;7.4;0;0
MUE;30.08.1975 00:00;1.6;0;0
MUE;31.08.1975 00:00;2.3;0;0
MUE;01.09.1975 00:00;0;0;0
MUE;02.09.1975 00:00;2.2;0;0
MUE;03.09.1975 00:00;0;0;0
MUE;04.09.1975 00:00;6.8;0;0
MUE;05.09.1975 00:00;0;0;0
MUE;06.09.1975 00:00;0;0;0
MUE;07.09.1975 00:00;6.8;0;0
MUE;08.09.1975 00:00;7.1;0;0
MUE;09.09.1975 00:00;0;0;0
MUE;10.09.1975 00:00;0;0;0
MUE;11.09.1975 00:00;9.7;0;0
MUE;12.09.1975 00:00;11.1;0;0
MUE;13.09.1975 00:00;0;0;0
MUE;14.09.1975 00:00;5.2;0;0
MUE;15.09.1975 00:00;0.7;0;0
MUE;16.09.1975 00:00;0;0;0
MUE;17.09.1975 00:00;0;0;0
MUE;18.09.1975 00:00;2.3;0;0
MUE;19.09.1975 00:00;0;0;0
MUE;20.09.1975 00:00;0;0;0
MUE;21.09.1975 00:00;0;0;0
MUE;22.09.1975 00:00;0;0;0
MUE;23.09.1975 00:00;0;0;0
MUE;24.09.1975 00:00;0;0;0
MUE;25.09.1975 00:00;0;0;0
MUE;26.09.1975 00:00;6.9;0;0
MUE;27.09.1975 00:00;0;0;0
MUE;28.09.1975 00:00;0.5;0;0
MUE;29.09.1975 00:00;0;0;0
MUE;30.09.1975 00:00;31.2;0;0
MUE;01.10.1975 00:00;0;0;0
MUE;02.10.1975 00:00;0;0;0
MUE;03.10.1975 00:00;0;0;0
MUE;04.10.1975 00:00;0;0;0
MUE;05.10.1975 00:00;0;0;0
MUE;06.10.1975 00:00;0;0;0
MUE;07.10.1975 00:00;0;0;0
MUE;08.10.1975 00:00;0;0;0
MUE;09.10.1975 00:00;0;0;0
MUE;10.10.1975 00:00;11.1;6;0
MUE;11.10.1975 00:00;5.9;0;6
MUE;12.10.1975 00:00;6;4;4
MUE;13.10.1975 00:00;15.1;13;7
MUE;14.10.1975 00:00;0;0;20
MUE;15.10.1975 00:00;0;0;19
MUE;16.10.1975 00:00;11.3;3;8
MUE;17.10.1975 00:00;36.8;29;7
MUE;18.10.1975 00:00;11.8;4;36
MUE;19.10.1975 00:00;0.3;0;36
MUE;20.10.1975 00:00;0;0;26
MUE;21.10.1975 00:00;0;0;18
MUE;22.10.1975 00:00;0;0;17
MUE;23.10.1975 00:00;0;0;13
MUE;24.10.1975 00:00;0;0;13
MUE;25.10.1975 00:00;0;0;12
MUE;26.10.1975 00:00;0;0;11
MUE;27.10.1975 00:00;0;0;10
MUE;28.10.1975 00:00;0;0;10
MUE;29.10.1975 00:00;0;0;8
MUE;30.10.1975 00:00;0;0;6
MUE;31.10.1975 00:00;0;0;5
MUE;01.11.1975 00:00;4.6;0;2
MUE;02.11.1975 00:00;0;0;0
MUE;03.11.1975 00:00;0;0;0
MUE;04.11.1975 00:00;0;0;0
MUE;05.11.1975 00:00;0;0;0
MUE;06.11.1975 00:00;1.2;0;0
MUE;07.11.1975 00:00;10.5;10;0
MUE;08.11.1975 00:00;0;0;10
MUE;09.11.1975 00:00;0;0;5
MUE;10.11.1975 00:00;0;0;5
MUE;11.11.1975 00:00;0;0;4
MUE;12.11.1975 00:00;0;0;4
MUE;13.11.1975 00:00;0;0;3
MUE;14.11.1975 00:00;3.1;0;1
MUE;15.11.1975 00:00;2.6;0;0
MUE;16.11.1975 00:00;1.4;1;0
MUE;17.11.1975 00:00;40.5;35;1
MUE;18.11.1975 00:00;40.2;17;35
MUE;19.11.1975 00:00;14.4;11;48
MUE;20.11.1975 00:00;32.6;10;55
MUE;21.11.1975 00:00;0;0;55
MUE;22.11.1975 00:00;8.9;13;55
MUE;23.11.1975 00:00;0;0;68
MUE;24.11.1975 00:00;0;0;64
MUE;25.11.1975 00:00;0;0;60
MUE;26.11.1975 00:00;0.8;1;56
MUE;27.11.1975 00:00;2.8;2;55
MUE;28.11.1975 00:00;0;0;56
MUE;29.11.1975 00:00;2.1;1;52
MUE;30.11.1975 00:00;39.2;32;50
MUE;01.12.1975 00:00;0.9;1;79
MUE;02.12.1975 00:00;0;0;78
MUE;03.12.1975 00:00;0.7;0;71
MUE;04.12.1975 00:00;0;0;70
MUE;05.12.1975 00:00;0;0;70
MUE;06.12.1975 00:00;0;0;68
MUE;07.12.1975 00:00;0;0;67
MUE;08.12.1975 00:00;0;0;65
MUE;09.12.1975 00:00;0;0;65
MUE;10.12.1975 00:00;0;0;64
MUE;11.12.1975 00:00;0;0;63
MUE;12.12.1975 00:00;0;0;62
MUE;13.12.1975 00:00;0;0;61
MUE;14.12.1975 00:00;0;0;61
MUE;15.12.1975 00:00;0;0;61
MUE;16.12.1975 00:00;0;0;61
MUE;17.12.1975 00:00;8.5;10;60
MUE;18.12.1975 00:00;0;0;69
MUE;19.12.1975 00:00;0;0;69
MUE;20.12.1975 00:00;0;0;68
MUE;21.12.1975 00:00;0;0;67
MUE;22.12.1975 00:00;0;0;67
MUE;23.12.1975 00:00;0;0;66
MUE;24.12.1975 00:00;0;0;64
MUE;25.12.1975 00:00;0;0;61
MUE;26.12.1975 00:00;0;0;61
MUE;27.12.1975 00:00;0;0;61
MUE;28.12.1975 00:00;0;0;61
MUE;29.12.1975 00:00;0;0;61
MUE;30.12.1975 00:00;0;0;60
MUE;31.12.1975 00:00;0;0;60
MUE;01.01.1976 00:00;0;0;60
MUE;02.01.1976 00:00;0;0;60
MUE;03.01.1976 00:00;0;0;60
MUE;04.01.1976 00:00;0;0;60
MUE;05.01.1976 00:00;0;0;60
MUE;06.01.1976 00:00;0;0;59
MUE;07.01.1976 00:00;0;0;59
MUE;08.01.1976 00:00;0;0;58
MUE;09.01.1976 00:00;0;0;56
MUE;10.01.1976 00:00;8.7;3;56
MUE;11.01.1976 00:00;2.1;0;58
MUE;12.01.1976 00:00;0;0;57
MUE;13.01.1976 00:00;0;0;57
MUE;14.01.1976 00:00;2.2;3;57
MUE;15.01.1976 00:00;2.1;8;59
MUE;16.01.1976 00:00;16.8;19;66
MUE;17.01.1976 00:00;0;0;84
MUE;18.01.1976 00:00;0;0;84
MUE;19.01.1976 00:00;0;0;84
MUE;20.01.1976 00:00;2.9;3;82
MUE;21.01.1976 00:00;0;0;82
MUE;22.01.1976 00:00;4.9;3;80
MUE;23.01.1976 00:00;19.3;23;83
MUE;24.01.1976 00:00;12.2;14;103
MUE;25.01.1976 00:00;0;0;113
MUE;26.01.1976 00:00;0;0;103
MUE;27.01.1976 00:00;7.1;10;100
MUE;28.01.1976 00:00;0.9;1;107
MUE;29.01.1976 00:00;0;0;107
MUE;30.01.1976 00:00;0;0;102
MUE;31.01.1976 00:00;0;0;99
MUE;01.02.1976 00:00;0;0;95
MUE;02.02.1976 00:00;0;0;95
MUE;03.02.1976 00:00;0;0;89
MUE;04.02.1976 00:00;1.8;0;89
MUE;05.02.1976 00:00;0;0;87
MUE;06.02.1976 00:00;0;0;87
MUE;07.02.1976 00:00;0;0;85
MUE;08.02.1976 00:00;3.8;4;83
MUE;09.02.1976 00:00;4;1;85
MUE;10.02.1976 00:00;3.6;4;85
MUE;11.02.1976 00:00;15.9;17;89
MUE;12.02.1976 00:00;0;0;105
MUE;13.02.1976 00:00;11.5;13;105
MUE;14.02.1976 00:00;0.9;0;117
MUE;15.02.1976 00:00;0;0;115
MUE;16.02.1976 00:00;0;0;115
MUE;17.02.1976 00:00;0;0;112
MUE;18.02.1976 00:00;0;0;106
MUE;19.02.1976 00:00;0;0;105
MUE;20.02.1976 00:00;0;0;104
MUE;21.02.1976 00:00;0;0;103
MUE;22.02.1976 00:00;1.7;2;103
MUE;23.02.1976 00:00;0;0;102
MUE;24.02.1976 00:00;0;0;98
MUE;25.02.1976 00:00;0;0;97
MUE;26.02.1976 00:00;0;0;97
MUE;27.02.1976 00:00;0;0;95
MUE;28.02.1976 00:00;0;0;90
MUE;29.02.1976 00:00;0;0;90
MUE;01.03.1976 00:00;0;0;88
MUE;02.03.1976 00:00;0;0;85
MUE;03.03.1976 00:00;0;0;84
MUE;04.03.1976 00:00;0;0;84
MUE;05.03.1976 00:00;0;0;80
MUE;06.03.1976 00:00;6.4;9;80
MUE;07.03.1976 00:00;4.9;4;89
MUE;08.03.1976 00:00;6.9;9;92
MUE;09.03.1976 00:00;0;0;99
MUE;10.03.1976 00:00;0;0;95
MUE;11.03.1976 00:00;0;0;94
MUE;12.03.1976 00:00;0;0;91
MUE;13.03.1976 00:00;0;0;90
MUE;14.03.1976 00:00;0.9;1;89
MUE;15.03.1976 00:00;0;0;87
MUE;16.03.1976 00:00;0;0;86
MUE;17.03.1976 00:00;0;0;85
MUE;18.03.1976 00:00;0;0;84
MUE;19.03.1976 00:00;8.9;1;83
MUE;20.03.1976 00:00;0;0;80
MUE;21.03.1976 00:00;0;0;80
MUE;22.03.1976 00:00;2.7;2;79
MUE;23.03.1976 00:00;4.1;2;80
MUE;24.03.1976 00:00;0;0;82
MUE;25.03.1976 00:00;16.4;8;82
MUE;26.03.1976 00:00;0;0;90
MUE;27.03.1976 00:00;0;0;80
MUE;28.03.1976 00:00;0;0;80
MUE;29.03.1976 00:00;0;0;75
MUE;30.03.1976 00:00;0;0;72
MUE;31.03.1976 00:00;0;0;67
MUE;01.04.1976 00:00;0;0;65
MUE;02.04.1976 00:00;0;0;60
MUE;03.04.1976 00:00;0;0;47
MUE;04.04.1976 00:00;0;0;40
MUE;05.04.1976 00:00;0;0;35
MUE;06.04.1976 00:00;16.7;0;25
MUE;07.04.1976 00:00;38.4;31;10
MUE;08.04.1976 00:00;5.1;3;35
MUE;09.04.1976 00:00;0;0;30
MUE;10.04.1976 00:00;0;0;27
MUE;11.04.1976 00:00;0;0;20
MUE;12.04.1976 00:00;0;0;11
MUE;13.04.1976 00:00;0;0;3
MUE;14.04.1976 00:00;19;13;0
MUE;15.04.1976 00:00;0;0;13
MUE;16.04.1976 00:00;0;0;0
MUE;17.04.1976 00:00;0;0;0
MUE;18.04.1976 00:00;0;0;0
MUE;19.04.1976 00:00;0;0;0
MUE;20.04.1976 00:00;0;0;0
MUE;21.04.1976 00:00;5.2;0;0
MUE;22.04.1976 00:00;3;0;0
MUE;23.04.1976 00:00;55.6;59;0
MUE;24.04.1976 00:00;13.1;7;59
MUE;25.04.1976 00:00;0;0;58
MUE;26.04.1976 00:00;0;0;48
MUE;27.04.1976 00:00;0;0;36
MUE;28.04.1976 00:00;0;0;21
MUE;29.04.1976 00:00;0;0;16
MUE;30.04.1976 00:00;0;0;13
MUE;01.05.1976 00:00;0;0;6
MUE;02.05.1976 00:00;0;0;0
MUE;03.05.1976 00:00;5.1;0;0
MUE;04.05.1976 00:00;0;0;0
MUE;05.05.1976 00:00;0;0;0
MUE;06.05.1976 00:00;0;0;0
MUE;07.05.1976 00:00;0;0;0
MUE;08.05.1976 00:00;0;0;0
MUE;09.05.1976 00:00;0;0;0
MUE;10.05.1976 00:00;0;0;0
MUE;11.05.1976 00:00;13.8;0;0
MUE;12.05.1976 00:00;0.8;0;0
MUE;13.05.1976 00:00;12.5;1;0
MUE;14.05.1976 00:00;0;0;1
MUE;15.05.1976 00:00;0;0;0
MUE;16.05.1976 00:00;0;0;0
MUE;17.05.1976 00:00;0;0;0
MUE;18.05.1976 00:00;0;0;0
MUE;19.05.1976 00:00;5.8;0;0
MUE;20.05.1976 00:00;10.7;0;0
MUE;21.05.1976 00:00;5.6;0;0
MUE;22.05.1976 00:00;3.6;0;0
MUE;23.05.1976 00:00;0;0;0
MUE;24.05.1976 00:00;1.2;0;0
MUE;25.05.1976 00:00;7.6;0;0
MUE;26.05.1976 00:00;3.4;0;0
MUE;27.05.1976 00:00;3.4;0;0
MUE;28.05.1976 00:00;0;0;0
MUE;29.05.1976 00:00;7.3;0;0
MUE;30.05.1976 00:00;6.8;0;0
MUE;31.05.1976 00:00;1.4;0;0
MUE;01.06.1976 00:00;45.8;0;0
MUE;02.06.1976 00:00;1.5;0;0
MUE;03.06.1976 00:00;5.8;0;0
MUE;04.06.1976 00:00;5.4;0;0
MUE;05.06.1976 00:00;0;0;0
MUE;06.06.1976 00:00;0;0;0
MUE;07.06.1976 00:00;0;0;0
MUE;08.06.1976 00:00;0;0;0
MUE;09.06.1976 00:00;16.3;0;0
MUE;10.06.1976 00:00;4.1;0;0
MUE;11.06.1976 00:00;4.9;0;0
MUE;12.06.1976 00:00;0;0;0
MUE;13.06.1976 00:00;0;0;0
MUE;14.06.1976 00:00;0;0;0
MUE;15.06.1976 00:00;0;0;0
MUE;16.06.1976 00:00;12.7;0;0
MUE;17.06.1976 00:00;0;0;0
MUE;18.06.1976 00:00;0;0;0
MUE;19.06.1976 00:00;0;0;0
MUE;20.06.1976 00:00;1.4;0;0
MUE;21.06.1976 00:00;0;0;0
MUE;22.06.1976 00:00;3.9;0;0
MUE;23.06.1976 00:00;0;0;0
MUE;24.06.1976 00:00;0;0;0
MUE;25.06.1976 00:00;0;0;0
MUE;26.06.1976 00:00;11.7;0;0
MUE;27.06.1976 00:00;0;0;0
MUE;28.06.1976 00:00;4.6;0;0
MUE;29.06.1976 00:00;2.5;0;0
MUE;30.06.1976 00:00;10.7;0;0
MUE;01.07.1976 00:00;1.2;0;0
MUE;02.07.1976 00:00;7.3;0;0
MUE;03.07.1976 00:00;0;0;0
MUE;04.07.1976 00:00;0;0;0
MUE;05.07.1976 00:00;7.1;0;0
MUE;06.07.1976 00:00;11.9;0;0
MUE;07.07.1976 00:00;0;0;0
MUE;08.07.1976 00:00;0;0;0
MUE;09.07.1976 00:00;16.4;0;0
MUE;10.07.1976 00:00;0;0;0
MUE;11.07.1976 00:00;0;0;0
MUE;12.07.1976 00:00;7.3;0;0
MUE;13.07.1976 00:00;6.5;0;0
MUE;14.07.1976 00:00;0;0;0
MUE;15.07.1976 00:00;0;0;0
MUE;16.07.1976 00:00;15.5;0;0
MUE;17.07.1976 00:00;2.1;0;0
MUE;18.07.1976 00:00;1.3;0;0
MUE;19.07.1976 00:00;22.5;0;0
MUE;20.07.1976 00:00;13.4;0;0
MUE;21.07.1976 00:00;28.7;0;0
MUE;22.07.1976 00:00;20.4;0;0
MUE;23.07.1976 00:00;3.4;0;0
MUE;24.07.1976 00:00;0.9;0;0
MUE;25.07.1976 00:00;7.4;0;0
MUE;26.07.1976 00:00;25.3;0;0
MUE;27.07.1976 00:00;0.6;0;0
MUE;28.07.1976 00:00;0;0;0
MUE;29.07.1976 00:00;0;0;0
MUE;30.07.1976 00:00;0;0;0
MUE;31.07.1976 00:00;26.1;0;0
MUE;01.08.1976 00:00;3.2;0;0
MUE;02.08.1976 00:00;0;0;0
MUE;03.08.1976 00:00;0;0;0
MUE;04.08.1976 00:00;2.8;0;0
MUE;05.08.1976 00:00;0;0;0
MUE;06.08.1976 00:00;0;0;0
MUE;07.08.1976 00:00;0;0;0
MUE;08.08.1976 00:00;0.9;0;0
MUE;09.08.1976 00:00;16;0;0
MUE;10.08.1976 00:00;14.3;0;0
MUE;11.08.1976 00:00;2.3;0;0
MUE;12.08.1976 00:00;2.2;0;0
MUE;13.08.1976 00:00;12.1;0;0
MUE;14.08.1976 00:00;0.2;0;0
MUE;15.08.1976 00:00;5.2;0;0
MUE;16.08.1976 00:00;6.4;0;0
MUE;17.08.1976 00:00;4.1;0;0
MUE;18.08.1976 00:00;18.4;0;0
MUE;19.08.1976 00:00;2.5;0;0
MUE;20.08.1976 00:00;0;0;0
MUE;21.08.1976 00:00;0;0;0
MUE;22.08.1976 00:00;0;0;0
MUE;23.08.1976 00:00;0;0;0
MUE;24.08.1976 00:00;0.1;0;0
MUE;25.08.1976 00:00;0;0;0
MUE;26.08.1976 00:00;0;0;0
MUE;27.08.1976 00:00;3.4;0;0
MUE;28.08.1976 00:00;0.3;0;0
MUE;29.08.1976 00:00;5;0;0
MUE;30.08.1976 00:00;16.9;0;0
MUE;31.08.1976 00:00;3.2;0;0
MUE;01.09.1976 00:00;2.1;0;0
MUE;02.09.1976 00:00;14.2;0;0
MUE;03.09.1976 00:00;10.5;0;0
MUE;04.09.1976 00:00;4.4;0;0
MUE;05.09.1976 00:00;0;0;0
MUE;06.09.1976 00:00;0;0;0
MUE;07.09.1976 00:00;0;0;0
MUE;08.09.1976 00:00;0;0;0
MUE;09.09.1976 00:00;15.6;0;0
MUE;10.09.1976 00:00;3.5;0;0
MUE;11.09.1976 00:00;0;0;0
MUE;12.09.1976 00:00;0;0;0
MUE;13.09.1976 00:00;5.4;0;0
MUE;14.09.1976 00:00;3.5;0;0
MUE;15.09.1976 00:00;11.9;0;0
MUE;16.09.1976 00:00;4.9;0;0
MUE;17.09.1976 00:00;0;0;0
MUE;18.09.1976 00:00;0;0;0
MUE;19.09.1976 00:00;0;0;0
MUE;20.09.1976 00:00;0;0;0
MUE;21.09.1976 00:00;0;0;0
MUE;22.09.1976 00:00;0;0;0
MUE;23.09.1976 00:00;0;0;0
MUE;24.09.1976 00:00;0;0;0
MUE;25.09.1976 00:00;0;0;0
MUE;26.09.1976 00:00;0;0;0
MUE;27.09.1976 00:00;4;0;0
MUE;28.09.1976 00:00;2.1;0;0
MUE;29.09.1976 00:00;8.7;0;0
MUE;30.09.1976 00:00;11;0;0
MUE;01.10.1976 00:00;13;0;0
MUE;02.10.1976 00:00;8;0;0
MUE;03.10.1976 00:00;3.8;0;0
MUE;04.10.1976 00:00;26;0;0
MUE;05.10.1976 00:00;0;0;0
MUE;06.10.1976 00:00;0;0;0
MUE;07.10.1976 00:00;0;0;0
MUE;08.10.1976 00:00;0;0;0
MUE;09.10.1976 00:00;0;0;0
MUE;10.10.1976 00:00;0;0;0
MUE;11.10.1976 00:00;0;0;0
MUE;12.10.1976 00:00;33.4;0;0
MUE;13.10.1976 00:00;18.4;0;0
MUE;14.10.1976 00:00;10.7;0;0
MUE;15.10.1976 00:00;3.6;0;0
MUE;16.10.1976 00:00;0;0;0
MUE;17.10.1976 00:00;0;0;0
MUE;18.10.1976 00:00;0;0;0
MUE;19.10.1976 00:00;0;0;0
MUE;20.10.1976 00:00;2.2;0;0
MUE;21.10.1976 00:00;1.4;0;0
MUE;22.10.1976 00:00;0;0;0
MUE;23.10.1976 00:00;0;0;0
MUE;24.10.1976 00:00;0;0;0
MUE;25.10.1976 00:00;0;0;0
MUE;26.10.1976 00:00;1.5;0;0
MUE;27.10.1976 00:00;4.2;0;0
MUE;28.10.1976 00:00;3.3;0;0
MUE;29.10.1976 00:00;3.4;0;0
MUE;30.10.1976 00:00;16.5;0;0
MUE;31.10.1976 00:00;2;0;0
MUE;01.11.1976 00:00;0;0;0
MUE;02.11.1976 00:00;0;0;0
MUE;03.11.1976 00:00;2.1;0;0
MUE;04.11.1976 00:00;3.9;2;0
MUE;05.11.1976 00:00;0;0;2
MUE;06.11.1976 00:00;0;0;1
MUE;07.11.1976 00:00;24.4;0;0
MUE;08.11.1976 00:00;0;0;19
MUE;09.11.1976 00:00;0;0;12
MUE;10.11.1976 00:00;15.4;8;8
MUE;11.11.1976 00:00;1.9;0;8
MUE;12.11.1976 00:00;0;0;6
MUE;13.11.1976 00:00;18.9;25;5
MUE;14.11.1976 00:00;3.4;3;29
MUE;15.11.1976 00:00;0;0;31
MUE;16.11.1976 00:00;0;0;31
MUE;17.11.1976 00:00;0;0;30
MUE;18.11.1976 00:00;0;0;29
MUE;19.11.1976 00:00;0.6;1;27
MUE;20.11.1976 00:00;0.7;1;26
MUE;21.11.1976 00:00;0;0;26
MUE;22.11.1976 00:00;0;0;22
MUE;23.11.1976 00:00;2;2;21
MUE;24.11.1976 00:00;9.5;13;23
MUE;25.11.1976 00:00;0.8;0;33
MUE;26.11.1976 00:00;0;0;32
MUE;27.11.1976 00:00;0;0;30
MUE;28.11.1976 00:00;0;0;28
MUE;29.11.1976 00:00;0;0;24
MUE;30.11.1976 00:00;2;0;20
MUE;01.12.1976 00:00;8;6;13
MUE;02.12.1976 00:00;32.2;42;18
MUE;03.12.1976 00:00;1.5;0;60
MUE;04.12.1976 00:00;0;0;50
MUE;05.12.1976 00:00;0;0;46
MUE;06.12.1976 00:00;1.1;0;41
MUE;07.12.1976 00:00;11.2;8;39
MUE;08.12.1976 00:00;1.1;0;47
MUE;09.12.1976 00:00;33.1;14;41
MUE;10.12.1976 00:00;15.9;27;50
MUE;11.12.1976 00:00;16.4;25;77
MUE;12.12.1976 00:00;15;18;90
MUE;13.12.1976 00:00;0;0;93
MUE;14.12.1976 00:00;0;0;83
MUE;15.12.1976 00:00;0;0;78
MUE;16.12.1976 00:00;0;0;73
MUE;17.12.1976 00:00;0;0;70
MUE;18.12.1976 00:00;0;0;66
MUE;19.12.1976 00:00;0;0;63
MUE;20.12.1976 00:00;0;0;60
MUE;21.12.1976 00:00;0;0;60
MUE;22.12.1976 00:00;0;0;59
MUE;23.12.1976 00:00;0;0;58
MUE;24.12.1976 00:00;0;0;55
MUE;25.12.1976 00:00;0;0;53
MUE;26.12.1976 00:00;0;0;53
MUE;27.12.1976 00:00;0;0;53
MUE;28.12.1976 00:00;7.3;6;53
MUE;29.12.1976 00:00;0;0;57
MUE;30.12.1976 00:00;0;0;57
MUE;31.12.1976 00:00;0;0;57
MUE;01.01.1977 00:00;6.9;8;56
MUE;02.01.1977 00:00;0.5;1;62
MUE;03.01.1977 00:00;10.7;22;62
MUE;04.01.1977 00:00;1.2;2;82
MUE;05.01.1977 00:00;0;0;80
MUE;06.01.1977 00:00;0;0;75
MUE;07.01.1977 00:00;0;0;72
MUE;08.01.1977 00:00;0;0;70
MUE;09.01.1977 00:00;1.3;1;70
MUE;10.01.1977 00:00;0;0;70
MUE;11.01.1977 00:00;20.9;17;69
MUE;12.01.1977 00:00;10.3;8;82
MUE;13.01.1977 00:00;0;0;87
MUE;14.01.1977 00:00;4.4;6;84
MUE;15.01.1977 00:00;0.9;1;86
MUE;16.01.1977 00:00;23.1;26;84
MUE;17.01.1977 00:00;0;0;105
MUE;18.01.1977 00:00;0;0;100
MUE;19.01.1977 00:00;0.9;0;95
MUE;20.01.1977 00:00;0;0;88
MUE;21.01.1977 00:00;0;0;86
MUE;22.01.1977 00:00;0;0;85
MUE;23.01.1977 00:00;0;0;81
MUE;24.01.1977 00:00;0;0;78
MUE;25.01.1977 00:00;3.8;0;75
MUE;26.01.1977 00:00;9.4;1;72
MUE;27.01.1977 00:00;0;0;71
MUE;28.01.1977 00:00;0;0;70
MUE;29.01.1977 00:00;6.9;14;69
MUE;30.01.1977 00:00;0;0;83
MUE;31.01.1977 00:00;0;0;81
MUE;01.02.1977 00:00;0;0;78
MUE;02.02.1977 00:00;0;0;77
MUE;03.02.1977 00:00;2.2;1;75
MUE;04.02.1977 00:00;23.9;0;74
MUE;05.02.1977 00:00;11.6;4;70
MUE;06.02.1977 00:00;9.3;7;71
MUE;07.02.1977 00:00;0;0;77
MUE;08.02.1977 00:00;12;5;74
MUE;09.02.1977 00:00;18.3;0;75
MUE;10.02.1977 00:00;9.3;1;72
MUE;11.02.1977 00:00;0;0;69
MUE;12.02.1977 00:00;1.7;2;69
MUE;13.02.1977 00:00;0;0;70
MUE;14.02.1977 00:00;0;0;69
MUE;15.02.1977 00:00;1.3;1;69
MUE;16.02.1977 00:00;0;0;70
MUE;17.02.1977 00:00;8.1;7;70
MUE;18.02.1977 00:00;0;0;76
MUE;19.02.1977 00:00;0;0;75
MUE;20.02.1977 00:00;13.3;11;72
MUE;21.02.1977 00:00;2;0;80
MUE;22.02.1977 00:00;3.2;2;75
MUE;23.02.1977 00:00;0;0;77
MUE;24.02.1977 00:00;14.3;18;74
MUE;25.02.1977 00:00;9.4;13;85
MUE;26.02.1977 00:00;8.9;10;95
MUE;27.02.1977 00:00;0;0;100
MUE;28.02.1977 00:00;0;0;92
MUE;01.03.1977 00:00;1.6;1;88
MUE;02.03.1977 00:00;16.2;0;85
MUE;03.03.1977 00:00;6;0;79
MUE;04.03.1977 00:00;6.5;0;75
MUE;05.03.1977 00:00;0;0;73
MUE;06.03.1977 00:00;0;0;72
MUE;07.03.1977 00:00;0;0;71
MUE;08.03.1977 00:00;0;0;71
MUE;09.03.1977 00:00;0;0;70
MUE;10.03.1977 00:00;0;0;70
MUE;11.03.1977 00:00;13.9;11;65
MUE;12.03.1977 00:00;10.5;11;73
MUE;13.03.1977 00:00;0.4;0;84
MUE;14.03.1977 00:00;4.8;3;77
MUE;15.03.1977 00:00;0;0;79
MUE;16.03.1977 00:00;0;0;75
MUE;17.03.1977 00:00;0;0;65
MUE;18.03.1977 00:00;10.4;13;62
MUE;19.03.1977 00:00;6;5;74
MUE;20.03.1977 00:00;10.5;9;75
MUE;21.03.1977 00:00;0;0;78
MUE;22.03.1977 00:00;0;0;75
MUE;23.03.1977 00:00;0;0;70
MUE;24.03.1977 00:00;0;0;60
MUE;25.03.1977 00:00;0;0;60
MUE;26.03.1977 00:00;0;0;58
MUE;27.03.1977 00:00;13.5;1;55
MUE;28.03.1977 00:00;16.6;17;52
MUE;29.03.1977 00:00;4.6;8;67
MUE;30.03.1977 00:00;0;0;70
MUE;31.03.1977 00:00;0;0;67
MUE;01.04.1977 00:00;2.9;0;65
MUE;02.04.1977 00:00;0.8;0;60
MUE;03.04.1977 00:00;2.5;3;55
MUE;04.04.1977 00:00;16.5;17;50
MUE;05.04.1977 00:00;0;0;62
MUE;06.04.1977 00:00;2.3;0;50
MUE;07.04.1977 00:00;7.4;5;45
MUE;08.04.1977 00:00;21.1;28;48
MUE;09.04.1977 00:00;8.6;16;74
MUE;10.04.1977 00:00;3.8;4;80
MUE;11.04.1977 00:00;3.3;7;81
MUE;12.04.1977 00:00;24.1;21;78
MUE;13.04.1977 00:00;23.8;13;90
MUE;14.04.1977 00:00;45.7;24;89
MUE;15.04.1977 00:00;20.3;18;105
MUE;16.04.1977 00:00;0;0;115
MUE;17.04.1977 00:00;0;0;103
MUE;18.04.1977 00:00;0.7;0;90
MUE;19.04.1977 00:00;22.1;12;81
MUE;20.04.1977 00:00;0;0;90
MUE;21.04.1977 00:00;0;0;85
MUE;22.04.1977 00:00;0;0;77
MUE;23.04.1977 00:00;9.5;0;62
MUE;24.04.1977 00:00;13.3;1;55
MUE;25.04.1977 00:00;1.4;0;53
MUE;26.04.1977 00:00;0;0;49
MUE;27.04.1977 00:00;2.3;0;40
MUE;28.04.1977 00:00;6;0;35
MUE;29.04.1977 00:00;26.2;17;26
MUE;30.04.1977 00:00;60.3;20;36
MUE;01.05.1977 00:00;18.5;10;45
MUE;02.05.1977 00:00;0;0;48
MUE;03.05.1977 00:00;0;0;34
MUE;04.05.1977 00:00;8.5;0;20
MUE;05.05.1977 00:00;8.5;6;12
MUE;06.05.1977 00:00;6.4;4;15
MUE;07.05.1977 00:00;3.9;1;18
MUE;08.05.1977 00:00;16.4;15;14
MUE;09.05.1977 00:00;0;0;25
MUE;10.05.1977 00:00;4.9;0;8
MUE;11.05.1977 00:00;0;0;0
MUE;12.05.1977 00:00;18.4;0;0
MUE;13.05.1977 00:00;3.2;0;0
MUE;14.05.1977 00:00;2.8;0;0
MUE;15.05.1977 00:00;1.5;0;0
MUE;16.05.1977 00:00;0.8;0;0
MUE;17.05.1977 00:00;0;0;0
MUE;18.05.1977 00:00;0.8;0;0
MUE;19.05.1977 00:00;4.7;0;0
MUE;20.05.1977 00:00;0;0;0
MUE;21.05.1977 00:00;2.2;0;0
MUE;22.05.1977 00:00;0;0;0
MUE;23.05.1977 00:00;0.6;0;0
MUE;24.05.1977 00:00;0;0;0
MUE;25.05.1977 00:00;2.5;0;0
MUE;26.05.1977 00:00;32.3;0;0
MUE;27.05.1977 00:00;0.5;0;0
MUE;28.05.1977 00:00;0;0;0
MUE;29.05.1977 00:00;0;0;0
MUE;30.05.1977 00:00;3;0;0
MUE;31.05.1977 00:00;1.9;0;0
MUE;01.06.1977 00:00;0;0;0
MUE;02.06.1977 00:00;0;0;0
MUE;03.06.1977 00:00;4.2;0;0
MUE;04.06.1977 00:00;0;0;0
MUE;05.06.1977 00:00;3.8;0;0
MUE;06.06.1977 00:00;1.8;0;0
MUE;07.06.1977 00:00;0;0;0
MUE;08.06.1977 00:00;1;0;0
MUE;09.06.1977 00:00;0;0;0
MUE;10.06.1977 00:00;3;0;0
MUE;11.06.1977 00:00;0;0;0
MUE;12.06.1977 00:00;0;0;0
MUE;13.06.1977 00:00;4.1;0;0
MUE;14.06.1977 00:00;16;0;0
MUE;15.06.1977 00:00;11.8;0;0
MUE;16.06.1977 00:00;0;0;0
MUE;17.06.1977 00:00;0;0;0
MUE;18.06.1977 00:00;5.1;0;0
MUE;19.06.1977 00:00;7.5;0;0
MUE;20.06.1977 00:00;24;0;0
MUE;21.06.1977 00:00;9;0;0
MUE;22.06.1977 00:00;5.9;0;0
MUE;23.06.1977 00:00;0;0;0
MUE;24.06.1977 00:00;0.3;0;0
MUE;25.06.1977 00:00;12.3;0;0
MUE;26.06.1977 00:00;21.4;0;0
MUE;27.06.1977 00:00;0;0;0
MUE;28.06.1977 00:00;0;0;0
MUE;29.06.1977 00:00;28;0;0
MUE;30.06.1977 00:00;6.4;0;0
MUE;01.07.1977 00:00;0;0;0
MUE;02.07.1977 00:00;0;0;0
MUE;03.07.1977 00:00;0;0;0
MUE;04.07.1977 00:00;0;0;0
MUE;05.07.1977 00:00;0;0;0
MUE;06.07.1977 00:00;5.4;0;0
MUE;07.07.1977 00:00;1.5;0;0
MUE;08.07.1977 00:00;12.8;0;0
MUE;09.07.1977 00:00;7.1;0;0
MUE;10.07.1977 00:00;6;0;0
MUE;11.07.1977 00:00;0;0;0
MUE;12.07.1977 00:00;1.4;0;0
MUE;13.07.1977 00:00;17.6;0;0
MUE;14.07.1977 00:00;10.6;0;0
MUE;15.07.1977 00:00;0;0;0
MUE;16.07.1977 00:00;14.7;0;0
MUE;17.07.1977 00:00;0;0;0
MUE;18.07.1977 00:00;0;0;0
MUE;19.07.1977 00:00;0;0;0
MUE;20.07.1977 00:00;8.6;0;0
MUE;21.07.1977 00:00;1.7;0;0
MUE;22.07.1977 00:00;0;0;0
MUE;23.07.1977 00:00;0;0;0
MUE;24.07.1977 00:00;0;0;0
MUE;25.07.1977 00:00;7.9;0;0
MUE;26.07.1977 00:00;1.9;0;0
MUE;27.07.1977 00:00;6.8;0;0
MUE;28.07.1977 00:00;2.2;0;0
MUE;29.07.1977 00:00;1.5;0;0
MUE;30.07.1977 00:00;20.9;0;0
MUE;31.07.1977 00:00;49.3;0;0
MUE;01.08.1977 00:00;0;0;0
MUE;02.08.1977 00:00;0;0;0
MUE;03.08.1977 00:00;0;0;0
MUE;04.08.1977 00:00;0;0;0
MUE;05.08.1977 00:00;0;0;0
MUE;06.08.1977 00:00;4.1;0;0
MUE;07.08.1977 00:00;21;0;0
MUE;08.08.1977 00:00;3.4;0;0
MUE;09.08.1977 00:00;13.1;0;0
MUE;10.08.1977 00:00;2.6;0;0
MUE;11.08.1977 00:00;0.8;0;0
MUE;12.08.1977 00:00;2.6;0;0
MUE;13.08.1977 00:00;0.8;0;0
MUE;14.08.1977 00:00;0;0;0
MUE;15.08.1977 00:00;0.9;0;0
MUE;16.08.1977 00:00;9.6;0;0
MUE;17.08.1977 00:00;0;0;0
MUE;18.08.1977 00:00;9.8;0;0
MUE;19.08.1977 00:00;4.8;0;0
MUE;20.08.1977 00:00;2.4;0;0
MUE;21.08.1977 00:00;20.5;0;0
MUE;22.08.1977 00:00;12.4;0;0
MUE;23.08.1977 00:00;2.8;0;0
MUE;24.08.1977 00:00;0;0;0
MUE;25.08.1977 00:00;0;0;0
MUE;26.08.1977 00:00;0;0;0
MUE;27.08.1977 00:00;3.7;0;0
MUE;28.08.1977 00:00;2.4;0;0
MUE;29.08.1977 00:00;48.9;0;0
MUE;30.08.1977 00:00;1.2;0;0
MUE;31.08.1977 00:00;0;0;0
MUE;01.09.1977 00:00;5;0;0
MUE;02.09.1977 00:00;0;0;0
MUE;03.09.1977 00:00;0;0;0
MUE;04.09.1977 00:00;1.2;0;0
MUE;05.09.1977 00:00;0;0;0
MUE;06.09.1977 00:00;0;0;0
MUE;07.09.1977 00:00;0;0;0
MUE;08.09.1977 00:00;14.2;0;0
MUE;09.09.1977 00:00;7.2;0;0
MUE;10.09.1977 00:00;0;0;0
MUE;11.09.1977 00:00;0;0;0
MUE;12.09.1977 00:00;0;0;0
MUE;13.09.1977 00:00;5.8;0;0
MUE;14.09.1977 00:00;0;0;0
MUE;15.09.1977 00:00;0;0;0
MUE;16.09.1977 00:00;1.5;0;0
MUE;17.09.1977 00:00;0.6;0;0
MUE;18.09.1977 00:00;7.1;1;0
MUE;19.09.1977 00:00;0.6;0;1
MUE;20.09.1977 00:00;0.4;0;0
MUE;21.09.1977 00:00;3.9;1;0
MUE;22.09.1977 00:00;0;0;1
MUE;23.09.1977 00:00;0;0;0
MUE;24.09.1977 00:00;2.5;0;0
MUE;25.09.1977 00:00;2.7;0;0
MUE;26.09.1977 00:00;2.4;0;0
MUE;27.09.1977 00:00;0;0;0
MUE;28.09.1977 00:00;0;0;0
MUE;29.09.1977 00:00;2.3;0;0
MUE;30.09.1977 00:00;0;0;0
MUE;01.10.1977 00:00;4.1;0;0
MUE;02.10.1977 00:00;2.6;1;0
MUE;03.10.1977 00:00;0;0;1
MUE;04.10.1977 00:00;0;0;0
MUE;05.10.1977 00:00;0;0;0
MUE;06.10.1977 00:00;0.1;0;0
MUE;07.10.1977 00:00;42.2;0;0
MUE;08.10.1977 00:00;11.4;0;0
MUE;09.10.1977 00:00;30.5;0;0
MUE;10.10.1977 00:00;16.7;0;0
MUE;11.10.1977 00:00;0;0;0
MUE;12.10.1977 00:00;0;0;0
MUE;13.10.1977 00:00;0;0;0
MUE;14.10.1977 00:00;0;0;0
MUE;15.10.1977 00:00;0;0;0
MUE;16.10.1977 00:00;0;0;0
MUE;17.10.1977 00:00;0;0;0
MUE;18.10.1977 00:00;0;0;0
MUE;19.10.1977 00:00;0;0;0
MUE;20.10.1977 00:00;0;0;0
MUE;21.10.1977 00:00;1.5;0;0
MUE;22.10.1977 00:00;0;0;0
MUE;23.10.1977 00:00;0.7;0;0
MUE;24.10.1977 00:00;10.6;0;0
MUE;25.10.1977 00:00;18;0;0
MUE;26.10.1977 00:00;0;0;0
MUE;27.10.1977 00:00;5.7;0;0
MUE;28.10.1977 00:00;2.1;0;0
MUE;29.10.1977 00:00;0;0;0
MUE;30.10.1977 00:00;0;0;0
MUE;31.10.1977 00:00;7.8;0;0
MUE;01.11.1977 00:00;3;0;0
MUE;02.11.1977 00:00;24.5;0;1
MUE;03.11.1977 00:00;0.5;0;0
MUE;04.11.1977 00:00;2.5;0;0
MUE;05.11.1977 00:00;0;0;0
MUE;06.11.1977 00:00;0;0;0
MUE;07.11.1977 00:00;0;0;0
MUE;08.11.1977 00:00;0;0;0
MUE;09.11.1977 00:00;0;0;0
MUE;10.11.1977 00:00;0;0;0
MUE;11.11.1977 00:00;0;0;0
MUE;12.11.1977 00:00;1.5;0;0
MUE;13.11.1977 00:00;11.7;10;0
MUE;14.11.1977 00:00;31.9;2;10
MUE;15.11.1977 00:00;16.8;24;11
MUE;16.11.1977 00:00;1.5;1;35
MUE;17.11.1977 00:00;8.3;11;34
MUE;18.11.1977 00:00;1.7;1;44
MUE;19.11.1977 00:00;0;0;40
MUE;20.11.1977 00:00;0;0;35
MUE;21.11.1977 00:00;15.7;19;20
MUE;22.11.1977 00:00;2.9;1;35
MUE;23.11.1977 00:00;1.8;1;35
MUE;24.11.1977 00:00;15.9;18;36
MUE;25.11.1977 00:00;11.8;13;45
MUE;26.11.1977 00:00;6.1;10;55
MUE;27.11.1977 00:00;0;0;62
MUE;28.11.1977 00:00;0;0;48
MUE;29.11.1977 00:00;0;0;42
MUE;30.11.1977 00:00;0;0;40
MUE;01.12.1977 00:00;0;0;35
MUE;02.12.1977 00:00;0;0;32
MUE;03.12.1977 00:00;0;0;32
MUE;04.12.1977 00:00;0;0;28
MUE;05.12.1977 00:00;0;0;27
MUE;06.12.1977 00:00;1.5;2;27
MUE;07.12.1977 00:00;0;0;29
MUE;08.12.1977 00:00;9.4;8;20
MUE;09.12.1977 00:00;0;0;25
MUE;10.12.1977 00:00;0;0;25
MUE;11.12.1977 00:00;0;0;25
MUE;12.12.1977 00:00;9.6;6;25
MUE;13.12.1977 00:00;0;0;24
MUE;14.12.1977 00:00;0;0;24
MUE;15.12.1977 00:00;0;0;23
MUE;16.12.1977 00:00;0;0;23
MUE;17.12.1977 00:00;0;0;23
MUE;18.12.1977 00:00;0;0;20
MUE;19.12.1977 00:00;0;0;20
MUE;20.12.1977 00:00;0;0;20
MUE;21.12.1977 00:00;0;0;20
MUE;22.12.1977 00:00;0;0;20
MUE;23.12.1977 00:00;28;0;20
MUE;24.12.1977 00:00;24.5;1;17
MUE;25.12.1977 00:00;0;0;18
MUE;26.12.1977 00:00;1.5;0;15
MUE;27.12.1977 00:00;8.3;2;14
MUE;28.12.1977 00:00;0.4;1;11
MUE;29.12.1977 00:00;0;0;11
MUE;30.12.1977 00:00;15.2;24;11
MUE;31.12.1977 00:00;3.1;4;33
MUE;01.01.1978 00:00;0;0;34
MUE;02.01.1978 00:00;3.4;2;32
MUE;03.01.1978 00:00;8.8;10;30
MUE;04.01.1978 00:00;9.4;10;40
MUE;05.01.1978 00:00;0;0;50
MUE;06.01.1978 00:00;0;0;43
MUE;07.01.1978 00:00;0;0;43
MUE;08.01.1978 00:00;0;0;40
MUE;09.01.1978 00:00;0;0;35
MUE;10.01.1978 00:00;0;0;33
MUE;11.01.1978 00:00;10.4;11;33
MUE;12.01.1978 00:00;15;10;43
MUE;13.01.1978 00:00;0;0;53
MUE;14.01.1978 00:00;0.8;1;50
MUE;15.01.1978 00:00;0;0;49
MUE;16.01.1978 00:00;0;0;44
MUE;17.01.1978 00:00;0.2;1;40
MUE;18.01.1978 00:00;0.3;0;41
MUE;19.01.1978 00:00;0;0;40
MUE;20.01.1978 00:00;13;7;40
MUE;21.01.1978 00:00;1.7;1;47
MUE;22.01.1978 00:00;1.9;1;48
MUE;23.01.1978 00:00;2.5;0;49
MUE;24.01.1978 00:00;18.5;16;47
MUE;25.01.1978 00:00;1.1;2;68
MUE;26.01.1978 00:00;11.4;13;70
MUE;27.01.1978 00:00;0;0;80
MUE;28.01.1978 00:00;16.4;12;70
MUE;29.01.1978 00:00;0;0;80
MUE;30.01.1978 00:00;31.8;32;80
MUE;31.01.1978 00:00;5;3;110
MUE;01.02.1978 00:00;13.2;13;112
MUE;02.02.1978 00:00;37.5;40;107
MUE;03.02.1978 00:00;9.2;3;139
MUE;04.02.1978 00:00;0;0;142
MUE;05.02.1978 00:00;1.8;2;140
MUE;06.02.1978 00:00;12.6;18;132
MUE;07.02.1978 00:00;9.7;22;146
MUE;08.02.1978 00:00;1.1;0;156
MUE;09.02.1978 00:00;0;0;138
MUE;10.02.1978 00:00;0;0;130
MUE;11.02.1978 00:00;4.4;3;122
MUE;12.02.1978 00:00;0;0;124
MUE;13.02.1978 00:00;3.9;7;120
MUE;14.02.1978 00:00;0.5;0;127
MUE;15.02.1978 00:00;6.3;6;122
MUE;16.02.1978 00:00;52;7;125
MUE;17.02.1978 00:00;4.4;2;125
MUE;18.02.1978 00:00;0;0;119
MUE;19.02.1978 00:00;3.1;5;117
MUE;20.02.1978 00:00;2.5;1;115
MUE;21.02.1978 00:00;0;0;115
MUE;22.02.1978 00:00;0;0;110
MUE;23.02.1978 00:00;0;0;110
MUE;24.02.1978 00:00;0;0;104
MUE;25.02.1978 00:00;1.5;1;92
MUE;26.02.1978 00:00;16.3;12;91
MUE;27.02.1978 00:00;0;0;102
MUE;28.02.1978 00:00;0;0;95
MUE;01.03.1978 00:00;0;0;95
MUE;02.03.1978 00:00;0;0;94
MUE;03.03.1978 00:00;0;0;92
MUE;04.03.1978 00:00;6.9;7;90
MUE;05.03.1978 00:00;9.7;10;96
MUE;06.03.1978 00:00;0;0;104
MUE;07.03.1978 00:00;0;0;102
MUE;08.03.1978 00:00;0;0;98
MUE;09.03.1978 00:00;0;0;93
MUE;10.03.1978 00:00;0;0;90
MUE;11.03.1978 00:00;0;0;90
MUE;12.03.1978 00:00;5.8;3;90
MUE;13.03.1978 00:00;13.5;6;91
MUE;14.03.1978 00:00;1.2;1;97
MUE;15.03.1978 00:00;2.2;0;95
MUE;16.03.1978 00:00;7.1;7;96
MUE;17.03.1978 00:00;7.9;8;103
MUE;18.03.1978 00:00;1.1;3;105
MUE;19.03.1978 00:00;6.3;4;108
MUE;20.03.1978 00:00;44.1;7;109
MUE;21.03.1978 00:00;19.7;40;109
MUE;22.03.1978 00:00;2.9;2;140
MUE;23.03.1978 00:00;14.7;12;135
MUE;24.03.1978 00:00;9.1;7;143
MUE;25.03.1978 00:00;1;1;148
MUE;26.03.1978 00:00;14;19;142
MUE;27.03.1978 00:00;13.8;16;155
MUE;28.03.1978 00:00;0;0;163
MUE;29.03.1978 00:00;0;0;135
MUE;30.03.1978 00:00;0;0;125
MUE;31.03.1978 00:00;0;0;120
MUE;01.04.1978 00:00;7.9;6;120
MUE;02.04.1978 00:00;0;0;124
MUE;03.04.1978 00:00;0;0;118
MUE;04.04.1978 00:00;0;0;117
MUE;05.04.1978 00:00;0;0;115
MUE;06.04.1978 00:00;0;0;110
MUE;07.04.1978 00:00;0;0;107
MUE;08.04.1978 00:00;0;0;107
MUE;09.04.1978 00:00;2.2;0;107
MUE;10.04.1978 00:00;12.3;2;100
MUE;11.04.1978 00:00;24.9;21;102
MUE;12.04.1978 00:00;0;0;123
MUE;13.04.1978 00:00;0;0;112
MUE;14.04.1978 00:00;2.8;4;108
MUE;15.04.1978 00:00;7.4;13;112
MUE;16.04.1978 00:00;7.7;12;124
MUE;17.04.1978 00:00;0.9;0;123
MUE;18.04.1978 00:00;0;0;115
MUE;19.04.1978 00:00;2.7;0;110
MUE;20.04.1978 00:00;17.5;20;109
MUE;21.04.1978 00:00;1.8;0;125
MUE;22.04.1978 00:00;0;0;118
MUE;23.04.1978 00:00;0;0;106
MUE;24.04.1978 00:00;0;0;104
MUE;25.04.1978 00:00;0;0;102
MUE;26.04.1978 00:00;0;0;95
MUE;27.04.1978 00:00;14;4;90
MUE;28.04.1978 00:00;0;0;94
MUE;29.04.1978 00:00;0;0;85
MUE;30.04.1978 00:00;0.8;0;82
MUE;01.05.1978 00:00;27.8;6;80
MUE;02.05.1978 00:00;1.1;0;86
MUE;03.05.1978 00:00;0;0;86
MUE;04.05.1978 00:00;0;0;80
MUE;05.05.1978 00:00;0.4;0;70
MUE;06.05.1978 00:00;3.8;1;55
MUE;07.05.1978 00:00;5.2;1;55
MUE;08.05.1978 00:00;6.4;0;55
MUE;09.05.1978 00:00;0;0;54
MUE;10.05.1978 00:00;0;0;50
MUE;11.05.1978 00:00;2.7;0;46
MUE;12.05.1978 00:00;22.6;10;35
MUE;13.05.1978 00:00;7.2;3;45
MUE;14.05.1978 00:00;2.5;3;44
MUE;15.05.1978 00:00;0;0;42
MUE;16.05.1978 00:00;0;0;35
MUE;17.05.1978 00:00;10.4;0;33
MUE;18.05.1978 00:00;10.2;0;30
MUE;19.05.1978 00:00;6.4;0;20
MUE;20.05.1978 00:00;0;0;20
MUE;21.05.1978 00:00;12;0;10
MUE;22.05.1978 00:00;31;0;5
MUE;23.05.1978 00:00;17.1;0;0
MUE;24.05.1978 00:00;5.9;0;0
MUE;25.05.1978 00:00;0;0;0
MUE;26.05.1978 00:00;0;0;0
MUE;27.05.1978 00:00;0;0;0
MUE;28.05.1978 00:00;0;0;0
MUE;29.05.1978 00:00;0;0;0
MUE;30.05.1978 00:00;0;0;0
MUE;31.05.1978 00:00;6;0;0
MUE;01.06.1978 00:00;0;0;0
MUE;02.06.1978 00:00;0;0;0
MUE;03.06.1978 00:00;0;0;0
MUE;04.06.1978 00:00;0;0;0
MUE;05.06.1978 00:00;0;0;0
MUE;06.06.1978 00:00;1;0;0
MUE;07.06.1978 00:00;23.5;0;0
MUE;08.06.1978 00:00;15.4;0;0
MUE;09.06.1978 00:00;8.1;0;0
MUE;10.06.1978 00:00;11.6;0;0
MUE;11.06.1978 00:00;0;0;0
MUE;12.06.1978 00:00;1.1;0;0
MUE;13.06.1978 00:00;9.4;0;0
MUE;14.06.1978 00:00;3.3;0;0
MUE;15.06.1978 00:00;19.5;0;0
MUE;16.06.1978 00:00;28.1;0;0
MUE;17.06.1978 00:00;32.5;6;0
MUE;18.06.1978 00:00;0;0;6
MUE;19.06.1978 00:00;7.7;0;0
MUE;20.06.1978 00:00;0;0;0
MUE;21.06.1978 00:00;1.7;0;0
MUE;22.06.1978 00:00;2;0;0
MUE;23.06.1978 00:00;17.8;0;0
MUE;24.06.1978 00:00;9.9;0;0
MUE;25.06.1978 00:00;8.1;0;0
MUE;26.06.1978 00:00;6.7;0;0
MUE;27.06.1978 00:00;15.9;1;0
MUE;28.06.1978 00:00;1.1;0;1
MUE;29.06.1978 00:00;0;0;0
MUE;30.06.1978 00:00;18.9;0;0
MUE;01.07.1978 00:00;26.3;0;0
MUE;02.07.1978 00:00;0;0;0
MUE;03.07.1978 00:00;0.4;0;0
MUE;04.07.1978 00:00;12.6;0;0
MUE;05.07.1978 00:00;0.6;0;0
MUE;06.07.1978 00:00;17;0;0
MUE;07.07.1978 00:00;7.2;0;0
MUE;08.07.1978 00:00;5.6;0;0
MUE;09.07.1978 00:00;21.5;0;0
MUE;10.07.1978 00:00;14.3;0;0
MUE;11.07.1978 00:00;8.6;0;0
MUE;12.07.1978 00:00;0;0;0
MUE;13.07.1978 00:00;0;0;0
MUE;14.07.1978 00:00;41.7;0;0
MUE;15.07.1978 00:00;0;0;0
MUE;16.07.1978 00:00;0;0;0
MUE;17.07.1978 00:00;0;0;0
MUE;18.07.1978 00:00;15.2;0;0
MUE;19.07.1978 00:00;4.4;0;0
MUE;20.07.1978 00:00;0;0;0
MUE;21.07.1978 00:00;4.2;0;0
MUE;22.07.1978 00:00;0;0;0
MUE;23.07.1978 00:00;0;0;0
MUE;24.07.1978 00:00;0;0;0
MUE;25.07.1978 00:00;0;0;0
MUE;26.07.1978 00:00;3.5;0;0
MUE;27.07.1978 00:00;0;0;0
MUE;28.07.1978 00:00;0;0;0
MUE;29.07.1978 00:00;0;0;0
MUE;30.07.1978 00:00;0.2;0;0
MUE;31.07.1978 00:00;0;0;0
MUE;01.08.1978 00:00;3;0;0
MUE;02.08.1978 00:00;0;0;0
MUE;03.08.1978 00:00;7.1;0;0
MUE;04.08.1978 00:00;0;0;0
MUE;05.08.1978 00:00;0;0;0
MUE;06.08.1978 00:00;4.8;0;0
MUE;07.08.1978 00:00;95.6;0;0
MUE;08.08.1978 00:00;12.4;0;0
MUE;09.08.1978 00:00;8.6;0;0
MUE;10.08.1978 00:00;6.5;0;0
MUE;11.08.1978 00:00;0;0;0
MUE;12.08.1978 00:00;0.4;0;0
MUE;13.08.1978 00:00;20;0;0
MUE;14.08.1978 00:00;0;0;0
MUE;15.08.1978 00:00;4;0;0
MUE;16.08.1978 00:00;24.4;0;0
MUE;17.08.1978 00:00;0;0;0
MUE;18.08.1978 00:00;0;0;0
MUE;19.08.1978 00:00;0;0;0
MUE;20.08.1978 00:00;0;0;0
MUE;21.08.1978 00:00;0;0;0
MUE;22.08.1978 00:00;0;0;0
MUE;23.08.1978 00:00;1.2;0;0
MUE;24.08.1978 00:00;0;0;0
MUE;25.08.1978 00:00;0;0;0
MUE;26.08.1978 00:00;0;0;0
MUE;27.08.1978 00:00;0;0;0
MUE;28.08.1978 00:00;0;0;0
MUE;29.08.1978 00:00;0;0;0
MUE;30.08.1978 00:00;26.2;2;0
MUE;31.08.1978 00:00;5.2;0;2
MUE;01.09.1978 00:00;0.4;0;0
MUE;02.09.1978 00:00;0;0;0
MUE;03.09.1978 00:00;0;0;0
MUE;04.09.1978 00:00;0;0;0
MUE;05.09.1978 00:00;12.7;0;0
MUE;06.09.1978 00:00;13.6;0;0
MUE;07.09.1978 00:00;7.8;0;0
MUE;08.09.1978 00:00;0;0;0
MUE;09.09.1978 00:00;8;0;0
MUE;10.09.1978 00:00;0;0;0
MUE;11.09.1978 00:00;15.7;0;0
MUE;12.09.1978 00:00;2.2;0;0
MUE;13.09.1978 00:00;0;0;0
MUE;14.09.1978 00:00;0;0;0
MUE;15.09.1978 00:00;0;0;0
MUE;16.09.1978 00:00;0;0;0
MUE;17.09.1978 00:00;0;0;0
MUE;18.09.1978 00:00;0;0;0
MUE;19.09.1978 00:00;0;0;0
MUE;20.09.1978 00:00;0;0;0
MUE;21.09.1978 00:00;0;0;0
MUE;22.09.1978 00:00;0;0;0
MUE;23.09.1978 00:00;0;0;0
MUE;24.09.1978 00:00;0;0;0
MUE;25.09.1978 00:00;0;0;0
MUE;26.09.1978 00:00;0.5;0;0
MUE;27.09.1978 00:00;16;5;0
MUE;28.09.1978 00:00;12.5;0;5
MUE;29.09.1978 00:00;0;0;2
MUE;30.09.1978 00:00;2.5;1;0
MUE;01.10.1978 00:00;0.6;0;1
MUE;02.10.1978 00:00;0.8;0;0
MUE;03.10.1978 00:00;18;6;0
MUE;04.10.1978 00:00;10.2;0;6
MUE;05.10.1978 00:00;0;0;4
MUE;06.10.1978 00:00;0;0;3
MUE;07.10.1978 00:00;0;0;0
MUE;08.10.1978 00:00;0;0;0
MUE;09.10.1978 00:00;0;0;0
MUE;10.10.1978 00:00;0;0;0
MUE;11.10.1978 00:00;0;0;0
MUE;12.10.1978 00:00;0;0;0
MUE;13.10.1978 00:00;0;0;0
MUE;14.10.1978 00:00;0;0;0
MUE;15.10.1978 00:00;0;0;0
MUE;16.10.1978 00:00;0.4;0;0
MUE;17.10.1978 00:00;37.5;33;0
MUE;18.10.1978 00:00;0;0;33
MUE;19.10.1978 00:00;0;0;19
MUE;20.10.1978 00:00;0;0;9
MUE;21.10.1978 00:00;0;0;6
MUE;22.10.1978 00:00;0;0;5
MUE;23.10.1978 00:00;0;0;4
MUE;24.10.1978 00:00;0;0;0
MUE;25.10.1978 00:00;0;0;0
MUE;26.10.1978 00:00;3.4;0;0
MUE;27.10.1978 00:00;0;0;0
MUE;28.10.1978 00:00;0;0;0
MUE;29.10.1978 00:00;0;0;0
MUE;30.10.1978 00:00;0;0;0
MUE;31.10.1978 00:00;0;0;0
MUE;01.11.1978 00:00;0;0;0
MUE;02.11.1978 00:00;0;0;0
MUE;03.11.1978 00:00;0;0;0
MUE;04.11.1978 00:00;0;0;0
MUE;05.11.1978 00:00;0;0;0
MUE;06.11.1978 00:00;0;0;0
MUE;07.11.1978 00:00;0;0;0
MUE;08.11.1978 00:00;0;0;0
MUE;09.11.1978 00:00;0;0;0
MUE;10.11.1978 00:00;0;0;0
MUE;11.11.1978 00:00;0;0;0
MUE;12.11.1978 00:00;0;0;0
MUE;13.11.1978 00:00;0;0;0
MUE;14.11.1978 00:00;0;0;0
MUE;15.11.1978 00:00;0;0;0
MUE;16.11.1978 00:00;0;0;0
MUE;17.11.1978 00:00;0;0;0
MUE;18.11.1978 00:00;0;0;0
MUE;19.11.1978 00:00;0;0;0
MUE;20.11.1978 00:00;0;0;0
MUE;21.11.1978 00:00;0;0;0
MUE;22.11.1978 00:00;0;0;0
MUE;23.11.1978 00:00;0;0;0
MUE;24.11.1978 00:00;0;0;0
MUE;25.11.1978 00:00;6.4;11;0
MUE;26.11.1978 00:00;12.2;15;11
MUE;27.11.1978 00:00;3.7;1;26
MUE;28.11.1978 00:00;4.6;6;23
MUE;29.11.1978 00:00;0;0;27
MUE;30.11.1978 00:00;0;0;21
MUE;01.12.1978 00:00;0;0;20
MUE;02.12.1978 00:00;0;0;18
MUE;03.12.1978 00:00;0;0;17
MUE;04.12.1978 00:00;0;0;16
MUE;05.12.1978 00:00;0;0;15
MUE;06.12.1978 00:00;0;0;15
MUE;07.12.1978 00:00;0;0;15
MUE;08.12.1978 00:00;12.7;0;14
MUE;09.12.1978 00:00;0;0;11
MUE;10.12.1978 00:00;0;0;10
MUE;11.12.1978 00:00;0;0;9
MUE;12.12.1978 00:00;6.5;1;9
MUE;13.12.1978 00:00;1.7;0;9
MUE;14.12.1978 00:00;0.9;1;9
MUE;15.12.1978 00:00;0.6;1;9
MUE;16.12.1978 00:00;7.4;14;9
MUE;17.12.1978 00:00;0;0;24
MUE;18.12.1978 00:00;0;0;24
MUE;19.12.1978 00:00;2.1;3;24
MUE;20.12.1978 00:00;0;0;24
MUE;21.12.1978 00:00;0;0;20
MUE;22.12.1978 00:00;0;0;20
MUE;23.12.1978 00:00;0;0;20
MUE;24.12.1978 00:00;0;0;20
MUE;25.12.1978 00:00;0;0;17
MUE;26.12.1978 00:00;0;0;15
MUE;27.12.1978 00:00;1.3;0;13
MUE;28.12.1978 00:00;0.2;0;10
MUE;29.12.1978 00:00;7.1;1;8
MUE;30.12.1978 00:00;5.3;0;9
MUE;31.12.1978 00:00;2.1;1;10
MUE;01.01.1979 00:00;2.2;2;11
MUE;02.01.1979 00:00;9.5;11;12
MUE;03.01.1979 00:00;0.6;1;22
MUE;04.01.1979 00:00;0;0;22
MUE;05.01.1979 00:00;0;0;20
MUE;06.01.1979 00:00;0;0;20
MUE;07.01.1979 00:00;0;0;20
MUE;08.01.1979 00:00;8.1;3;18
MUE;09.01.1979 00:00;10.4;13;19
MUE;10.01.1979 00:00;4.2;4;31
MUE;11.01.1979 00:00;10.6;13;35
MUE;12.01.1979 00:00;24.1;12;48
MUE;13.01.1979 00:00;2.6;2;58
MUE;14.01.1979 00:00;0;0;60
MUE;15.01.1979 00:00;0;0;50
MUE;16.01.1979 00:00;0;0;48
MUE;17.01.1979 00:00;0;0;48
MUE;18.01.1979 00:00;0;0;48
MUE;19.01.1979 00:00;5.2;0;46
MUE;20.01.1979 00:00;17.3;1;40
MUE;21.01.1979 00:00;0;0;40
MUE;22.01.1979 00:00;0;0;39
MUE;23.01.1979 00:00;0.8;0;38
MUE;24.01.1979 00:00;4.5;3;38
MUE;25.01.1979 00:00;0;0;43
MUE;26.01.1979 00:00;4.6;2;42
MUE;27.01.1979 00:00;1.3;0;44
MUE;28.01.1979 00:00;15.1;7;42
MUE;29.01.1979 00:00;0;0;49
MUE;30.01.1979 00:00;14.5;14;44
MUE;31.01.1979 00:00;0.8;0;66
MUE;01.02.1979 00:00;0.5;0;63
MUE;02.02.1979 00:00;15.7;2;62
MUE;03.02.1979 00:00;0.3;0;59
MUE;04.02.1979 00:00;3.8;0;57
MUE;05.02.1979 00:00;21.6;14;57
MUE;06.02.1979 00:00;1.1;0;71
MUE;07.02.1979 00:00;9.3;8;63
MUE;08.02.1979 00:00;2.1;0;90
MUE;09.02.1979 00:00;2.1;0;86
MUE;10.02.1979 00:00;5.5;0;80
MUE;11.02.1979 00:00;0;0;75
MUE;12.02.1979 00:00;0;0;65
MUE;13.02.1979 00:00;1.9;3;65
MUE;14.02.1979 00:00;0;0;67
MUE;15.02.1979 00:00;0;0;67
MUE;16.02.1979 00:00;4.3;2;67
MUE;17.02.1979 00:00;0;0;69
MUE;18.02.1979 00:00;1.4;1;69
MUE;19.02.1979 00:00;1.6;0;70
MUE;20.02.1979 00:00;0;0;70
MUE;21.02.1979 00:00;0;0;70
MUE;22.02.1979 00:00;3.7;2;70
MUE;23.02.1979 00:00;10;8;72
MUE;24.02.1979 00:00;0;0;80
MUE;25.02.1979 00:00;0;0;80
MUE;26.02.1979 00:00;0;0;80
MUE;27.02.1979 00:00;0;0;80
MUE;28.02.1979 00:00;0;0;80
MUE;01.03.1979 00:00;0;0;80
MUE;02.03.1979 00:00;0;0;80
MUE;03.03.1979 00:00;0;0;80
MUE;04.03.1979 00:00;3.5;1;75
MUE;05.03.1979 00:00;0;0;73
MUE;06.03.1979 00:00;0;0;71
MUE;07.03.1979 00:00;8;2;69
MUE;08.03.1979 00:00;0;0;71
MUE;09.03.1979 00:00;5.2;3;70
MUE;10.03.1979 00:00;23.1;11;73
MUE;11.03.1979 00:00;51.7;0;84
MUE;12.03.1979 00:00;5;0;78
MUE;13.03.1979 00:00;0;0;75
MUE;14.03.1979 00:00;0;0;75
MUE;15.03.1979 00:00;28.5;44;75
MUE;16.03.1979 00:00;12.4;9;117
MUE;17.03.1979 00:00;1.1;1;125
MUE;18.03.1979 00:00;3.2;2;120
MUE;19.03.1979 00:00;0;0;110
MUE;20.03.1979 00:00;2.4;1;110
MUE;21.03.1979 00:00;0;0;110
MUE;22.03.1979 00:00;0;0;100
MUE;23.03.1979 00:00;2.7;0;98
MUE;24.03.1979 00:00;0;0;98
MUE;25.03.1979 00:00;4.4;0;95
MUE;26.03.1979 00:00;8.7;3;88
MUE;27.03.1979 00:00;0;0;90
MUE;28.03.1979 00:00;16.7;15;84
MUE;29.03.1979 00:00;4.6;4;99
MUE;30.03.1979 00:00;2.6;3;103
MUE;31.03.1979 00:00;2.1;2;103
MUE;01.04.1979 00:00;0;0;104
MUE;02.04.1979 00:00;0;0;98
MUE;03.04.1979 00:00;12.3;6;95
MUE;04.04.1979 00:00;0.9;1;101
MUE;05.04.1979 00:00;2.2;4;102
MUE;06.04.1979 00:00;5.5;8;106
MUE;07.04.1979 00:00;0;0;114
MUE;08.04.1979 00:00;0;0;105
MUE;09.04.1979 00:00;0;0;100
MUE;10.04.1979 00:00;0;0;95
MUE;11.04.1979 00:00;8.6;4;90
MUE;12.04.1979 00:00;0.4;0;89
MUE;13.04.1979 00:00;0;0;85
MUE;14.04.1979 00:00;0;0;84
MUE;15.04.1979 00:00;0;0;80
MUE;16.04.1979 00:00;29.6;22;75
MUE;17.04.1979 00:00;6.3;4;93
MUE;18.04.1979 00:00;0.6;0;93
MUE;19.04.1979 00:00;0;0;93
MUE;20.04.1979 00:00;2.3;2;93
MUE;21.04.1979 00:00;6.6;1;88
MUE;22.04.1979 00:00;0;0;84
MUE;23.04.1979 00:00;0;0;81
MUE;24.04.1979 00:00;12;2;75
MUE;25.04.1979 00:00;6.8;4;77
MUE;26.04.1979 00:00;13.3;5;73
MUE;27.04.1979 00:00;7.8;6;77
MUE;28.04.1979 00:00;2;1;77
MUE;29.04.1979 00:00;0;0;72
MUE;30.04.1979 00:00;2.6;1;64
MUE;01.05.1979 00:00;0;0;83
MUE;02.05.1979 00:00;11.8;10;80
MUE;03.05.1979 00:00;0;0;90
MUE;04.05.1979 00:00;9.7;9;80
MUE;05.05.1979 00:00;0;0;88
MUE;06.05.1979 00:00;0.2;0;85
MUE;07.05.1979 00:00;0;0;83
MUE;08.05.1979 00:00;0;0;80
MUE;09.05.1979 00:00;0;0;75
MUE;10.05.1979 00:00;2.2;0;72
MUE;11.05.1979 00:00;25.5;0;70
MUE;12.05.1979 00:00;3.9;0;65
MUE;13.05.1979 00:00;0;0;58
MUE;14.05.1979 00:00;0;0;50
MUE;15.05.1979 00:00;0;0;45
MUE;16.05.1979 00:00;0;0;30
MUE;17.05.1979 00:00;0;0;15
MUE;18.05.1979 00:00;0;0;0
MUE;19.05.1979 00:00;0;0;0
MUE;20.05.1979 00:00;17.9;0;0
MUE;21.05.1979 00:00;0;0;0
MUE;22.05.1979 00:00;0;0;0
MUE;23.05.1979 00:00;0;0;0
MUE;24.05.1979 00:00;10.4;2;0
MUE;25.05.1979 00:00;0;0;2
MUE;26.05.1979 00:00;0;0;0
MUE;27.05.1979 00:00;6.7;0;0
MUE;28.05.1979 00:00;0;0;0
MUE;29.05.1979 00:00;0;0;0
MUE;30.05.1979 00:00;0;0;0
MUE;31.05.1979 00:00;1.3;0;0
MUE;01.06.1979 00:00;4;0;0
MUE;02.06.1979 00:00;0.4;0;0
MUE;03.06.1979 00:00;0;0;0
MUE;04.06.1979 00:00;0;0;0
MUE;05.06.1979 00:00;0;0;0
MUE;06.06.1979 00:00;19.7;0;0
MUE;07.06.1979 00:00;4.5;0;0
MUE;08.06.1979 00:00;0;0;0
MUE;09.06.1979 00:00;0;0;0
MUE;10.06.1979 00:00;4;0;0
MUE;11.06.1979 00:00;21.4;0;0
MUE;12.06.1979 00:00;4.5;0;0
MUE;13.06.1979 00:00;33.7;0;0
MUE;14.06.1979 00:00;2.8;0;0
MUE;15.06.1979 00:00;10.8;1;0
MUE;16.06.1979 00:00;22;11;1
MUE;17.06.1979 00:00;17.5;0;11
MUE;18.06.1979 00:00;6.5;0;0
MUE;19.06.1979 00:00;0;0;0
MUE;20.06.1979 00:00;0;0;0
MUE;21.06.1979 00:00;0;0;0
MUE;22.06.1979 00:00;6.7;0;0
MUE;23.06.1979 00:00;0;0;0
MUE;24.06.1979 00:00;3.6;0;0
MUE;25.06.1979 00:00;0;0;0
MUE;26.06.1979 00:00;0;0;0
MUE;27.06.1979 00:00;12.6;0;0
MUE;28.06.1979 00:00;5.1;0;0
MUE;29.06.1979 00:00;0;0;0
MUE;30.06.1979 00:00;0;0;0
MUE;01.07.1979 00:00;0;0;0
MUE;02.07.1979 00:00;7.6;0;0
MUE;03.07.1979 00:00;2.7;0;0
MUE;04.07.1979 00:00;0;0;0
MUE;05.07.1979 00:00;0;0;0
MUE;06.07.1979 00:00;0;0;0
MUE;07.07.1979 00:00;0;0;0
MUE;08.07.1979 00:00;0.2;0;0
MUE;09.07.1979 00:00;0;0;0
MUE;10.07.1979 00:00;0;0;0
MUE;11.07.1979 00:00;1.4;0;0
MUE;12.07.1979 00:00;7.4;0;0
MUE;13.07.1979 00:00;11.9;0;0
MUE;14.07.1979 00:00;3.6;0;0
MUE;15.07.1979 00:00;0;0;0
MUE;16.07.1979 00:00;0;0;0
MUE;17.07.1979 00:00;0;0;0
MUE;18.07.1979 00:00;0;0;0
MUE;19.07.1979 00:00;8.6;0;0
MUE;20.07.1979 00:00;3.9;0;0
MUE;21.07.1979 00:00;0;0;0
MUE;22.07.1979 00:00;0;0;0
MUE;23.07.1979 00:00;0;0;0
MUE;24.07.1979 00:00;0;0;0
MUE;25.07.1979 00:00;0;0;0
MUE;26.07.1979 00:00;0;0;0
MUE;27.07.1979 00:00;0;0;0
MUE;28.07.1979 00:00;0.3;0;0
MUE;29.07.1979 00:00;16.4;0;0
MUE;30.07.1979 00:00;0.8;0;0
MUE;31.07.1979 00:00;2.7;0;0
MUE;01.08.1979 00:00;0;0;0
MUE;02.08.1979 00:00;2;0;0
MUE;03.08.1979 00:00;15.9;0;0
MUE;04.08.1979 00:00;6.8;0;0
MUE;05.08.1979 00:00;3.1;0;0
MUE;06.08.1979 00:00;4.2;0;0
MUE;07.08.1979 00:00;11.8;0;0
MUE;08.08.1979 00:00;11;0;0
MUE;09.08.1979 00:00;5.3;0;0
MUE;10.08.1979 00:00;0;0;0
MUE;11.08.1979 00:00;17.2;0;0
MUE;12.08.1979 00:00;0;0;0
MUE;13.08.1979 00:00;0;0;0
MUE;14.08.1979 00:00;0;0;0
MUE;15.08.1979 00:00;2.9;0;0
MUE;16.08.1979 00:00;45.4;0;0
MUE;17.08.1979 00:00;10;0;0
MUE;18.08.1979 00:00;42.9;0;0
MUE;19.08.1979 00:00;3.4;0;0
MUE;20.08.1979 00:00;0.2;0;0
MUE;21.08.1979 00:00;0;0;0
MUE;22.08.1979 00:00;0;0;0
MUE;23.08.1979 00:00;17.5;0;0
MUE;24.08.1979 00:00;6.9;0;0
MUE;25.08.1979 00:00;2;0;0
MUE;26.08.1979 00:00;12.9;0;0
MUE;27.08.1979 00:00;1.8;0;0
MUE;28.08.1979 00:00;0;0;0
MUE;29.08.1979 00:00;0;0;0
MUE;30.08.1979 00:00;0;0;0
MUE;31.08.1979 00:00;0;0;0
MUE;01.09.1979 00:00;0;0;0
MUE;02.09.1979 00:00;0.7;0;0
MUE;03.09.1979 00:00;10.6;0;0
MUE;04.09.1979 00:00;0;0;0
MUE;05.09.1979 00:00;0;0;0
MUE;06.09.1979 00:00;0;0;0
MUE;07.09.1979 00:00;0;0;0
MUE;08.09.1979 00:00;0;0;0
MUE;09.09.1979 00:00;7.4;0;0
MUE;10.09.1979 00:00;6.7;0;0
MUE;11.09.1979 00:00;0;0;0
MUE;12.09.1979 00:00;0;0;0
MUE;13.09.1979 00:00;0.9;0;0
MUE;14.09.1979 00:00;3.4;0;0
MUE;15.09.1979 00:00;0.5;0;0
MUE;16.09.1979 00:00;0;0;0
MUE;17.09.1979 00:00;0;0;0
MUE;18.09.1979 00:00;0;0;0
MUE;19.09.1979 00:00;0;0;0
MUE;20.09.1979 00:00;7.2;0;0
MUE;21.09.1979 00:00;36.4;3;0
MUE;22.09.1979 00:00;4.3;0;3
MUE;23.09.1979 00:00;4.7;3;0
MUE;24.09.1979 00:00;6.9;0;3
MUE;25.09.1979 00:00;0;0;0
MUE;26.09.1979 00:00;0;0;0
MUE;27.09.1979 00:00;0;0;0
MUE;28.09.1979 00:00;0;0;0
MUE;29.09.1979 00:00;0;0;0
MUE;30.09.1979 00:00;0;0;0
MUE;01.10.1979 00:00;0;0;0
MUE;02.10.1979 00:00;0;0;0
MUE;03.10.1979 00:00;0;0;0
MUE;04.10.1979 00:00;0.9;0;0
MUE;05.10.1979 00:00;5.1;0;0
MUE;06.10.1979 00:00;0;0;0
MUE;07.10.1979 00:00;0;0;0
MUE;08.10.1979 00:00;0;0;0
MUE;09.10.1979 00:00;0;0;0
MUE;10.10.1979 00:00;0;0;0
MUE;11.10.1979 00:00;0;0;0
MUE;12.10.1979 00:00;0.2;0;0
MUE;13.10.1979 00:00;0.1;0;0
MUE;14.10.1979 00:00;48.6;0;0
MUE;15.10.1979 00:00;8.3;0;0
MUE;16.10.1979 00:00;4.8;0;0
MUE;17.10.1979 00:00;4.4;0;0
MUE;18.10.1979 00:00;0;0;0
MUE;19.10.1979 00:00;0;0;0
MUE;20.10.1979 00:00;0;0;0
MUE;21.10.1979 00:00;12.2;0;0
MUE;22.10.1979 00:00;37.2;0;0
MUE;23.10.1979 00:00;3.2;0;0
MUE;24.10.1979 00:00;1.6;0;0
MUE;25.10.1979 00:00;0;0;0
MUE;26.10.1979 00:00;0;0;0
MUE;27.10.1979 00:00;0;0;0
MUE;28.10.1979 00:00;1.6;0;0
MUE;29.10.1979 00:00;6.9;2;0
MUE;30.10.1979 00:00;2.5;0;2
MUE;31.10.1979 00:00;0;0;1
MUE;01.11.1979 00:00;0;0;0
MUE;02.11.1979 00:00;2.4;0;0
MUE;03.11.1979 00:00;0;0;0
MUE;04.11.1979 00:00;1.5;0;0
MUE;05.11.1979 00:00;13.8;9;0
MUE;06.11.1979 00:00;59.9;1;9
MUE;07.11.1979 00:00;29.9;0;6
MUE;08.11.1979 00:00;0.7;0;2
MUE;09.11.1979 00:00;21.3;12;0
MUE;10.11.1979 00:00;14.3;31;12
MUE;11.11.1979 00:00;0;0;40
MUE;12.11.1979 00:00;0;0;30
MUE;13.11.1979 00:00;0;0;25
MUE;14.11.1979 00:00;2.8;2;25
MUE;15.11.1979 00:00;27.2;20;20
MUE;16.11.1979 00:00;0;0;40
MUE;17.11.1979 00:00;0;0;30
MUE;18.11.1979 00:00;6.8;10;30
MUE;19.11.1979 00:00;2.4;2;39
MUE;20.11.1979 00:00;0;0;40
MUE;21.11.1979 00:00;0;0;30
MUE;22.11.1979 00:00;0;0;25
MUE;23.11.1979 00:00;0;0;25
MUE;24.11.1979 00:00;0;0;20
MUE;25.11.1979 00:00;0;0;20
MUE;26.11.1979 00:00;0;0;20
MUE;27.11.1979 00:00;0.6;0;20
MUE;28.11.1979 00:00;0;0;18
MUE;29.11.1979 00:00;0;0;16
MUE;30.11.1979 00:00;0;0;14
MUE;01.12.1979 00:00;0;0;14
MUE;02.12.1979 00:00;0;0;14
MUE;03.12.1979 00:00;0;0;10
MUE;04.12.1979 00:00;0;0;10
MUE;05.12.1979 00:00;0;0;10
MUE;06.12.1979 00:00;0;0;10
MUE;07.12.1979 00:00;0;0;10
MUE;08.12.1979 00:00;0;0;10
MUE;09.12.1979 00:00;2.5;0;10
MUE;10.12.1979 00:00;15;0;10
MUE;11.12.1979 00:00;45.2;45;4
MUE;12.12.1979 00:00;10.8;12;48
MUE;13.12.1979 00:00;0;0;60
MUE;14.12.1979 00:00;11.4;6;45
MUE;15.12.1979 00:00;7;3;46
MUE;16.12.1979 00:00;1.1;0;47
MUE;17.12.1979 00:00;26.3;6;43
MUE;18.12.1979 00:00;0;0;45
MUE;19.12.1979 00:00;17;17;44
MUE;20.12.1979 00:00;0;0;60
MUE;21.12.1979 00:00;18.4;20;60
MUE;22.12.1979 00:00;16.9;2;80
MUE;23.12.1979 00:00;0;0;80
MUE;24.12.1979 00:00;0;0;78
MUE;25.12.1979 00:00;0;0;75
MUE;26.12.1979 00:00;0;0;75
MUE;27.12.1979 00:00;0;0;75
MUE;28.12.1979 00:00;3.3;2;67
MUE;29.12.1979 00:00;7.2;9;67
MUE;30.12.1979 00:00;6.6;6;76
MUE;31.12.1979 00:00;4.5;6;82
MUE;01.01.1980 00:00;3.2;1;88
MUE;02.01.1980 00:00;8.9;11;81
MUE;03.01.1980 00:00;3.2;7;91
MUE;04.01.1980 00:00;11.1;12;95
MUE;05.01.1980 00:00;10.6;7;95
MUE;06.01.1980 00:00;2.7;2;101
MUE;07.01.1980 00:00;3.5;5;100
MUE;08.01.1980 00:00;0;0;105
MUE;09.01.1980 00:00;0;0;95
MUE;10.01.1980 00:00;1.6;6;94
MUE;11.01.1980 00:00;2.1;1;100
MUE;12.01.1980 00:00;0;0;98
MUE;13.01.1980 00:00;0;0;90
MUE;14.01.1980 00:00;0;0;89
MUE;15.01.1980 00:00;0;0;87
MUE;16.01.1980 00:00;0;0;87
MUE;17.01.1980 00:00;0;0;85
MUE;18.01.1980 00:00;0;0;83
MUE;19.01.1980 00:00;0;0;80
MUE;20.01.1980 00:00;0;0;79
MUE;21.01.1980 00:00;0;0;75
MUE;22.01.1980 00:00;6.2;5;75
MUE;23.01.1980 00:00;5.7;0;80
MUE;24.01.1980 00:00;16;11;76
MUE;25.01.1980 00:00;0;0;85
MUE;26.01.1980 00:00;0;0;85
MUE;27.01.1980 00:00;0;0;85
MUE;28.01.1980 00:00;0;0;85
MUE;29.01.1980 00:00;0;0;84
MUE;30.01.1980 00:00;0;0;83
MUE;31.01.1980 00:00;4.1;3;80
MUE;01.02.1980 00:00;4.9;4;80
MUE;02.02.1980 00:00;10.6;12;83
MUE;03.02.1980 00:00;13.9;2;95
MUE;04.02.1980 00:00;28.7;0;95
MUE;05.02.1980 00:00;3.7;0;86
MUE;06.02.1980 00:00;2.5;1;83
MUE;07.02.1980 00:00;0;0;80
MUE;08.02.1980 00:00;0;0;80
MUE;09.02.1980 00:00;0;0;80
MUE;10.02.1980 00:00;8.8;13;75
MUE;11.02.1980 00:00;0.5;0;88
MUE;12.02.1980 00:00;0;0;88
MUE;13.02.1980 00:00;0;0;87
MUE;14.02.1980 00:00;0;0;85
MUE;15.02.1980 00:00;0;0;85
MUE;16.02.1980 00:00;7.3;8;85
MUE;17.02.1980 00:00;2.2;3;92
MUE;18.02.1980 00:00;0;0;94
MUE;19.02.1980 00:00;0;0;92
MUE;20.02.1980 00:00;0;0;91
MUE;21.02.1980 00:00;3.6;6;90
MUE;22.02.1980 00:00;3.8;4;93
MUE;23.02.1980 00:00;0;0;97
MUE;24.02.1980 00:00;0;0;94
MUE;25.02.1980 00:00;0;0;90
MUE;26.02.1980 00:00;0;0;90
MUE;27.02.1980 00:00;0;0;86
MUE;28.02.1980 00:00;0;0;84
MUE;29.02.1980 00:00;0;0;82
MUE;01.03.1980 00:00;0;0;81
MUE;02.03.1980 00:00;0;0;81
MUE;03.03.1980 00:00;0;0;80
MUE;04.03.1980 00:00;0;0;80
MUE;05.03.1980 00:00;0;0;80
MUE;06.03.1980 00:00;0;0;79
MUE;07.03.1980 00:00;3.9;4;78
MUE;08.03.1980 00:00;12;15;80
MUE;09.03.1980 00:00;1.4;2;95
MUE;10.03.1980 00:00;4.3;7;97
MUE;11.03.1980 00:00;8.6;8;100
MUE;12.03.1980 00:00;0;0;108
MUE;13.03.1980 00:00;23.9;20;100
MUE;14.03.1980 00:00;19.7;17;120
MUE;15.03.1980 00:00;0;0;135
MUE;16.03.1980 00:00;0;0;130
MUE;17.03.1980 00:00;0;0;120
MUE;18.03.1980 00:00;0;0;118
MUE;19.03.1980 00:00;0;0;115
MUE;20.03.1980 00:00;12.7;12;110
MUE;21.03.1980 00:00;0;0;122
MUE;22.03.1980 00:00;1.3;1;110
MUE;23.03.1980 00:00;6.9;8;110
MUE;24.03.1980 00:00;0;0;118
MUE;25.03.1980 00:00;5.5;4;117
MUE;26.03.1980 00:00;3.9;0;114
MUE;27.03.1980 00:00;8.3;0;112
MUE;28.03.1980 00:00;3.4;0;100
MUE;29.03.1980 00:00;8.1;3;96
MUE;30.03.1980 00:00;0;0;99
MUE;31.03.1980 00:00;20;0;93
MUE;01.04.1980 00:00;3.9;0;90
MUE;02.04.1980 00:00;11.4;12;88
MUE;03.04.1980 00:00;14.4;18;100
MUE;04.04.1980 00:00;2.3;3;117
MUE;05.04.1980 00:00;2;2;100
MUE;06.04.1980 00:00;0.8;1;100
MUE;07.04.1980 00:00;0;0;100
MUE;08.04.1980 00:00;11.1;15;90
MUE;09.04.1980 00:00;7.7;9;105
MUE;10.04.1980 00:00;0;0;105
MUE;11.04.1980 00:00;0;0;100
MUE;12.04.1980 00:00;0;0;90
MUE;13.04.1980 00:00;0;0;90
MUE;14.04.1980 00:00;0;0;88
MUE;15.04.1980 00:00;0;0;85
MUE;16.04.1980 00:00;3.7;0;75
MUE;17.04.1980 00:00;3.9;0;70
MUE;18.04.1980 00:00;3.9;0;65
MUE;19.04.1980 00:00;11.1;7;63
MUE;20.04.1980 00:00;12.2;15;67
MUE;21.04.1980 00:00;7.5;9;80
MUE;22.04.1980 00:00;6.5;6;89
MUE;23.04.1980 00:00;2.1;0;90
MUE;24.04.1980 00:00;2.9;4;84
MUE;25.04.1980 00:00;2.6;0;85
MUE;26.04.1980 00:00;5.1;5;80
MUE;27.04.1980 00:00;7.9;3;85
MUE;28.04.1980 00:00;0;0;88
MUE;29.04.1980 00:00;0;0;76
MUE;30.04.1980 00:00;0;0;71
MUE;01.05.1980 00:00;0;0;65
MUE;02.05.1980 00:00;0.5;0;60
MUE;03.05.1980 00:00;1.1;0;58
MUE;04.05.1980 00:00;17;0;53
MUE;05.05.1980 00:00;6.5;0;53
MUE;06.05.1980 00:00;1.2;0;50
MUE;07.05.1980 00:00;1.3;0;48
MUE;08.05.1980 00:00;12;0;44
MUE;09.05.1980 00:00;7.2;0;44
MUE;10.05.1980 00:00;0;0;44
MUE;11.05.1980 00:00;0;0;41
MUE;12.05.1980 00:00;0;0;35
MUE;13.05.1980 00:00;3.7;0;27
MUE;14.05.1980 00:00;0.5;0;18
MUE;15.05.1980 00:00;6.3;1;14
MUE;16.05.1980 00:00;3.2;0;14
MUE;17.05.1980 00:00;0;0;14
MUE;18.05.1980 00:00;2.8;1;10
MUE;19.05.1980 00:00;0.9;0;8
MUE;20.05.1980 00:00;0;0;5
MUE;21.05.1980 00:00;0.3;0;0
MUE;22.05.1980 00:00;0.1;0;0
MUE;23.05.1980 00:00;0;0;0
MUE;24.05.1980 00:00;0;0;0
MUE;25.05.1980 00:00;0;0;0
MUE;26.05.1980 00:00;0;0;0
MUE;27.05.1980 00:00;2.2;0;0
MUE;28.05.1980 00:00;7.9;0;0
MUE;29.05.1980 00:00;23.7;2;0
MUE;30.05.1980 00:00;7.6;0;2
MUE;31.05.1980 00:00;12.6;1;0
MUE;01.06.1980 00:00;29.8;12;1
MUE;02.06.1980 00:00;4.8;0;12
MUE;03.06.1980 00:00;0.2;0;3
MUE;04.06.1980 00:00;4.5;0;0
MUE;05.06.1980 00:00;0;0;0
MUE;06.06.1980 00:00;9.5;0;0
MUE;07.06.1980 00:00;12;0;0
MUE;08.06.1980 00:00;9.2;0;0
MUE;09.06.1980 00:00;20;0;0
MUE;10.06.1980 00:00;8.8;0;0
MUE;11.06.1980 00:00;0;0;0
MUE;12.06.1980 00:00;0;0;0
MUE;13.06.1980 00:00;0;0;0
MUE;14.06.1980 00:00;10.1;0;0
MUE;15.06.1980 00:00;1.7;0;0
MUE;16.06.1980 00:00;3.6;0;0
MUE;17.06.1980 00:00;7.3;0;0
MUE;18.06.1980 00:00;1.6;0;0
MUE;19.06.1980 00:00;1.9;0;0
MUE;20.06.1980 00:00;0.8;0;0
MUE;21.06.1980 00:00;1.5;0;0
MUE;22.06.1980 00:00;1.8;0;0
MUE;23.06.1980 00:00;5.4;0;0
MUE;24.06.1980 00:00;0.6;0;0
MUE;25.06.1980 00:00;2.7;0;0
MUE;26.06.1980 00:00;8.2;0;0
MUE;27.06.1980 00:00;8.5;0;0
MUE;28.06.1980 00:00;11.6;0;0
MUE;29.06.1980 00:00;23;0;0
MUE;30.06.1980 00:00;0;0;0
MUE;01.07.1980 00:00;4.7;0;0
MUE;02.07.1980 00:00;10.2;0;0
MUE;03.07.1980 00:00;4.3;0;0
MUE;04.07.1980 00:00;0;0;0
MUE;05.07.1980 00:00;2.4;0;0
MUE;06.07.1980 00:00;7.3;0;0
MUE;07.07.1980 00:00;1.9;0;0
MUE;08.07.1980 00:00;33;0;0
MUE;09.07.1980 00:00;16.6;0;0
MUE;10.07.1980 00:00;4.8;0;0
MUE;11.07.1980 00:00;4.1;0;0
MUE;12.07.1980 00:00;0;0;0
MUE;13.07.1980 00:00;13.6;0;0
MUE;14.07.1980 00:00;1.8;0;0
MUE;15.07.1980 00:00;12.2;0;0
MUE;16.07.1980 00:00;8.4;0;0
MUE;17.07.1980 00:00;0.3;0;0
MUE;18.07.1980 00:00;0.3;0;0
MUE;19.07.1980 00:00;0;0;0
MUE;20.07.1980 00:00;24.6;0;0
MUE;21.07.1980 00:00;11.5;0;0
MUE;22.07.1980 00:00;0;0;0
MUE;23.07.1980 00:00;0;0;0
MUE;24.07.1980 00:00;0;0;0
MUE;25.07.1980 00:00;0;0;0
MUE;26.07.1980 00:00;14.6;0;0
MUE;27.07.1980 00:00;0;0;0
MUE;28.07.1980 00:00;0;0;0
MUE;29.07.1980 00:00;38.7;0;0
MUE;30.07.1980 00:00;0;0;0
MUE;31.07.1980 00:00;0;0;0
MUE;01.08.1980 00:00;0;0;0
MUE;02.08.1980 00:00;0;0;0
MUE;03.08.1980 00:00;2.4;0;0
MUE;04.08.1980 00:00;0;0;0
MUE;05.08.1980 00:00;0;0;0
MUE;06.08.1980 00:00;0;0;0
MUE;07.08.1980 00:00;17.5;0;0
MUE;08.08.1980 00:00;33;0;0
MUE;09.08.1980 00:00;0;0;0
MUE;10.08.1980 00:00;0;0;0
MUE;11.08.1980 00:00;0.3;0;0
MUE;12.08.1980 00:00;1.8;0;0
MUE;13.08.1980 00:00;1.1;0;0
MUE;14.08.1980 00:00;0;0;0
MUE;15.08.1980 00:00;17;0;0
MUE;16.08.1980 00:00;11.2;0;0
MUE;17.08.1980 00:00;0;0;0
MUE;18.08.1980 00:00;0;0;0
MUE;19.08.1980 00:00;4.8;0;0
MUE;20.08.1980 00:00;0;0;0
MUE;21.08.1980 00:00;0;0;0
MUE;22.08.1980 00:00;0;0;0
MUE;23.08.1980 00:00;0;0;0
MUE;24.08.1980 00:00;0;0;0
MUE;25.08.1980 00:00;0;0;0
MUE;26.08.1980 00:00;0;0;0
MUE;27.08.1980 00:00;4.9;0;0
MUE;28.08.1980 00:00;4.2;0;0
MUE;29.08.1980 00:00;0.3;0;0
MUE;30.08.1980 00:00;3.7;0;0
MUE;31.08.1980 00:00;5.6;0;0
MUE;01.09.1980 00:00;0;0;0
MUE;02.09.1980 00:00;0;0;0
MUE;03.09.1980 00:00;0;0;0
MUE;04.09.1980 00:00;0;0;0
MUE;05.09.1980 00:00;18.4;0;0
MUE;06.09.1980 00:00;0;0;0
MUE;07.09.1980 00:00;0;0;0
MUE;08.09.1980 00:00;7.5;0;0
MUE;09.09.1980 00:00;10.9;0;0
MUE;10.09.1980 00:00;6.6;0;0
MUE;11.09.1980 00:00;0.3;0;0
MUE;12.09.1980 00:00;3.2;0;0
MUE;13.09.1980 00:00;4.3;0;0
MUE;14.09.1980 00:00;0;0;0
MUE;15.09.1980 00:00;0;0;0
MUE;16.09.1980 00:00;0;0;0
MUE;17.09.1980 00:00;0;0;0
MUE;18.09.1980 00:00;0;0;0
MUE;19.09.1980 00:00;0;0;0
MUE;20.09.1980 00:00;0;0;0
MUE;21.09.1980 00:00;0;0;0
MUE;22.09.1980 00:00;14.6;0;0
MUE;23.09.1980 00:00;0.7;0;0
MUE;24.09.1980 00:00;0;0;0
MUE;25.09.1980 00:00;0;0;0
MUE;26.09.1980 00:00;0;0;0
MUE;27.09.1980 00:00;0;0;0
MUE;28.09.1980 00:00;0;0;0
MUE;29.09.1980 00:00;0;0;0
MUE;30.09.1980 00:00;0;0;0
MUE;01.10.1980 00:00;0;0;0
MUE;02.10.1980 00:00;0;0;0
MUE;03.10.1980 00:00;0;0;0
MUE;04.10.1980 00:00;0;0;0
MUE;05.10.1980 00:00;0;0;0
MUE;06.10.1980 00:00;0;0;0
MUE;07.10.1980 00:00;10.3;0;0
MUE;08.10.1980 00:00;7.6;1;0
MUE;09.10.1980 00:00;4.7;2;1
MUE;10.10.1980 00:00;1.4;0;2
MUE;11.10.1980 00:00;9.7;4;0
MUE;12.10.1980 00:00;10.7;6;4
MUE;13.10.1980 00:00;2.1;1;10
MUE;14.10.1980 00:00;0;0;7
MUE;15.10.1980 00:00;0;0;5
MUE;16.10.1980 00:00;8.5;0;0
MUE;17.10.1980 00:00;74.1;23;0
MUE;18.10.1980 00:00;24.6;27;23
MUE;19.10.1980 00:00;3.9;3;50
MUE;20.10.1980 00:00;0;0;45
MUE;21.10.1980 00:00;0;0;35
MUE;22.10.1980 00:00;0;0;25
MUE;23.10.1980 00:00;2.1;0;22
MUE;24.10.1980 00:00;27.9;7;20
MUE;25.10.1980 00:00;9.3;15;20
MUE;26.10.1980 00:00;0;0;35
MUE;27.10.1980 00:00;0;0;27
MUE;28.10.1980 00:00;0;0;20
MUE;29.10.1980 00:00;0;0;15
MUE;30.10.1980 00:00;0;0;10
MUE;31.10.1980 00:00;0;0;5
MUE;01.11.1980 00:00;0;0;5
MUE;02.11.1980 00:00;3.5;3;5
MUE;03.11.1980 00:00;0;0;8
MUE;04.11.1980 00:00;0;0;6
MUE;05.11.1980 00:00;0;0;5
MUE;06.11.1980 00:00;0;0;5
MUE;07.11.1980 00:00;0.9;0;5
MUE;08.11.1980 00:00;0;0;4
MUE;09.11.1980 00:00;0;0;4
MUE;10.11.1980 00:00;0;0;2
MUE;11.11.1980 00:00;0;0;2
MUE;12.11.1980 00:00;12.3;10;2
MUE;13.11.1980 00:00;0;0;12
MUE;14.11.1980 00:00;0;0;10
MUE;15.11.1980 00:00;11.2;0;10
MUE;16.11.1980 00:00;0;0;5
MUE;17.11.1980 00:00;0.3;0;0
MUE;18.11.1980 00:00;0;0;0
MUE;19.11.1980 00:00;0;0;0
MUE;20.11.1980 00:00;0;0;0
MUE;21.11.1980 00:00;0;0;0
MUE;22.11.1980 00:00;0;0;0
MUE;23.11.1980 00:00;0;0;0
MUE;24.11.1980 00:00;0;0;0
MUE;25.11.1980 00:00;0;0;0
MUE;26.11.1980 00:00;19.5;14;0
MUE;27.11.1980 00:00;3.8;3;14
MUE;28.11.1980 00:00;7.6;9;17
MUE;29.11.1980 00:00;9.9;9;26
MUE;30.11.1980 00:00;2.9;4;33
MUE;01.12.1980 00:00;0.6;2;33
MUE;02.12.1980 00:00;4.6;5;32
MUE;03.12.1980 00:00;9;13;35
MUE;04.12.1980 00:00;20.7;24;45
MUE;05.12.1980 00:00;2.7;1;69
MUE;06.12.1980 00:00;13.6;25;65
MUE;07.12.1980 00:00;2.7;5;85
MUE;08.12.1980 00:00;0;0;78
MUE;09.12.1980 00:00;0;0;78
MUE;10.12.1980 00:00;0;0;65
MUE;11.12.1980 00:00;0;0;59
MUE;12.12.1980 00:00;0;0;53
MUE;13.12.1980 00:00;5.1;0;51
MUE;14.12.1980 00:00;0;0;45
MUE;15.12.1980 00:00;8.6;8;40
MUE;16.12.1980 00:00;0;0;48
MUE;17.12.1980 00:00;0;0;46
MUE;18.12.1980 00:00;10.2;9;44
MUE;19.12.1980 00:00;0;0;55
MUE;20.12.1980 00:00;3.7;5;50
MUE;21.12.1980 00:00;21.5;30;55
MUE;22.12.1980 00:00;1.5;0;85
MUE;23.12.1980 00:00;0;0;85
MUE;24.12.1980 00:00;0;0;75
MUE;25.12.1980 00:00;2.6;3;71
MUE;26.12.1980 00:00;11.7;18;72
MUE;27.12.1980 00:00;0;0;90
MUE;28.12.1980 00:00;0;0;82
MUE;29.12.1980 00:00;0;0;82
MUE;30.12.1980 00:00;0;0;80
MUE;31.12.1980 00:00;0;0;74
MUE;01.01.1981 00:00;4.9;5;74
MUE;02.01.1981 00:00;12.3;10;77
MUE;03.01.1981 00:00;22.8;12;87
MUE;04.01.1981 00:00;27.6;33;95
MUE;05.01.1981 00:00;6.6;6;123
MUE;06.01.1981 00:00;25.9;45;123
MUE;07.01.1981 00:00;6.9;20;160
MUE;08.01.1981 00:00;0;0;160
MUE;09.01.1981 00:00;0.6;1;150
MUE;10.01.1981 00:00;0;0;150
MUE;11.01.1981 00:00;0;0;145
MUE;12.01.1981 00:00;4.3;6;145
MUE;13.01.1981 00:00;4.6;15;145
MUE;14.01.1981 00:00;7.3;6;160
MUE;15.01.1981 00:00;36.2;40;155
MUE;16.01.1981 00:00;4.8;3;175
MUE;17.01.1981 00:00;5.1;7;165
MUE;18.01.1981 00:00;12.8;17;167
MUE;19.01.1981 00:00;18.9;30;177
MUE;20.01.1981 00:00;33.4;30;198
MUE;21.01.1981 00:00;0;0;227
MUE;22.01.1981 00:00;0;0;210
MUE;23.01.1981 00:00;0;0;188
MUE;24.01.1981 00:00;0;0;180
MUE;25.01.1981 00:00;0;0;176
MUE;26.01.1981 00:00;0.1;0;170
MUE;27.01.1981 00:00;0;0;167
MUE;28.01.1981 00:00;0;0;166
MUE;29.01.1981 00:00;0;0;164
MUE;30.01.1981 00:00;0;0;161
MUE;31.01.1981 00:00;0;0;159
MUE;01.02.1981 00:00;0;0;158
MUE;02.02.1981 00:00;0;0;158
MUE;03.02.1981 00:00;2;0;155
MUE;04.02.1981 00:00;21;36;152
MUE;05.02.1981 00:00;14.3;23;188
MUE;06.02.1981 00:00;4.3;5;195
MUE;07.02.1981 00:00;3.8;0;195
MUE;08.02.1981 00:00;0;0;170
MUE;09.02.1981 00:00;0;0;168
MUE;10.02.1981 00:00;6.5;8;167
MUE;11.02.1981 00:00;0;0;175
MUE;12.02.1981 00:00;0;0;175
MUE;13.02.1981 00:00;0;0;173
MUE;14.02.1981 00:00;0;0;170
MUE;15.02.1981 00:00;0;0;170
MUE;16.02.1981 00:00;0;0;168
MUE;17.02.1981 00:00;0.1;2;167
MUE;18.02.1981 00:00;0;0;167
MUE;19.02.1981 00:00;0;0;167
MUE;20.02.1981 00:00;0.1;1;166
MUE;21.02.1981 00:00;0;0;167
MUE;22.02.1981 00:00;0;0;166
MUE;23.02.1981 00:00;0;0;165
MUE;24.02.1981 00:00;0;0;165
MUE;25.02.1981 00:00;0;0;165
MUE;26.02.1981 00:00;0;0;160
MUE;27.02.1981 00:00;0;0;159
MUE;28.02.1981 00:00;8.1;6;156
MUE;01.03.1981 00:00;1.6;0;160
MUE;02.03.1981 00:00;3.1;0;165
MUE;03.03.1981 00:00;11.2;11;166
MUE;04.03.1981 00:00;6.3;7;177
MUE;05.03.1981 00:00;0;0;184
MUE;06.03.1981 00:00;1.2;1;182
MUE;07.03.1981 00:00;0;0;182
MUE;08.03.1981 00:00;6.2;0;176
MUE;09.03.1981 00:00;2.1;0;170
MUE;10.03.1981 00:00;1.3;0;165
MUE;11.03.1981 00:00;1;0;158
MUE;12.03.1981 00:00;36.3;23;140
MUE;13.03.1981 00:00;0;0;160
MUE;14.03.1981 00:00;0;0;152
MUE;15.03.1981 00:00;7.6;6;150
MUE;16.03.1981 00:00;0;0;154
MUE;17.03.1981 00:00;7.6;11;148
MUE;18.03.1981 00:00;2.8;3;159
MUE;19.03.1981 00:00;0;0;162
MUE;20.03.1981 00:00;0;0;157
MUE;21.03.1981 00:00;0;0;148
MUE;22.03.1981 00:00;0;0;144
MUE;23.03.1981 00:00;8.1;0;140
MUE;24.03.1981 00:00;3.2;0;138
MUE;25.03.1981 00:00;1.2;0;132
MUE;26.03.1981 00:00;12.2;0;125
MUE;27.03.1981 00:00;0;0;119
MUE;28.03.1981 00:00;0;0;115
MUE;29.03.1981 00:00;3.9;0;112
MUE;30.03.1981 00:00;40;0;95
MUE;31.03.1981 00:00;51.9;0;95
MUE;01.04.1981 00:00;0;0;90
MUE;02.04.1981 00:00;0;0;90
MUE;03.04.1981 00:00;0;0;90
MUE;04.04.1981 00:00;0;0;84
MUE;05.04.1981 00:00;1.1;0;84
MUE;06.04.1981 00:00;0;0;80
MUE;07.04.1981 00:00;0.2;0;80
MUE;08.04.1981 00:00;0.6;0;70
MUE;09.04.1981 00:00;0;0;65
MUE;10.04.1981 00:00;0;0;59
MUE;11.04.1981 00:00;0;0;50
MUE;12.04.1981 00:00;0;0;45
MUE;13.04.1981 00:00;0;0;40
MUE;14.04.1981 00:00;0;0;35
MUE;15.04.1981 00:00;0;0;25
MUE;16.04.1981 00:00;4.8;0;15
MUE;17.04.1981 00:00;0;0;0
MUE;18.04.1981 00:00;0;0;0
MUE;19.04.1981 00:00;0;0;0
MUE;20.04.1981 00:00;0;0;0
MUE;21.04.1981 00:00;0;0;0
MUE;22.04.1981 00:00;0;0;0
MUE;23.04.1981 00:00;0;0;0
MUE;24.04.1981 00:00;0;0;0
MUE;25.04.1981 00:00;0;0;0
MUE;26.04.1981 00:00;35.5;25;0
MUE;27.04.1981 00:00;4.5;1;25
MUE;28.04.1981 00:00;2.4;1;20
MUE;29.04.1981 00:00;2.2;0;14
MUE;30.04.1981 00:00;0;0;8
MUE;01.05.1981 00:00;2.6;0;2
MUE;02.05.1981 00:00;4;0;0
MUE;03.05.1981 00:00;6.7;2;0
MUE;04.05.1981 00:00;4.1;3;2
MUE;05.05.1981 00:00;5.9;8;3
MUE;06.05.1981 00:00;0;0;10
MUE;07.05.1981 00:00;0;0;0
MUE;08.05.1981 00:00;0;0;0
MUE;09.05.1981 00:00;0;0;0
MUE;10.05.1981 00:00;8.6;0;0
MUE;11.05.1981 00:00;9.4;0;0
MUE;12.05.1981 00:00;7.4;0;0
MUE;13.05.1981 00:00;5.3;0;0
MUE;14.05.1981 00:00;1.4;0;0
MUE;15.05.1981 00:00;0;0;0
MUE;16.05.1981 00:00;7.5;2;0
MUE;17.05.1981 00:00;0;0;2
MUE;18.05.1981 00:00;0;0;0
MUE;19.05.1981 00:00;0;0;0
MUE;20.05.1981 00:00;0;0;0
MUE;21.05.1981 00:00;6.6;0;0
MUE;22.05.1981 00:00;13.8;0;0
MUE;23.05.1981 00:00;4;0;0
MUE;24.05.1981 00:00;0.6;0;0
MUE;25.05.1981 00:00;11.9;0;0
MUE;26.05.1981 00:00;38.3;12;0
MUE;27.05.1981 00:00;5.4;0;12
MUE;28.05.1981 00:00;4.5;0;5
MUE;29.05.1981 00:00;0;0;0
MUE;30.05.1981 00:00;0;0;0
MUE;31.05.1981 00:00;0;0;0
MUE;01.06.1981 00:00;0;0;0
MUE;02.06.1981 00:00;0;0;0
MUE;03.06.1981 00:00;20.1;0;0
MUE;04.06.1981 00:00;10.8;0;0
MUE;05.06.1981 00:00;0;0;0
MUE;06.06.1981 00:00;16.9;0;0
MUE;07.06.1981 00:00;0.8;0;0
MUE;08.06.1981 00:00;0.7;0;0
MUE;09.06.1981 00:00;16.6;0;0
MUE;10.06.1981 00:00;0;0;0
MUE;11.06.1981 00:00;0;0;0
MUE;12.06.1981 00:00;0;0;0
MUE;13.06.1981 00:00;0;0;0
MUE;14.06.1981 00:00;0;0;0
MUE;15.06.1981 00:00;0;0;0
MUE;16.06.1981 00:00;11.5;0;0
MUE;17.06.1981 00:00;5.4;1;0
MUE;18.06.1981 00:00;7.4;0;1
MUE;19.06.1981 00:00;0.4;0;0
MUE;20.06.1981 00:00;0;0;0
MUE;21.06.1981 00:00;8.7;0;0
MUE;22.06.1981 00:00;0.6;0;0
MUE;23.06.1981 00:00;0;0;0
MUE;24.06.1981 00:00;3.4;0;0
MUE;25.06.1981 00:00;6.7;0;0
MUE;26.06.1981 00:00;3.7;0;0
MUE;27.06.1981 00:00;1.2;0;0
MUE;28.06.1981 00:00;35.4;0;0
MUE;29.06.1981 00:00;0.5;0;0
MUE;30.06.1981 00:00;0;0;0
MUE;01.07.1981 00:00;0;0;0
MUE;02.07.1981 00:00;5.1;0;0
MUE;03.07.1981 00:00;27.8;0;0
MUE;04.07.1981 00:00;0;0;0
MUE;05.07.1981 00:00;4.1;0;0
MUE;06.07.1981 00:00;1.5;0;0
MUE;07.07.1981 00:00;0;0;0
MUE;08.07.1981 00:00;5.1;0;0
MUE;09.07.1981 00:00;5.8;0;0
MUE;10.07.1981 00:00;8.8;0;0
MUE;11.07.1981 00:00;26.9;0;0
MUE;12.07.1981 00:00;4.2;0;0
MUE;13.07.1981 00:00;13.3;0;0
MUE;14.07.1981 00:00;0;0;0
MUE;15.07.1981 00:00;0;0;0
MUE;16.07.1981 00:00;0;0;0
MUE;17.07.1981 00:00;9.8;0;0
MUE;18.07.1981 00:00;51.8;12;0
MUE;19.07.1981 00:00;26.9;0;12
MUE;20.07.1981 00:00;13.2;0;12
MUE;21.07.1981 00:00;0;0;0
MUE;22.07.1981 00:00;1.5;0;0
MUE;23.07.1981 00:00;11.3;0;0
MUE;24.07.1981 00:00;12.1;0;0
MUE;25.07.1981 00:00;10.7;0;0
MUE;26.07.1981 00:00;1.9;0;0
MUE;27.07.1981 00:00;3.8;0;0
MUE;28.07.1981 00:00;0;0;0
MUE;29.07.1981 00:00;0;0;0
MUE;30.07.1981 00:00;0;0;0
MUE;31.07.1981 00:00;0;0;0
MUE;01.08.1981 00:00;0.3;0;0
MUE;02.08.1981 00:00;0;0;0
MUE;03.08.1981 00:00;0;0;0
MUE;04.08.1981 00:00;0;0;0
MUE;05.08.1981 00:00;0;0;0
MUE;06.08.1981 00:00;2;0;0
MUE;07.08.1981 00:00;11.2;0;0
MUE;08.08.1981 00:00;10.3;0;0
MUE;09.08.1981 00:00;17.4;0;0
MUE;10.08.1981 00:00;5;0;0
MUE;11.08.1981 00:00;7.6;0;0
MUE;12.08.1981 00:00;0;0;0
MUE;13.08.1981 00:00;0;0;0
MUE;14.08.1981 00:00;0;0;0
MUE;15.08.1981 00:00;0;0;0
MUE;16.08.1981 00:00;34.9;0;0
MUE;17.08.1981 00:00;0;0;0
MUE;18.08.1981 00:00;0;0;0
MUE;19.08.1981 00:00;0;0;0
MUE;20.08.1981 00:00;6.1;0;0
MUE;21.08.1981 00:00;5.9;0;0
MUE;22.08.1981 00:00;0;0;0
MUE;23.08.1981 00:00;2.8;0;0
MUE;24.08.1981 00:00;0;0;0
MUE;25.08.1981 00:00;0;0;0
MUE;26.08.1981 00:00;0;0;0
MUE;27.08.1981 00:00;0;0;0
MUE;28.08.1981 00:00;0;0;0
MUE;29.08.1981 00:00;0;0;0
MUE;30.08.1981 00:00;0;0;0
MUE;31.08.1981 00:00;11.3;0;0
MUE;01.09.1981 00:00;5;0;0
MUE;02.09.1981 00:00;7.9;0;0
MUE;03.09.1981 00:00;13.5;0;0
MUE;04.09.1981 00:00;0;0;0
MUE;05.09.1981 00:00;0;0;0
MUE;06.09.1981 00:00;0;0;0
MUE;07.09.1981 00:00;0;0;0
MUE;08.09.1981 00:00;7.9;0;0
MUE;09.09.1981 00:00;11.7;0;0
MUE;10.09.1981 00:00;11.3;0;0
MUE;11.09.1981 00:00;1.1;0;0
MUE;12.09.1981 00:00;4.5;0;0
MUE;13.09.1981 00:00;5.4;0;0
MUE;14.09.1981 00:00;0;0;0
MUE;15.09.1981 00:00;8.3;0;0
MUE;16.09.1981 00:00;0.6;0;0
MUE;17.09.1981 00:00;0;0;0
MUE;18.09.1981 00:00;7.6;0;0
MUE;19.09.1981 00:00;0;0;0
MUE;20.09.1981 00:00;0;0;0
MUE;21.09.1981 00:00;0;0;0
MUE;22.09.1981 00:00;17.2;0;0
MUE;23.09.1981 00:00;7.5;0;0
MUE;24.09.1981 00:00;6.2;0;0
MUE;25.09.1981 00:00;0;0;0
MUE;26.09.1981 00:00;22.2;0;0
MUE;27.09.1981 00:00;6.5;0;0
MUE;28.09.1981 00:00;39.2;2;0
MUE;29.09.1981 00:00;5.1;0;2
MUE;30.09.1981 00:00;0;0;0
MUE;01.10.1981 00:00;0;0;0
MUE;02.10.1981 00:00;5.6;0;0
MUE;03.10.1981 00:00;0.8;0;0
MUE;04.10.1981 00:00;0;0;0
MUE;05.10.1981 00:00;0;0;0
MUE;06.10.1981 00:00;6.2;0;0
MUE;07.10.1981 00:00;0.4;0;0
MUE;08.10.1981 00:00;0;0;0
MUE;09.10.1981 00:00;1.8;0;0
MUE;10.10.1981 00:00;22.6;0;0
MUE;11.10.1981 00:00;9.3;0;0
MUE;12.10.1981 00:00;19.9;1;0
MUE;13.10.1981 00:00;0;0;1
MUE;14.10.1981 00:00;25.7;0;0
MUE;15.10.1981 00:00;0.9;0;0
MUE;16.10.1981 00:00;0;0;0
MUE;17.10.1981 00:00;0;0;0
MUE;18.10.1981 00:00;9.5;0;0
MUE;19.10.1981 00:00;0;0;0
MUE;20.10.1981 00:00;8.2;0;0
MUE;21.10.1981 00:00;18.3;12;0
MUE;22.10.1981 00:00;6.3;5;12
MUE;23.10.1981 00:00;2.6;3;15
MUE;24.10.1981 00:00;0;0;14
MUE;25.10.1981 00:00;1.1;1;10
MUE;26.10.1981 00:00;27.1;28;9
MUE;27.10.1981 00:00;5.7;6;37
MUE;28.10.1981 00:00;0;0;40
MUE;29.10.1981 00:00;0;0;30
MUE;30.10.1981 00:00;10.7;0;14
MUE;31.10.1981 00:00;3.1;0;7
MUE;01.11.1981 00:00;0;0;0
MUE;02.11.1981 00:00;0;0;0
MUE;03.11.1981 00:00;0;0;0
MUE;04.11.1981 00:00;0;0;0
MUE;05.11.1981 00:00;0.3;0;0
MUE;06.11.1981 00:00;0;0;0
MUE;07.11.1981 00:00;0;0;0
MUE;08.11.1981 00:00;0;0;0
MUE;09.11.1981 00:00;0;0;0
MUE;10.11.1981 00:00;0;0;0
MUE;11.11.1981 00:00;0.2;1;0
MUE;12.11.1981 00:00;0.1;1;1
MUE;13.11.1981 00:00;1.8;3;1
MUE;14.11.1981 00:00;9.8;12;3
MUE;15.11.1981 00:00;0;0;15
MUE;16.11.1981 00:00;0;0;13
MUE;17.11.1981 00:00;0;0;11
MUE;18.11.1981 00:00;0;0;8
MUE;19.11.1981 00:00;0;0;6
MUE;20.11.1981 00:00;0;0;2
MUE;21.11.1981 00:00;0;0;1
MUE;22.11.1981 00:00;0;0;1
MUE;23.11.1981 00:00;0;0;0
MUE;24.11.1981 00:00;2.4;3;0
MUE;25.11.1981 00:00;3.9;80;3
MUE;26.11.1981 00:00;0;0;10
MUE;27.11.1981 00:00;16.4;8;9
MUE;28.11.1981 00:00;15;19;10
MUE;29.11.1981 00:00;26.7;35;29
MUE;30.11.1981 00:00;22.9;14;64
MUE;01.12.1981 00:00;10.1;3;72
MUE;02.12.1981 00:00;1.2;1;68
MUE;03.12.1981 00:00;0;0;65
MUE;04.12.1981 00:00;19.1;16;62
MUE;05.12.1981 00:00;1.3;1;76
MUE;06.12.1981 00:00;8.4;8;75
MUE;07.12.1981 00:00;1.5;2;80
MUE;08.12.1981 00:00;5.5;3;74
MUE;09.12.1981 00:00;4.3;3;70
MUE;10.12.1981 00:00;4.3;6;70
MUE;11.12.1981 00:00;10.5;9;73
MUE;12.12.1981 00:00;14.1;17;77
MUE;13.12.1981 00:00;5.9;2;94
MUE;14.12.1981 00:00;22.3;20;84
MUE;15.12.1981 00:00;11.3;1;104
MUE;16.12.1981 00:00;23;20;96
MUE;17.12.1981 00:00;2.1;2;115
MUE;18.12.1981 00:00;12.6;14;108
MUE;19.12.1981 00:00;1.9;2;117
MUE;20.12.1981 00:00;0;0;115
MUE;21.12.1981 00:00;0;0;107
MUE;22.12.1981 00:00;2.5;2;105
MUE;23.12.1981 00:00;0;0;105
MUE;24.12.1981 00:00;13.9;17;105
MUE;25.12.1981 00:00;12.7;17;120
MUE;26.12.1981 00:00;0;0;127
MUE;27.12.1981 00:00;0;0;127
MUE;28.12.1981 00:00;0;0;115
MUE;29.12.1981 00:00;0.8;0;105
MUE;30.12.1981 00:00;0;0;103
MUE;31.12.1981 00:00;5;2;92
MUE;01.01.1982 00:00;2.8;3;92
MUE;02.01.1982 00:00;0;0;95
MUE;03.01.1982 00:00;0;0;90
MUE;04.01.1982 00:00;4.8;0;90
MUE;05.01.1982 00:00;13.4;8;85
MUE;06.01.1982 00:00;22.5;45;92
MUE;07.01.1982 00:00;0;0;133
MUE;08.01.1982 00:00;14.2;0;123
MUE;09.01.1982 00:00;0.7;0;110
MUE;10.01.1982 00:00;0;0;100
MUE;11.01.1982 00:00;0;0;98
MUE;12.01.1982 00:00;0;0;90
MUE;13.01.1982 00:00;0;0;90
MUE;14.01.1982 00:00;0;0;90
MUE;15.01.1982 00:00;0;0;90
MUE;16.01.1982 00:00;0;0;88
MUE;17.01.1982 00:00;0;0;85
MUE;18.01.1982 00:00;0;0;85
MUE;19.01.1982 00:00;0;0;85
MUE;20.01.1982 00:00;0;0;85
MUE;21.01.1982 00:00;0;0;85
MUE;22.01.1982 00:00;0.3;1;85
MUE;23.01.1982 00:00;4.5;4;85
MUE;24.01.1982 00:00;2.6;0;89
MUE;25.01.1982 00:00;0;0;90
MUE;26.01.1982 00:00;5.8;5;90
MUE;27.01.1982 00:00;5.9;5;95
MUE;28.01.1982 00:00;0;0;100
MUE;29.01.1982 00:00;43.5;70;100
MUE;30.01.1982 00:00;6.7;0;155
MUE;31.01.1982 00:00;0;0;155
MUE;01.02.1982 00:00;0;0;140
MUE;02.02.1982 00:00;0;0;137
MUE;03.02.1982 00:00;0;0;135
MUE;04.02.1982 00:00;0;0;135
MUE;05.02.1982 00:00;0;0;135
MUE;06.02.1982 00:00;0;0;130
MUE;07.02.1982 00:00;0;0;128
MUE;08.02.1982 00:00;1.9;1;128
MUE;09.02.1982 00:00;0;0;128
MUE;10.02.1982 00:00;0;0;125
MUE;11.02.1982 00:00;0;0;123
MUE;12.02.1982 00:00;0;0;120
MUE;13.02.1982 00:00;0;0;120
MUE;14.02.1982 00:00;2.1;1;115
MUE;15.02.1982 00:00;0.2;0;115
MUE;16.02.1982 00:00;0;0;115
MUE;17.02.1982 00:00;0;0;115
MUE;18.02.1982 00:00;0;0;115
MUE;19.02.1982 00:00;2.8;1;115
MUE;20.02.1982 00:00;4.5;6;115
MUE;21.02.1982 00:00;0;0;118
MUE;22.02.1982 00:00;3.6;5;110
MUE;23.02.1982 00:00;9.6;7;115
MUE;24.02.1982 00:00;7.9;7;118
MUE;25.02.1982 00:00;1.2;3;125
MUE;26.02.1982 00:00;0;0;126
MUE;27.02.1982 00:00;0;0;126
MUE;28.02.1982 00:00;0;0;115
MUE;01.03.1982 00:00;3;2;115
MUE;02.03.1982 00:00;14.2;9;112
MUE;03.03.1982 00:00;0;0;121
MUE;04.03.1982 00:00;11.2;8;120
MUE;05.03.1982 00:00;1.3;2;128
MUE;06.03.1982 00:00;1.1;1;130
MUE;07.03.1982 00:00;5.3;8;130
MUE;08.03.1982 00:00;0;0;132
MUE;09.03.1982 00:00;0;0;126
MUE;10.03.1982 00:00;7.3;8;125
MUE;11.03.1982 00:00;8.2;8;129
MUE;12.03.1982 00:00;20;40;137
MUE;13.03.1982 00:00;15.4;16;168
MUE;14.03.1982 00:00;0;0;175
MUE;15.03.1982 00:00;0;0;166
MUE;16.03.1982 00:00;0;0;158
MUE;17.03.1982 00:00;23;25;151
MUE;18.03.1982 00:00;10.9;4;176
MUE;19.03.1982 00:00;3.2;5;180
MUE;20.03.1982 00:00;10.2;15;168
MUE;21.03.1982 00:00;0;0;178
MUE;22.03.1982 00:00;4.5;8;166
MUE;23.03.1982 00:00;1.9;6;174
MUE;24.03.1982 00:00;0;0;175
MUE;25.03.1982 00:00;0;0;164
MUE;26.03.1982 00:00;0;0;157
MUE;27.03.1982 00:00;0;0;154
MUE;28.03.1982 00:00;0;0;144
MUE;29.03.1982 00:00;0;0;140
MUE;30.03.1982 00:00;27.6;31;133
MUE;31.03.1982 00:00;0;0;164
MUE;01.04.1982 00:00;0;0;151
MUE;02.04.1982 00:00;8.9;3;141
MUE;03.04.1982 00:00;0;0;134
MUE;04.04.1982 00:00;0;0;130
MUE;05.04.1982 00:00;0;0;128
MUE;06.04.1982 00:00;0;0;115
MUE;07.04.1982 00:00;0;0;115
MUE;08.04.1982 00:00;8.5;2;113
MUE;09.04.1982 00:00;0;0;112
MUE;10.04.1982 00:00;0;0;110
MUE;11.04.1982 00:00;0;0;110
MUE;12.04.1982 00:00;0;0;108
MUE;13.04.1982 00:00;4.7;6;100
MUE;14.04.1982 00:00;0;0;106
MUE;15.04.1982 00:00;0;0;105
MUE;16.04.1982 00:00;0;0;103
MUE;17.04.1982 00:00;0;0;100
MUE;18.04.1982 00:00;0;0;98
MUE;19.04.1982 00:00;0;0;95
MUE;20.04.1982 00:00;0;0;93
MUE;21.04.1982 00:00;0;0;91
MUE;22.04.1982 00:00;0;0;85
MUE;23.04.1982 00:00;3.3;6;80
MUE;24.04.1982 00:00;12.1;8;86
MUE;25.04.1982 00:00;0;0;90
MUE;26.04.1982 00:00;0;0;87
MUE;27.04.1982 00:00;0;0;84
MUE;28.04.1982 00:00;0;0;80
MUE;29.04.1982 00:00;26.4;26;74
MUE;30.04.1982 00:00;0.8;1;85
MUE;01.05.1982 00:00;0;0;86
MUE;02.05.1982 00:00;0;0;80
MUE;03.05.1982 00:00;0;0;75
MUE;04.05.1982 00:00;0;0;70
MUE;05.05.1982 00:00;5.7;2;65
MUE;06.05.1982 00:00;15.4;12;66
MUE;07.05.1982 00:00;0;0;71
MUE;08.05.1982 00:00;0;0;65
MUE;09.05.1982 00:00;4.7;1;61
MUE;10.05.1982 00:00;3.9;0;61
MUE;11.05.1982 00:00;0;0;58
MUE;12.05.1982 00:00;0;0;50
MUE;13.05.1982 00:00;0;0;45
MUE;14.05.1982 00:00;0;0;40
MUE;15.05.1982 00:00;0;0;20
MUE;16.05.1982 00:00;0.8;0;0
MUE;17.05.1982 00:00;0.3;0;0
MUE;18.05.1982 00:00;9.9;0;0
MUE;19.05.1982 00:00;3.6;0;0
MUE;20.05.1982 00:00;10.1;0;0
MUE;21.05.1982 00:00;0;0;0
MUE;22.05.1982 00:00;4.7;0;0
MUE;23.05.1982 00:00;12.1;0;0
MUE;24.05.1982 00:00;4.2;0;0
MUE;25.05.1982 00:00;0;0;0
MUE;26.05.1982 00:00;0;0;0
MUE;27.05.1982 00:00;0;0;0
MUE;28.05.1982 00:00;4.2;0;0
MUE;29.05.1982 00:00;0;0;0
MUE;30.05.1982 00:00;0;0;0
MUE;31.05.1982 00:00;0;0;0
MUE;01.06.1982 00:00;0;0;0
MUE;02.06.1982 00:00;0;0;0
MUE;03.06.1982 00:00;0;0;0
MUE;04.06.1982 00:00;0;0;0
MUE;05.06.1982 00:00;0;0;0
MUE;06.06.1982 00:00;0;0;0
MUE;07.06.1982 00:00;4.5;0;0
MUE;08.06.1982 00:00;8.1;0;0
MUE;09.06.1982 00:00;20.6;0;0
MUE;10.06.1982 00:00;5;0;0
MUE;11.06.1982 00:00;18.9;0;0
MUE;12.06.1982 00:00;8.5;0;0
MUE;13.06.1982 00:00;29.2;0;0
MUE;14.06.1982 00:00;0.4;0;0
MUE;15.06.1982 00:00;0.7;0;0
MUE;16.06.1982 00:00;3.5;0;0
MUE;17.06.1982 00:00;0;0;0
MUE;18.06.1982 00:00;7.1;0;0
MUE;19.06.1982 00:00;0;0;0
MUE;20.06.1982 00:00;0;0;0
MUE;21.06.1982 00:00;4.5;0;0
MUE;22.06.1982 00:00;22.3;0;0
MUE;23.06.1982 00:00;5.6;0;0
MUE;24.06.1982 00:00;0;0;0
MUE;25.06.1982 00:00;12.5;0;0
MUE;26.06.1982 00:00;12.7;0;0
MUE;27.06.1982 00:00;5.6;0;0
MUE;28.06.1982 00:00;16.5;0;0
MUE;29.06.1982 00:00;0;0;0
MUE;30.06.1982 00:00;0;0;0
MUE;01.07.1982 00:00;0;0;0
MUE;02.07.1982 00:00;5;0;0
MUE;03.07.1982 00:00;8.2;0;0
MUE;04.07.1982 00:00;5.8;0;0
MUE;05.07.1982 00:00;0;0;0
MUE;06.07.1982 00:00;0.5;0;0
MUE;07.07.1982 00:00;0;0;0
MUE;08.07.1982 00:00;0;0;0
MUE;09.07.1982 00:00;0;0;0
MUE;10.07.1982 00:00;0;0;0
MUE;11.07.1982 00:00;0;0;0
MUE;12.07.1982 00:00;0;0;0
MUE;13.07.1982 00:00;26.1;0;0
MUE;14.07.1982 00:00;0;0;0
MUE;15.07.1982 00:00;0;0;0
MUE;16.07.1982 00:00;8.3;0;0
MUE;17.07.1982 00:00;11.7;0;0
MUE;18.07.1982 00:00;0;0;0
MUE;19.07.1982 00:00;0;0;0
MUE;20.07.1982 00:00;2;0;0
MUE;21.07.1982 00:00;8.9;0;0
MUE;22.07.1982 00:00;15.5;0;0
MUE;23.07.1982 00:00;16.5;0;0
MUE;24.07.1982 00:00;21.5;0;0
MUE;25.07.1982 00:00;16.7;0;0
MUE;26.07.1982 00:00;10.6;0;0
MUE;27.07.1982 00:00;7.1;0;0
MUE;28.07.1982 00:00;0;0;0
MUE;29.07.1982 00:00;0;0;0
MUE;30.07.1982 00:00;16.3;0;0
MUE;31.07.1982 00:00;37.4;0;0
MUE;01.08.1982 00:00;0;0;0
MUE;02.08.1982 00:00;15.5;0;0
MUE;03.08.1982 00:00;8.5;0;0
MUE;04.08.1982 00:00;8.8;0;0
MUE;05.08.1982 00:00;0.7;0;0
MUE;06.08.1982 00:00;8.7;0;0
MUE;07.08.1982 00:00;2.9;0;0
MUE;08.08.1982 00:00;4.9;0;0
MUE;09.08.1982 00:00;0;0;0
MUE;10.08.1982 00:00;0;0;0
MUE;11.08.1982 00:00;0;0;0
MUE;12.08.1982 00:00;0;0;0
MUE;13.08.1982 00:00;4.4;0;0
MUE;14.08.1982 00:00;0;0;0
MUE;15.08.1982 00:00;8.2;0;0
MUE;16.08.1982 00:00;23.2;0;0
MUE;17.08.1982 00:00;8.2;0;0
MUE;18.08.1982 00:00;0;0;0
MUE;19.08.1982 00:00;0;0;0
MUE;20.08.1982 00:00;15.9;0;0
MUE;21.08.1982 00:00;1.1;0;0
MUE;22.08.1982 00:00;0;0;0
MUE;23.08.1982 00:00;0;0;0
MUE;24.08.1982 00:00;2.7;0;0
MUE;25.08.1982 00:00;0;0;0
MUE;26.08.1982 00:00;13.9;0;0
MUE;27.08.1982 00:00;9.4;0;0
MUE;28.08.1982 00:00;9.8;0;0
MUE;29.08.1982 00:00;0;0;0
MUE;30.08.1982 00:00;0;0;0
MUE;31.08.1982 00:00;28.5;0;0
MUE;01.09.1982 00:00;0;0;0
MUE;02.09.1982 00:00;0;0;0
MUE;03.09.1982 00:00;0;0;0
MUE;04.09.1982 00:00;0;0;0
MUE;05.09.1982 00:00;4.8;0;0
MUE;06.09.1982 00:00;26.4;0;0
MUE;07.09.1982 00:00;4.9;0;0
MUE;08.09.1982 00:00;0;0;0
MUE;09.09.1982 00:00;0;0;0
MUE;10.09.1982 00:00;0;0;0
MUE;11.09.1982 00:00;0;0;0
MUE;12.09.1982 00:00;0;0;0
MUE;13.09.1982 00:00;0;0;0
MUE;14.09.1982 00:00;0;0;0
MUE;15.09.1982 00:00;0;0;0
MUE;16.09.1982 00:00;0;0;0
MUE;17.09.1982 00:00;0;0;0
MUE;18.09.1982 00:00;1;0;0
MUE;19.09.1982 00:00;0;0;0
MUE;20.09.1982 00:00;0.8;0;0
MUE;21.09.1982 00:00;0.3;0;0
MUE;22.09.1982 00:00;3.7;0;0
MUE;23.09.1982 00:00;1.3;0;0
MUE;24.09.1982 00:00;0;0;0
MUE;25.09.1982 00:00;0;0;0
MUE;26.09.1982 00:00;14.1;0;0
MUE;27.09.1982 00:00;0;0;0
MUE;28.09.1982 00:00;0;0;0
MUE;29.09.1982 00:00;0;0;0
MUE;30.09.1982 00:00;17.8;0;0
MUE;01.10.1982 00:00;0;0;0
MUE;02.10.1982 00:00;0;0;0
MUE;03.10.1982 00:00;0;0;0
MUE;04.10.1982 00:00;3.9;0;0
MUE;05.10.1982 00:00;9.4;0;0
MUE;06.10.1982 00:00;14.1;17;0
MUE;07.10.1982 00:00;1.5;2;17
MUE;08.10.1982 00:00;6.9;3;17
MUE;09.10.1982 00:00;0;0;3
MUE;10.10.1982 00:00;1.2;0;3
MUE;11.10.1982 00:00;7.9;0;0
MUE;12.10.1982 00:00;3.7;0;0
MUE;13.10.1982 00:00;18.4;0;0
MUE;14.10.1982 00:00;8;4;0
MUE;15.10.1982 00:00;6.2;1;4
MUE;16.10.1982 00:00;2.1;0;5
MUE;17.10.1982 00:00;0;0;0
MUE;18.10.1982 00:00;0;0;0
MUE;19.10.1982 00:00;0.3;0;0
MUE;20.10.1982 00:00;0;0;0
MUE;21.10.1982 00:00;0;0;0
MUE;22.10.1982 00:00;3.2;0;0
MUE;23.10.1982 00:00;16.4;0;0
MUE;24.10.1982 00:00;15.5;1;0
MUE;25.10.1982 00:00;0;0;1
MUE;26.10.1982 00:00;0;0;0
MUE;27.10.1982 00:00;0;0;0
MUE;28.10.1982 00:00;0;0;0
MUE;29.10.1982 00:00;0;0;0
MUE;30.10.1982 00:00;0;0;0
MUE;31.10.1982 00:00;0;0;0
MUE;01.11.1982 00:00;0;0;0
MUE;02.11.1982 00:00;0;0;0
MUE;03.11.1982 00:00;0;0;0
MUE;04.11.1982 00:00;0;0;0
MUE;05.11.1982 00:00;0;0;0
MUE;06.11.1982 00:00;0;0;0
MUE;07.11.1982 00:00;0;0;0
MUE;08.11.1982 00:00;2.2;0;0
MUE;09.11.1982 00:00;13.7;0;0
MUE;10.11.1982 00:00;0;0;0
MUE;11.11.1982 00:00;0;0;0
MUE;12.11.1982 00:00;0;0;0
MUE;13.11.1982 00:00;10.5;6;0
MUE;14.11.1982 00:00;0;0;6
MUE;15.11.1982 00:00;8.5;10;0
MUE;16.11.1982 00:00;3.1;5;10
MUE;17.11.1982 00:00;24.8;30;15
MUE;18.11.1982 00:00;6.7;0;45
MUE;19.11.1982 00:00;0;0;29
MUE;20.11.1982 00:00;0;0;27
MUE;21.11.1982 00:00;0;0;27
MUE;22.11.1982 00:00;0;0;27
MUE;23.11.1982 00:00;0;0;25
MUE;24.11.1982 00:00;1.5;0;23
MUE;25.11.1982 00:00;0;0;18
MUE;26.11.1982 00:00;0;0;17
MUE;27.11.1982 00:00;0.7;1;17
MUE;28.11.1982 00:00;8.6;8;17
MUE;29.11.1982 00:00;0.1;1;25
MUE;30.11.1982 00:00;0;0;25
MUE;01.12.1982 00:00;0;0;24
MUE;02.12.1982 00:00;0;0;22
MUE;03.12.1982 00:00;0;0;18
MUE;04.12.1982 00:00;0;0;18
MUE;05.12.1982 00:00;0;0;18
MUE;06.12.1982 00:00;2.4;0;17
MUE;07.12.1982 00:00;2.9;0;16
MUE;08.12.1982 00:00;13;8;14
MUE;09.12.1982 00:00;0;0;18
MUE;10.12.1982 00:00;12.1;2;11
MUE;11.12.1982 00:00;11;20;11
MUE;12.12.1982 00:00;2.2;4;31
MUE;13.12.1982 00:00;3.1;3;31
MUE;14.12.1982 00:00;0;0;33
MUE;15.12.1982 00:00;15;0;29
MUE;16.12.1982 00:00;1.2;0;20
MUE;17.12.1982 00:00;27.8;23;11
MUE;18.12.1982 00:00;13.2;9;32
MUE;19.12.1982 00:00;0.4;1;46
MUE;20.12.1982 00:00;7.9;4;47
MUE;21.12.1982 00:00;0;0;44
MUE;22.12.1982 00:00;1.9;4;40
MUE;23.12.1982 00:00;1.7;3;44
MUE;24.12.1982 00:00;0;0;45
MUE;25.12.1982 00:00;0;0;43
MUE;26.12.1982 00:00;0;0;40
MUE;27.12.1982 00:00;0;0;40
MUE;28.12.1982 00:00;0.5;1;39
MUE;29.12.1982 00:00;0;0;40
MUE;30.12.1982 00:00;0;0;40
MUE;31.12.1982 00:00;0;0;39
MUE;01.01.1983 00:00;0;0;39
MUE;02.01.1983 00:00;2.8;3;39
MUE;03.01.1983 00:00;5;0;42
MUE;04.01.1983 00:00;3.6;0;40
MUE;05.01.1983 00:00;12.1;0;36
MUE;06.01.1983 00:00;0;0;35
MUE;07.01.1983 00:00;1.7;1;35
MUE;08.01.1983 00:00;0.3;0;35
MUE;09.01.1983 00:00;0;0;35
MUE;10.01.1983 00:00;0;0;35
MUE;11.01.1983 00:00;0;0;35
MUE;12.01.1983 00:00;0;0;34
MUE;13.01.1983 00:00;11.2;21;34
MUE;14.01.1983 00:00;15.6;20;55
MUE;15.01.1983 00:00;64.4;25;75
MUE;16.01.1983 00:00;20.4;18;98
MUE;17.01.1983 00:00;0;0;108
MUE;18.01.1983 00:00;1.8;3;100
MUE;19.01.1983 00:00;6.5;2;103
MUE;20.01.1983 00:00;1.3;3;105
MUE;21.01.1983 00:00;0;0;104
MUE;22.01.1983 00:00;0;0;103
MUE;23.01.1983 00:00;0;0;96
MUE;24.01.1983 00:00;0;0;90
MUE;25.01.1983 00:00;2.6;0;90
MUE;26.01.1983 00:00;3.4;0;85
MUE;27.01.1983 00:00;0.1;0;81
MUE;28.01.1983 00:00;0;0;75
MUE;29.01.1983 00:00;3.8;0;75
MUE;30.01.1983 00:00;18.3;25;70
MUE;31.01.1983 00:00;7.7;7;95
MUE;01.02.1983 00:00;6.3;15;86
MUE;02.02.1983 00:00;2.5;3;101
MUE;03.02.1983 00:00;12.4;18;102
MUE;04.02.1983 00:00;4.8;12;115
MUE;05.02.1983 00:00;18.6;13;115
MUE;06.02.1983 00:00;16.9;13;125
MUE;07.02.1983 00:00;5.9;8;135
MUE;08.02.1983 00:00;4.2;2;134
MUE;09.02.1983 00:00;0.5;1;134
MUE;10.02.1983 00:00;0;0;130
MUE;11.02.1983 00:00;0;0;125
MUE;12.02.1983 00:00;0.9;1;123
MUE;13.02.1983 00:00;0;0;123
MUE;14.02.1983 00:00;0.6;1;115
MUE;15.02.1983 00:00;0;0;115
MUE;16.02.1983 00:00;0;0;114
MUE;17.02.1983 00:00;0;0;113
MUE;18.02.1983 00:00;0;0;110
MUE;19.02.1983 00:00;0;0;110
MUE;20.02.1983 00:00;0;0;110
MUE;21.02.1983 00:00;0;0;110
MUE;22.02.1983 00:00;0;0;110
MUE;23.02.1983 00:00;0;0;110
MUE;24.02.1983 00:00;0;0;108
MUE;25.02.1983 00:00;3.3;0;108
MUE;26.02.1983 00:00;10.8;10;108
MUE;27.02.1983 00:00;4;6;118
MUE;28.02.1983 00:00;8;8;117
MUE;01.03.1983 00:00;1.6;3;128
MUE;02.03.1983 00:00;0.4;0;129
MUE;03.03.1983 00:00;0;0;123
MUE;04.03.1983 00:00;0;0;118
MUE;05.03.1983 00:00;0;0;115
MUE;06.03.1983 00:00;0;0;115
MUE;07.03.1983 00:00;0;0;110
MUE;08.03.1983 00:00;0;0;109
MUE;09.03.1983 00:00;0;0;105
MUE;10.03.1983 00:00;0;0;104
MUE;11.03.1983 00:00;0;0;104
MUE;12.03.1983 00:00;0;0;102
MUE;13.03.1983 00:00;0;0;95
MUE;14.03.1983 00:00;1.4;0;94
MUE;15.03.1983 00:00;6.4;4;90
MUE;16.03.1983 00:00;4.2;2;94
MUE;17.03.1983 00:00;0;0;96
MUE;18.03.1983 00:00;3.2;0;92
MUE;19.03.1983 00:00;3.9;0;90
MUE;20.03.1983 00:00;0;0;89
MUE;21.03.1983 00:00;0;0;85
MUE;22.03.1983 00:00;0.6;0;85
MUE;23.03.1983 00:00;0;0;84
MUE;24.03.1983 00:00;8.2;10;72
MUE;25.03.1983 00:00;9;20;80
MUE;26.03.1983 00:00;13.2;24;100
MUE;27.03.1983 00:00;0;0;107
MUE;28.03.1983 00:00;4.8;2;100
MUE;29.03.1983 00:00;0;0;94
MUE;30.03.1983 00:00;0;0;94
MUE;31.03.1983 00:00;2;0;88
MUE;01.04.1983 00:00;5.7;3;85
MUE;02.04.1983 00:00;16.2;23;85
MUE;03.04.1983 00:00;16;11;108
MUE;04.04.1983 00:00;2.7;2;115
MUE;05.04.1983 00:00;1.1;0;98
MUE;06.04.1983 00:00;7.3;14;93
MUE;07.04.1983 00:00;0.9;0;107
MUE;08.04.1983 00:00;1.1;0;94
MUE;09.04.1983 00:00;0.9;0;85
MUE;10.04.1983 00:00;0;0;80
MUE;11.04.1983 00:00;12.3;9;66
MUE;12.04.1983 00:00;13.9;22;74
MUE;13.04.1983 00:00;3.2;4;95
MUE;14.04.1983 00:00;4.6;4;85
MUE;15.04.1983 00:00;0;0;76
MUE;16.04.1983 00:00;0;0;70
MUE;17.04.1983 00:00;0;0;62
MUE;18.04.1983 00:00;0;0;56
MUE;19.04.1983 00:00;0;0;55
MUE;20.04.1983 00:00;0;0;45
MUE;21.04.1983 00:00;13.4;0;37
MUE;22.04.1983 00:00;0;0;25
MUE;23.04.1983 00:00;5.7;0;20
MUE;24.04.1983 00:00;1.1;0;10
MUE;25.04.1983 00:00;0;0;8
MUE;26.04.1983 00:00;0;0;0
MUE;27.04.1983 00:00;0;0;0
MUE;28.04.1983 00:00;4;1;0
MUE;29.04.1983 00:00;1.2;0;0
MUE;30.04.1983 00:00;0;0;0
MUE;01.05.1983 00:00;7.3;1;0
MUE;02.05.1983 00:00;0;0;1
MUE;03.05.1983 00:00;0.2;0;0
MUE;04.05.1983 00:00;6.6;0;0
MUE;05.05.1983 00:00;0;0;0
MUE;06.05.1983 00:00;0;0;0
MUE;07.05.1983 00:00;18.2;0;0
MUE;08.05.1983 00:00;10.8;1;0
MUE;09.05.1983 00:00;0;0;1
MUE;10.05.1983 00:00;11.7;6;0
MUE;11.05.1983 00:00;0;0;6
MUE;12.05.1983 00:00;0;0;0
MUE;13.05.1983 00:00;0.7;0;0
MUE;14.05.1983 00:00;7.6;0;0
MUE;15.05.1983 00:00;10.8;0;0
MUE;16.05.1983 00:00;14;0;0
MUE;17.05.1983 00:00;11;7;0
MUE;18.05.1983 00:00;13.9;4;7
MUE;19.05.1983 00:00;0;0;4
MUE;20.05.1983 00:00;0;0;0
MUE;21.05.1983 00:00;13.8;0;0
MUE;22.05.1983 00:00;41.3;27;0
MUE;23.05.1983 00:00;19.4;17;27
MUE;24.05.1983 00:00;8.3;4;38
MUE;25.05.1983 00:00;4.2;2;30
MUE;26.05.1983 00:00;6;2;21
MUE;27.05.1983 00:00;0;0;21
MUE;28.05.1983 00:00;0;0;12
MUE;29.05.1983 00:00;1;0;5
MUE;30.05.1983 00:00;0;0;0
MUE;31.05.1983 00:00;0;0;0
MUE;01.06.1983 00:00;3.4;0;0
MUE;02.06.1983 00:00;0;0;0
MUE;03.06.1983 00:00;0;0;0
MUE;04.06.1983 00:00;0;0;0
MUE;05.06.1983 00:00;0.2;0;0
MUE;06.06.1983 00:00;1.7;0;0
MUE;07.06.1983 00:00;0;0;0
MUE;08.06.1983 00:00;0;0;0
MUE;09.06.1983 00:00;20.7;0;0
MUE;10.06.1983 00:00;0.2;0;0
MUE;11.06.1983 00:00;0;0;0
MUE;12.06.1983 00:00;0;0;0
MUE;13.06.1983 00:00;19.7;0;0
MUE;14.06.1983 00:00;0;0;0
MUE;15.06.1983 00:00;6.6;0;0
MUE;16.06.1983 00:00;0;0;0
MUE;17.06.1983 00:00;0;0;0
MUE;18.06.1983 00:00;7.4;0;0
MUE;19.06.1983 00:00;0;0;0
MUE;20.06.1983 00:00;4.3;0;0
MUE;21.06.1983 00:00;0;0;0
MUE;22.06.1983 00:00;0;0;0
MUE;23.06.1983 00:00;0;0;0
MUE;24.06.1983 00:00;0;0;0
MUE;25.06.1983 00:00;2.6;0;0
MUE;26.06.1983 00:00;19;0;0
MUE;27.06.1983 00:00;20.2;0;0
MUE;28.06.1983 00:00;3.4;0;0
MUE;29.06.1983 00:00;0;0;0
MUE;30.06.1983 00:00;0;0;0
MUE;01.07.1983 00:00;9.2;0;0
MUE;02.07.1983 00:00;0;0;0
MUE;03.07.1983 00:00;0;0;0
MUE;04.07.1983 00:00;0;0;0
MUE;05.07.1983 00:00;0;0;0
MUE;06.07.1983 00:00;2.8;0;0
MUE;07.07.1983 00:00;6.7;0;0
MUE;08.07.1983 00:00;7.1;0;0
MUE;09.07.1983 00:00;1.3;0;0
MUE;10.07.1983 00:00;0;0;0
MUE;11.07.1983 00:00;0;0;0
MUE;12.07.1983 00:00;0;0;0
MUE;13.07.1983 00:00;19.9;0;0
MUE;14.07.1983 00:00;0;0;0
MUE;15.07.1983 00:00;0;0;0
MUE;16.07.1983 00:00;0;0;0
MUE;17.07.1983 00:00;0;0;0
MUE;18.07.1983 00:00;0;0;0
MUE;19.07.1983 00:00;0;0;0
MUE;20.07.1983 00:00;0;0;0
MUE;21.07.1983 00:00;0;0;0
MUE;22.07.1983 00:00;0;0;0
MUE;23.07.1983 00:00;1.1;0;0
MUE;24.07.1983 00:00;4.3;0;0
MUE;25.07.1983 00:00;0;0;0
MUE;26.07.1983 00:00;0;0;0
MUE;27.07.1983 00:00;0;0;0
MUE;28.07.1983 00:00;0;0;0
MUE;29.07.1983 00:00;0;0;0
MUE;30.07.1983 00:00;0;0;0
MUE;31.07.1983 00:00;1.2;0;0
MUE;01.08.1983 00:00;38.5;0;0
MUE;02.08.1983 00:00;31;0;0
MUE;03.08.1983 00:00;13.4;0;0
MUE;04.08.1983 00:00;0;0;0
MUE;05.08.1983 00:00;2.5;0;0
MUE;06.08.1983 00:00;0;0;0
MUE;07.08.1983 00:00;0;0;0
MUE;08.08.1983 00:00;0;0;0
MUE;09.08.1983 00:00;4;0;0
MUE;10.08.1983 00:00;10.1;0;0
MUE;11.08.1983 00:00;4.5;0;0
MUE;12.08.1983 00:00;0;0;0
MUE;13.08.1983 00:00;0;0;0
MUE;14.08.1983 00:00;0;0;0
MUE;15.08.1983 00:00;0;0;0
MUE;16.08.1983 00:00;8.5;0;0
MUE;17.08.1983 00:00;1.6;0;0
MUE;18.08.1983 00:00;0;0;0
MUE;19.08.1983 00:00;0;0;0
MUE;20.08.1983 00:00;0;0;0
MUE;21.08.1983 00:00;10.7;0;0
MUE;22.08.1983 00:00;3.4;0;0
MUE;23.08.1983 00:00;3.8;0;0
MUE;24.08.1983 00:00;0;0;0
MUE;25.08.1983 00:00;1.4;0;0
MUE;26.08.1983 00:00;0;0;0
MUE;27.08.1983 00:00;0;0;0
MUE;28.08.1983 00:00;3.3;0;0
MUE;29.08.1983 00:00;9.9;0;0
MUE;30.08.1983 00:00;0;0;0
MUE;31.08.1983 00:00;5.1;0;0
MUE;01.09.1983 00:00;25.1;0;0
MUE;02.09.1983 00:00;1.3;0;0
MUE;03.09.1983 00:00;1.9;0;0
MUE;04.09.1983 00:00;0;0;0
MUE;05.09.1983 00:00;0;0;0
MUE;06.09.1983 00:00;3.9;0;0
MUE;07.09.1983 00:00;0;0;0
MUE;08.09.1983 00:00;0;0;0
MUE;09.09.1983 00:00;0;0;0
MUE;10.09.1983 00:00;18.8;0;0
MUE;11.09.1983 00:00;8.7;0;0
MUE;12.09.1983 00:00;1.5;0;0
MUE;13.09.1983 00:00;0.8;0;0
MUE;14.09.1983 00:00;1.1;0;0
MUE;15.09.1983 00:00;14.2;0;0
MUE;16.09.1983 00:00;16.1;0;0
MUE;17.09.1983 00:00;3.2;0;0
MUE;18.09.1983 00:00;0;0;0
MUE;19.09.1983 00:00;0;0;0
MUE;20.09.1983 00:00;1.6;0;0
MUE;21.09.1983 00:00;0.3;0;0
MUE;22.09.1983 00:00;0;0;0
MUE;23.09.1983 00:00;0;0;0
MUE;24.09.1983 00:00;0;0;0
MUE;25.09.1983 00:00;0;0;0
MUE;26.09.1983 00:00;0;0;0
MUE;27.09.1983 00:00;0;0;0
MUE;28.09.1983 00:00;0;0;0
MUE;29.09.1983 00:00;0;0;0
MUE;30.09.1983 00:00;0.4;0;0
MUE;01.10.1983 00:00;0;0;0
MUE;02.10.1983 00:00;0;0;0
MUE;03.10.1983 00:00;0;0;0
MUE;04.10.1983 00:00;0;0;0
MUE;05.10.1983 00:00;0;0;0
MUE;06.10.1983 00:00;1.1;0;0
MUE;07.10.1983 00:00;0;0;0
MUE;08.10.1983 00:00;2.5;0;0
MUE;09.10.1983 00:00;22;0;0
MUE;10.10.1983 00:00;0.3;0;0
MUE;11.10.1983 00:00;9;2;0
MUE;12.10.1983 00:00;0;0;2
MUE;13.10.1983 00:00;0;0;0
MUE;14.10.1983 00:00;8.8;0;0
MUE;15.10.1983 00:00;0;0;0
MUE;16.10.1983 00:00;15.5;5;0
MUE;17.10.1983 00:00;2.6;1;5
MUE;18.10.1983 00:00;0;0;2
MUE;19.10.1983 00:00;0;0;0
MUE;20.10.1983 00:00;0;0;0
MUE;21.10.1983 00:00;1.1;0;0
MUE;22.10.1983 00:00;0;0;0
MUE;23.10.1983 00:00;0;0;0
MUE;24.10.1983 00:00;0;0;0
MUE;25.10.1983 00:00;0;0;0
MUE;26.10.1983 00:00;0;0;0
MUE;27.10.1983 00:00;0;0;0
MUE;28.10.1983 00:00;0;0;0
MUE;29.10.1983 00:00;0;0;0
MUE;30.10.1983 00:00;0;0;0
MUE;31.10.1983 00:00;0;0;0
MUE;01.11.1983 00:00;0;0;0
MUE;02.11.1983 00:00;0;0;0
MUE;03.11.1983 00:00;0;0;0
MUE;04.11.1983 00:00;0;0;0
MUE;05.11.1983 00:00;0;0;0
MUE;06.11.1983 00:00;0;0;0
MUE;07.11.1983 00:00;0;0;0
MUE;08.11.1983 00:00;0;0;0
MUE;09.11.1983 00:00;0;0;0
MUE;10.11.1983 00:00;0;0;0
MUE;11.11.1983 00:00;0;0;0
MUE;12.11.1983 00:00;0;0;0
MUE;13.11.1983 00:00;0;0;0
MUE;14.11.1983 00:00;0;0;0
MUE;15.11.1983 00:00;0;0;0
MUE;16.11.1983 00:00;0;0;0
MUE;17.11.1983 00:00;0;0;0
MUE;18.11.1983 00:00;0;0;0
MUE;19.11.1983 00:00;0;0;0
MUE;20.11.1983 00:00;0;0;0
MUE;21.11.1983 00:00;0;0;0
MUE;22.11.1983 00:00;0;0;0
MUE;23.11.1983 00:00;0;0;0
MUE;24.11.1983 00:00;1.6;0;0
MUE;25.11.1983 00:00;6.7;0;0
MUE;26.11.1983 00:00;32.4;0;0
MUE;27.11.1983 00:00;46.4;28;0
MUE;28.11.1983 00:00;53.4;30;28
MUE;29.11.1983 00:00;0;0;58
MUE;30.11.1983 00:00;3.6;9;55
MUE;01.12.1983 00:00;0;0;50
MUE;02.12.1983 00:00;0;0;48
MUE;03.12.1983 00:00;0;0;45
MUE;04.12.1983 00:00;0;0;45
MUE;05.12.1983 00:00;0;0;40
MUE;06.12.1983 00:00;5.1;11;40
MUE;07.12.1983 00:00;1.7;0;51
MUE;08.12.1983 00:00;0;0;51
MUE;09.12.1983 00:00;0;0;40
MUE;10.12.1983 00:00;9.3;17;28
MUE;11.12.1983 00:00;1.1;1;45
MUE;12.12.1983 00:00;0;0;45
MUE;13.12.1983 00:00;0;0;43
MUE;14.12.1983 00:00;0;0;42
MUE;15.12.1983 00:00;0;0;40
MUE;16.12.1983 00:00;0;0;38
MUE;17.12.1983 00:00;4.2;1;37
MUE;18.12.1983 00:00;0;0;38
MUE;19.12.1983 00:00;4.1;4;36
MUE;20.12.1983 00:00;0;0;40
MUE;21.12.1983 00:00;10.5;13;39
MUE;22.12.1983 00:00;5.6;0;52
MUE;23.12.1983 00:00;23.9;0;45
MUE;24.12.1983 00:00;0;0;32
MUE;25.12.1983 00:00;0;0;30
MUE;26.12.1983 00:00;11.4;9;30
MUE;27.12.1983 00:00;0;0;39
MUE;28.12.1983 00:00;0;0;38
MUE;29.12.1983 00:00;0;0;34
MUE;30.12.1983 00:00;0;0;32
MUE;31.12.1983 00:00;0;0;21
MUE;01.01.1984 00:00;0;0;21
MUE;02.01.1984 00:00;0;0;21
MUE;03.01.1984 00:00;2.1;1;20
MUE;04.01.1984 00:00;17.2;29;21
MUE;05.01.1984 00:00;0;0;50
MUE;06.01.1984 00:00;6;0;50
MUE;07.01.1984 00:00;8.5;11;40
MUE;08.01.1984 00:00;4.7;6;51
MUE;09.01.1984 00:00;4.1;5;54
MUE;10.01.1984 00:00;0;0;59
MUE;11.01.1984 00:00;0;0;55
MUE;12.01.1984 00:00;15;20;49
MUE;13.01.1984 00:00;3.6;0;68
MUE;14.01.1984 00:00;5.3;3;65
MUE;15.01.1984 00:00;4.8;5;62
MUE;16.01.1984 00:00;0.1;0;62
MUE;17.01.1984 00:00;4.3;7;50
MUE;18.01.1984 00:00;0;0;57
MUE;19.01.1984 00:00;3.5;8;51
MUE;20.01.1984 00:00;5.9;7;59
MUE;21.01.1984 00:00;6.2;6;64
MUE;22.01.1984 00:00;6.5;5;70
MUE;23.01.1984 00:00;17.5;7;73
MUE;24.01.1984 00:00;19.4;28;80
MUE;25.01.1984 00:00;2.7;5;105
MUE;26.01.1984 00:00;0;0;110
MUE;27.01.1984 00:00;0.2;0;93
MUE;28.01.1984 00:00;0;0;90
MUE;29.01.1984 00:00;0;0;88
MUE;30.01.1984 00:00;1.6;1;84
MUE;31.01.1984 00:00;3.5;3;84
MUE;01.02.1984 00:00;0;0;87
MUE;02.02.1984 00:00;9.3;8;87
MUE;03.02.1984 00:00;6.8;3;95
MUE;04.02.1984 00:00;0;0;95
MUE;05.02.1984 00:00;6.2;9;92
MUE;06.02.1984 00:00;14.3;22;100
MUE;07.02.1984 00:00;24.2;19;122
MUE;08.02.1984 00:00;22.8;50;130
MUE;09.02.1984 00:00;12;10;170
MUE;10.02.1984 00:00;0;0;150
MUE;11.02.1984 00:00;5.8;3;140
MUE;12.02.1984 00:00;0;0;130
MUE;13.02.1984 00:00;0;0;128
MUE;14.02.1984 00:00;0;0;125
MUE;15.02.1984 00:00;0;0;122
MUE;16.02.1984 00:00;0;0;120
MUE;17.02.1984 00:00;0;0;120
MUE;18.02.1984 00:00;0;0;120
MUE;19.02.1984 00:00;0;0;119
MUE;20.02.1984 00:00;1.2;2;118
MUE;21.02.1984 00:00;3.1;2;120
MUE;22.02.1984 00:00;0;0;119
MUE;23.02.1984 00:00;1.6;3;118
MUE;24.02.1984 00:00;1.3;2;119
MUE;25.02.1984 00:00;0;0;120
MUE;26.02.1984 00:00;5.5;2;118
MUE;27.02.1984 00:00;0;0;118
MUE;28.02.1984 00:00;0;0;118
MUE;29.02.1984 00:00;0;0;117
MUE;01.03.1984 00:00;0;0;116
MUE;02.03.1984 00:00;4.8;9;112
MUE;03.03.1984 00:00;5;7;120
MUE;04.03.1984 00:00;0;0;121
MUE;05.03.1984 00:00;0;0;120
MUE;06.03.1984 00:00;0;0;115
MUE;07.03.1984 00:00;1.3;1;112
MUE;08.03.1984 00:00;3.7;18;112
MUE;09.03.1984 00:00;3.7;1;123
MUE;10.03.1984 00:00;0;0;123
MUE;11.03.1984 00:00;0;0;118
MUE;12.03.1984 00:00;0;0;115
MUE;13.03.1984 00:00;0;0;113
MUE;14.03.1984 00:00;0;0;112
MUE;15.03.1984 00:00;0;0;110
MUE;16.03.1984 00:00;0;0;108
MUE;17.03.1984 00:00;0;0;108
MUE;18.03.1984 00:00;0.5;0;105
MUE;19.03.1984 00:00;0;0;104
MUE;20.03.1984 00:00;0;0;102
MUE;21.03.1984 00:00;0;0;100
MUE;22.03.1984 00:00;5.5;4;98
MUE;23.03.1984 00:00;0;0;99
MUE;24.03.1984 00:00;4.1;5;95
MUE;25.03.1984 00:00;3.3;0;98
MUE;26.03.1984 00:00;6;5;98
MUE;27.03.1984 00:00;0;0;101
MUE;28.03.1984 00:00;8.5;8;94
MUE;29.03.1984 00:00;9.1;9;98
MUE;30.03.1984 00:00;4.8;6;105
MUE;31.03.1984 00:00;0;0;108
MUE;01.04.1984 00:00;2.3;3;99
MUE;02.04.1984 00:00;13.9;23;98
MUE;03.04.1984 00:00;8.8;8;118
MUE;04.04.1984 00:00;0;0;115
MUE;05.04.1984 00:00;10.1;3;110
MUE;06.04.1984 00:00;0;0;109
MUE;07.04.1984 00:00;0;0;105
MUE;08.04.1984 00:00;2.6;2;102
MUE;09.04.1984 00:00;0;0;103
MUE;10.04.1984 00:00;9.6;10;103
MUE;11.04.1984 00:00;1.8;0;115
MUE;12.04.1984 00:00;3.5;6;110
MUE;13.04.1984 00:00;0;0;112
MUE;14.04.1984 00:00;0;0;102
MUE;15.04.1984 00:00;0;0;93
MUE;16.04.1984 00:00;10.9;13;89
MUE;17.04.1984 00:00;0.6;1;110
MUE;18.04.1984 00:00;0;0;108
MUE;19.04.1984 00:00;0;0;90
MUE;20.04.1984 00:00;0;0;88
MUE;21.04.1984 00:00;0;0;75
MUE;22.04.1984 00:00;0;0;73
MUE;23.04.1984 00:00;0;0;69
MUE;24.04.1984 00:00;0;0;66
MUE;25.04.1984 00:00;0;0;62
MUE;26.04.1984 00:00;0;0;59
MUE;27.04.1984 00:00;0;0;52
MUE;28.04.1984 00:00;0;0;50
MUE;29.04.1984 00:00;1.1;1;42
MUE;30.04.1984 00:00;0.5;0;42
MUE;01.05.1984 00:00;0;0;40
MUE;02.05.1984 00:00;0;0;35
MUE;03.05.1984 00:00;0.9;0;25
MUE;04.05.1984 00:00;2.3;0;20
MUE;05.05.1984 00:00;1.9;0;15
MUE;06.05.1984 00:00;5.5;0;10
MUE;07.05.1984 00:00;13.4;0;3
MUE;08.05.1984 00:00;4;0;0
MUE;09.05.1984 00:00;0;0;0
MUE;10.05.1984 00:00;0;0;0
MUE;11.05.1984 00:00;11;11;0
MUE;12.05.1984 00:00;0.9;0;11
MUE;13.05.1984 00:00;1.7;0;0
MUE;14.05.1984 00:00;0.2;0;0
MUE;15.05.1984 00:00;0;0;0
MUE;16.05.1984 00:00;3;0;0
MUE;17.05.1984 00:00;0;0;0
MUE;18.05.1984 00:00;0;0;0
MUE;19.05.1984 00:00;0;0;0
MUE;20.05.1984 00:00;26.5;4;0
MUE;21.05.1984 00:00;5.3;0;4
MUE;22.05.1984 00:00;0.7;0;0
MUE;23.05.1984 00:00;2.1;0;0
MUE;24.05.1984 00:00;1.6;0;0
MUE;25.05.1984 00:00;1.5;0;0
MUE;26.05.1984 00:00;9;3;0
MUE;27.05.1984 00:00;17.8;2;3
MUE;28.05.1984 00:00;9.5;2;4
MUE;29.05.1984 00:00;3.1;0;2
MUE;30.05.1984 00:00;2.2;0;0
MUE;31.05.1984 00:00;1.2;0;0
MUE;01.06.1984 00:00;0;0;0
MUE;02.06.1984 00:00;0;0;0
MUE;03.06.1984 00:00;22.1;10;0
MUE;04.06.1984 00:00;0.4;0;10
MUE;05.06.1984 00:00;14.5;2;0
MUE;06.06.1984 00:00;7.2;0;2
MUE;07.06.1984 00:00;6.4;0;0
MUE;08.06.1984 00:00;0.5;0;0
MUE;09.06.1984 00:00;0;0;0
MUE;10.06.1984 00:00;0;0;0
MUE;11.06.1984 00:00;0.4;0;0
MUE;12.06.1984 00:00;0;0;0
MUE;13.06.1984 00:00;0;0;0
MUE;14.06.1984 00:00;0;0;0
MUE;15.06.1984 00:00;0;0;0
MUE;16.06.1984 00:00;0;0;0
MUE;17.06.1984 00:00;0;0;0
MUE;18.06.1984 00:00;0;0;0
MUE;19.06.1984 00:00;0;0;0
MUE;20.06.1984 00:00;0.4;0;0
MUE;21.06.1984 00:00;21.3;0;0
MUE;22.06.1984 00:00;6.5;0;0
MUE;23.06.1984 00:00;3.7;0;0
MUE;24.06.1984 00:00;12.2;0;0
MUE;25.06.1984 00:00;0;0;0
MUE;26.06.1984 00:00;0;0;0
MUE;27.06.1984 00:00;5.3;0;0
MUE;28.06.1984 00:00;6.1;0;0
MUE;29.06.1984 00:00;0;0;0
MUE;30.06.1984 00:00;0;0;0
MUE;01.07.1984 00:00;2.2;0;0
MUE;02.07.1984 00:00;4.7;0;0
MUE;03.07.1984 00:00;2.1;0;0
MUE;04.07.1984 00:00;0;0;0
MUE;05.07.1984 00:00;0;0;0
MUE;06.07.1984 00:00;0;0;0
MUE;07.07.1984 00:00;0;0;0
MUE;08.07.1984 00:00;0;0;0
MUE;09.07.1984 00:00;0;0;0
MUE;10.07.1984 00:00;0;0;0
MUE;11.07.1984 00:00;0;0;0
MUE;12.07.1984 00:00;5.8;0;0
MUE;13.07.1984 00:00;0;0;0
MUE;14.07.1984 00:00;0;0;0
MUE;15.07.1984 00:00;11.3;0;0
MUE;16.07.1984 00:00;2.9;0;0
MUE;17.07.1984 00:00;0;0;0
MUE;18.07.1984 00:00;0;0;0
MUE;19.07.1984 00:00;0;0;0
MUE;20.07.1984 00:00;0;0;0
MUE;21.07.1984 00:00;3.3;0;0
MUE;22.07.1984 00:00;0;0;0
MUE;23.07.1984 00:00;14.9;0;0
MUE;24.07.1984 00:00;3.6;0;0
MUE;25.07.1984 00:00;36.8;0;0
MUE;26.07.1984 00:00;20;0;0
MUE;27.07.1984 00:00;0;0;0
MUE;28.07.1984 00:00;0.9;0;0
MUE;29.07.1984 00:00;0;0;0
MUE;30.07.1984 00:00;0;0;0
MUE;31.07.1984 00:00;9.7;0;0
MUE;01.08.1984 00:00;8.8;0;0
MUE;02.08.1984 00:00;0;0;0
MUE;03.08.1984 00:00;0;0;0
MUE;04.08.1984 00:00;12.4;0;0
MUE;05.08.1984 00:00;6.2;0;0
MUE;06.08.1984 00:00;0;0;0
MUE;07.08.1984 00:00;0.1;0;0
MUE;08.08.1984 00:00;4.9;0;0
MUE;09.08.1984 00:00;9.6;0;0
MUE;10.08.1984 00:00;55.8;0;0
MUE;11.08.1984 00:00;6.5;0;0
MUE;12.08.1984 00:00;1.8;0;0
MUE;13.08.1984 00:00;3.6;0;0
MUE;14.08.1984 00:00;2.8;0;0
MUE;15.08.1984 00:00;3.7;0;0
MUE;16.08.1984 00:00;1;0;0
MUE;17.08.1984 00:00;0;0;0
MUE;18.08.1984 00:00;0;0;0
MUE;19.08.1984 00:00;0;0;0
MUE;20.08.1984 00:00;0;0;0
MUE;21.08.1984 00:00;0;0;0
MUE;22.08.1984 00:00;0;0;0
MUE;23.08.1984 00:00;5;0;0
MUE;24.08.1984 00:00;14;0;0
MUE;25.08.1984 00:00;10.9;0;0
MUE;26.08.1984 00:00;0.3;0;0
MUE;27.08.1984 00:00;0;0;0
MUE;28.08.1984 00:00;0;0;0
MUE;29.08.1984 00:00;0;0;0
MUE;30.08.1984 00:00;0;0;0
MUE;31.08.1984 00:00;0;0;0
MUE;01.09.1984 00:00;0;0;0
MUE;02.09.1984 00:00;0;0;0
MUE;03.09.1984 00:00;0.9;0;0
MUE;04.09.1984 00:00;4.4;0;0
MUE;05.09.1984 00:00;42.3;5;0
MUE;06.09.1984 00:00;7.6;0;5
MUE;07.09.1984 00:00;0.5;0;2
MUE;08.09.1984 00:00;0;0;0
MUE;09.09.1984 00:00;5.2;0;0
MUE;10.09.1984 00:00;10.2;0;0
MUE;11.09.1984 00:00;0;0;0
MUE;12.09.1984 00:00;0;0;0
MUE;13.09.1984 00:00;0;0;0
MUE;14.09.1984 00:00;21.2;0;0
MUE;15.09.1984 00:00;9.7;0;0
MUE;16.09.1984 00:00;40.1;0;0
MUE;17.09.1984 00:00;0.8;0;0
MUE;18.09.1984 00:00;27;0;0
MUE;19.09.1984 00:00;0;0;0
MUE;20.09.1984 00:00;0;0;0
MUE;21.09.1984 00:00;17;2;0
MUE;22.09.1984 00:00;3.3;0;2
MUE;23.09.1984 00:00;16.7;1;0
MUE;24.09.1984 00:00;0.6;1;1
MUE;25.09.1984 00:00;7.2;2;1
MUE;26.09.1984 00:00;15;0;2
MUE;27.09.1984 00:00;0;0;0
MUE;28.09.1984 00:00;0;0;0
MUE;29.09.1984 00:00;0;0;0
MUE;30.09.1984 00:00;0;0;0
MUE;01.10.1984 00:00;31.7;0;0
MUE;02.10.1984 00:00;0;0;0
MUE;03.10.1984 00:00;6.1;0;0
MUE;04.10.1984 00:00;10.4;0;0
MUE;05.10.1984 00:00;1.2;0;0
MUE;06.10.1984 00:00;9.9;0;0
MUE;07.10.1984 00:00;4;0;0
MUE;08.10.1984 00:00;0.4;0;0
MUE;09.10.1984 00:00;0.4;0;0
MUE;10.10.1984 00:00;0;0;0
MUE;11.10.1984 00:00;0;0;0
MUE;12.10.1984 00:00;0;0;0
MUE;13.10.1984 00:00;0;0;0
MUE;14.10.1984 00:00;0;0;0
MUE;15.10.1984 00:00;0;0;0
MUE;16.10.1984 00:00;0;0;0
MUE;17.10.1984 00:00;0;0;0
MUE;18.10.1984 00:00;0;0;0
MUE;19.10.1984 00:00;1.1;0;0
MUE;20.10.1984 00:00;0;0;0
MUE;21.10.1984 00:00;0;0;0
MUE;22.10.1984 00:00;0;0;0
MUE;23.10.1984 00:00;0;0;0
MUE;24.10.1984 00:00;0;0;0
MUE;25.10.1984 00:00;0;0;0
MUE;26.10.1984 00:00;7;0;0
MUE;27.10.1984 00:00;0;0;0
MUE;28.10.1984 00:00;0;0;0
MUE;29.10.1984 00:00;0;0;0
MUE;30.10.1984 00:00;0;0;0
MUE;31.10.1984 00:00;0;0;0
MUE;01.11.1984 00:00;0;0;0
MUE;02.11.1984 00:00;0;0;0
MUE;03.11.1984 00:00;0.9;0;0
MUE;04.11.1984 00:00;0;0;0
MUE;05.11.1984 00:00;0;0;0
MUE;06.11.1984 00:00;0;0;0
MUE;07.11.1984 00:00;0;0;0
MUE;08.11.1984 00:00;0;0;0
MUE;09.11.1984 00:00;0;0;0
MUE;10.11.1984 00:00;0;0;0
MUE;11.11.1984 00:00;0;0;0
MUE;12.11.1984 00:00;0;0;0
MUE;13.11.1984 00:00;0;0;0
MUE;14.11.1984 00:00;0;0;0
MUE;15.11.1984 00:00;0.4;0;0
MUE;16.11.1984 00:00;5.9;5;0
MUE;17.11.1984 00:00;2.1;0;5
MUE;18.11.1984 00:00;1.5;2;3
MUE;19.11.1984 00:00;0;0;2
MUE;20.11.1984 00:00;12;15;0
MUE;21.11.1984 00:00;6.8;7;15
MUE;22.11.1984 00:00;9.5;0;17
MUE;23.11.1984 00:00;1.1;0;3
MUE;24.11.1984 00:00;0;0;0
MUE;25.11.1984 00:00;0.1;0;0
MUE;26.11.1984 00:00;16.3;14;0
MUE;27.11.1984 00:00;0;0;14
MUE;28.11.1984 00:00;0;0;9
MUE;29.11.1984 00:00;0;0;3
MUE;30.11.1984 00:00;0;0;1
MUE;01.12.1984 00:00;3.9;6;1
MUE;02.12.1984 00:00;7.2;5;6
MUE;03.12.1984 00:00;0;0;10
MUE;04.12.1984 00:00;0;0;8
MUE;05.12.1984 00:00;0;0;4
MUE;06.12.1984 00:00;0;0;2
MUE;07.12.1984 00:00;0;0;2
MUE;08.12.1984 00:00;0;0;2
MUE;09.12.1984 00:00;0.6;1;2
MUE;10.12.1984 00:00;0;0;2
MUE;11.12.1984 00:00;0;0;2
MUE;12.12.1984 00:00;0;0;2
MUE;13.12.1984 00:00;6.5;13;0
MUE;14.12.1984 00:00;0;0;13
MUE;15.12.1984 00:00;0;0;11
MUE;16.12.1984 00:00;4;2;10
MUE;17.12.1984 00:00;0;0;10
MUE;18.12.1984 00:00;17.7;21;9
MUE;19.12.1984 00:00;0;0;30
MUE;20.12.1984 00:00;3.4;1;29
MUE;21.12.1984 00:00;5.6;1;28
MUE;22.12.1984 00:00;0;0;25
MUE;23.12.1984 00:00;0;0;22
MUE;24.12.1984 00:00;11.8;23;22
MUE;25.12.1984 00:00;9.9;6;45
MUE;26.12.1984 00:00;3.8;4;41
MUE;27.12.1984 00:00;14.9;10;42
MUE;28.12.1984 00:00;0;0;51
MUE;29.12.1984 00:00;1.5;1;50
MUE;30.12.1984 00:00;0;0;46
MUE;31.12.1984 00:00;0;0;43
MUE;01.01.1985 00:00;6.6;7;40
MUE;02.01.1985 00:00;13.6;16;47
MUE;03.01.1985 00:00;0.4;2;61
MUE;04.01.1985 00:00;7.1;7;59
MUE;05.01.1985 00:00;0;0;65
MUE;06.01.1985 00:00;0;0;60
MUE;07.01.1985 00:00;0;0;58
MUE;08.01.1985 00:00;0;0;55
MUE;09.01.1985 00:00;0;0;54
MUE;10.01.1985 00:00;0;0;53
MUE;11.01.1985 00:00;0;0;51
MUE;12.01.1985 00:00;0;0;50
MUE;13.01.1985 00:00;0.1;0;50
MUE;14.01.1985 00:00;0;0;50
MUE;15.01.1985 00:00;1.6;1;48
MUE;16.01.1985 00:00;5.8;2;49
MUE;17.01.1985 00:00;0;0;51
MUE;18.01.1985 00:00;1.9;2;51
MUE;19.01.1985 00:00;3.8;4;52
MUE;20.01.1985 00:00;0;0;56
MUE;21.01.1985 00:00;0;0;56
MUE;22.01.1985 00:00;7.2;0;55
MUE;23.01.1985 00:00;17.6;12;48
MUE;24.01.1985 00:00;3.3;4;58
MUE;25.01.1985 00:00;0;0;62
MUE;26.01.1985 00:00;11.5;18;60
MUE;27.01.1985 00:00;2.3;3;76
MUE;28.01.1985 00:00;2.2;4;74
MUE;29.01.1985 00:00;0;0;75
MUE;30.01.1985 00:00;1.8;0;70
MUE;31.01.1985 00:00;13;3;67
MUE;01.02.1985 00:00;1.1;0;68
MUE;02.02.1985 00:00;12.4;0;62
MUE;03.02.1985 00:00;0;0;60
MUE;04.02.1985 00:00;0;0;60
MUE;05.02.1985 00:00;5.6;7;59
MUE;06.02.1985 00:00;11.4;5;66
MUE;07.02.1985 00:00;0;0;71
MUE;08.02.1985 00:00;4.6;0;71
MUE;09.02.1985 00:00;1.7;0;66
MUE;10.02.1985 00:00;1.5;2;63
MUE;11.02.1985 00:00;0.6;1;65
MUE;12.02.1985 00:00;0;0;66
MUE;13.02.1985 00:00;12.5;15;65
MUE;14.02.1985 00:00;9.8;9;81
MUE;15.02.1985 00:00;27.6;38;90
MUE;16.02.1985 00:00;15.8;17;128
MUE;17.02.1985 00:00;13.2;25;132
MUE;18.02.1985 00:00;0.2;0;145
MUE;19.02.1985 00:00;0;0;135
MUE;20.02.1985 00:00;0;0;129
MUE;21.02.1985 00:00;0;0;123
MUE;22.02.1985 00:00;0;0;120
MUE;23.02.1985 00:00;0;0;117
MUE;24.02.1985 00:00;0;0;112
MUE;25.02.1985 00:00;0;0;108
MUE;26.02.1985 00:00;0;0;103
MUE;27.02.1985 00:00;0;0;100
MUE;28.02.1985 00:00;0.1;0;99
MUE;01.03.1985 00:00;11.5;11;98
MUE;02.03.1985 00:00;13.4;10;106
MUE;03.03.1985 00:00;0;0;116
MUE;04.03.1985 00:00;2;2;115
MUE;05.03.1985 00:00;0;0;111
MUE;06.03.1985 00:00;4.1;3;111
MUE;07.03.1985 00:00;0.1;0;113
MUE;08.03.1985 00:00;0;0;110
MUE;09.03.1985 00:00;0;0;108
MUE;10.03.1985 00:00;0.1;0;107
MUE;11.03.1985 00:00;1.1;4;106
MUE;12.03.1985 00:00;0;0;109
MUE;13.03.1985 00:00;0;0;107
MUE;14.03.1985 00:00;5.2;8;102
MUE;15.03.1985 00:00;0.2;0;109
MUE;16.03.1985 00:00;3.3;6;108
MUE;17.03.1985 00:00;4.7;6;114
MUE;18.03.1985 00:00;4.3;3;117
MUE;19.03.1985 00:00;0;0;119
MUE;20.03.1985 00:00;0;0;113
MUE;21.03.1985 00:00;6;5;110
MUE;22.03.1985 00:00;0.9;1;115
MUE;23.03.1985 00:00;3;0;110
MUE;24.03.1985 00:00;1.1;1;110
MUE;25.03.1985 00:00;1.9;2;110
MUE;26.03.1985 00:00;0;0;109
MUE;27.03.1985 00:00;12;15;102
MUE;28.03.1985 00:00;3.9;5;117
MUE;29.03.1985 00:00;0;0;120
MUE;30.03.1985 00:00;0;0;110
MUE;31.03.1985 00:00;0;0;104
MUE;01.04.1985 00:00;7.4;0;100
MUE;02.04.1985 00:00;0.6;0;97
MUE;03.04.1985 00:00;0;0;90
MUE;04.04.1985 00:00;0;0;87
MUE;05.04.1985 00:00;0;0;80
MUE;06.04.1985 00:00;4;1;73
MUE;07.04.1985 00:00;1.8;0;73
MUE;08.04.1985 00:00;3.7;0;65
MUE;09.04.1985 00:00;15.2;7;63
MUE;10.04.1985 00:00;5.5;2;70
MUE;11.04.1985 00:00;4.8;3;68
MUE;12.04.1985 00:00;6.2;6;69
MUE;13.04.1985 00:00;8.8;8;75
MUE;14.04.1985 00:00;7.5;13;78
MUE;15.04.1985 00:00;5.4;4;82
MUE;16.04.1985 00:00;10.7;5;82
MUE;17.04.1985 00:00;0;0;83
MUE;18.04.1985 00:00;0;0;72
MUE;19.04.1985 00:00;0;0;69
MUE;20.04.1985 00:00;0;0;67
MUE;21.04.1985 00:00;0;0;62
MUE;22.04.1985 00:00;0;0;59
MUE;23.04.1985 00:00;8.8;0;59
MUE;24.04.1985 00:00;6.4;0;48
MUE;25.04.1985 00:00;0;0;41
MUE;26.04.1985 00:00;0;0;39
MUE;27.04.1985 00:00;3.5;4;35
MUE;28.04.1985 00:00;9;9;33
MUE;29.04.1985 00:00;1.3;1;42
MUE;30.04.1985 00:00;5.9;0;41
MUE;01.05.1985 00:00;0;0;32
MUE;02.05.1985 00:00;22.2;18;26
MUE;03.05.1985 00:00;0;0;44
MUE;04.05.1985 00:00;1.8;0;40
MUE;05.05.1985 00:00;1;0;35
MUE;06.05.1985 00:00;5;0;31
MUE;07.05.1985 00:00;31.6;3;17
MUE;08.05.1985 00:00;42.2;7;11
MUE;09.05.1985 00:00;6.2;0;16
MUE;10.05.1985 00:00;1.2;0;5
MUE;11.05.1985 00:00;0.3;0;0
MUE;12.05.1985 00:00;2.7;0;0
MUE;13.05.1985 00:00;38.4;0;0
MUE;14.05.1985 00:00;0;0;0
MUE;15.05.1985 00:00;0;0;0
MUE;16.05.1985 00:00;0;0;0
MUE;17.05.1985 00:00;0.5;0;0
MUE;18.05.1985 00:00;1.8;0;0
MUE;19.05.1985 00:00;2.3;0;0
MUE;20.05.1985 00:00;4.6;0;0
MUE;21.05.1985 00:00;15.5;2;0
MUE;22.05.1985 00:00;2.8;0;2
MUE;23.05.1985 00:00;0;0;0
MUE;24.05.1985 00:00;0;0;0
MUE;25.05.1985 00:00;0;0;0
MUE;26.05.1985 00:00;0;0;0
MUE;27.05.1985 00:00;6.5;0;0
MUE;28.05.1985 00:00;23.1;0;0
MUE;29.05.1985 00:00;8.3;0;0
MUE;30.05.1985 00:00;0;0;0
MUE;31.05.1985 00:00;0;0;0
MUE;01.06.1985 00:00;4;0;0
MUE;02.06.1985 00:00;0;0;0
MUE;03.06.1985 00:00;0.9;0;0
MUE;04.06.1985 00:00;11.1;0;0
MUE;05.06.1985 00:00;0;0;0
MUE;06.06.1985 00:00;18.9;0;0
MUE;07.06.1985 00:00;17.8;0;0
MUE;08.06.1985 00:00;9.2;2;0
MUE;09.06.1985 00:00;0;0;2
MUE;10.06.1985 00:00;10.5;2;0
MUE;11.06.1985 00:00;0;0;2
MUE;12.06.1985 00:00;9.1;0;0
MUE;13.06.1985 00:00;0;0;0
MUE;14.06.1985 00:00;16.3;0;0
MUE;15.06.1985 00:00;1.4;0;0
MUE;16.06.1985 00:00;22.2;0;0
MUE;17.06.1985 00:00;1.1;0;0
MUE;18.06.1985 00:00;0;0;0
MUE;19.06.1985 00:00;9.5;0;0
MUE;20.06.1985 00:00;3;0;0
MUE;21.06.1985 00:00;13.9;0;0
MUE;22.06.1985 00:00;16.4;0;0
MUE;23.06.1985 00:00;5.2;0;0
MUE;24.06.1985 00:00;1.4;0;0
MUE;25.06.1985 00:00;0;0;0
MUE;26.06.1985 00:00;22.8;0;0
MUE;27.06.1985 00:00;2.2;0;0
MUE;28.06.1985 00:00;0;0;0
MUE;29.06.1985 00:00;0;0;0
MUE;30.06.1985 00:00;6.8;0;0
MUE;01.07.1985 00:00;0;0;0
MUE;02.07.1985 00:00;0;0;0
MUE;03.07.1985 00:00;0;0;0
MUE;04.07.1985 00:00;4.5;0;0
MUE;05.07.1985 00:00;25.9;0;0
MUE;06.07.1985 00:00;12.6;0;0
MUE;07.07.1985 00:00;0;0;0
MUE;08.07.1985 00:00;0;0;0
MUE;09.07.1985 00:00;0;0;0
MUE;10.07.1985 00:00;0;0;0
MUE;11.07.1985 00:00;0;0;0
MUE;12.07.1985 00:00;0;0;0
MUE;13.07.1985 00:00;0;0;0
MUE;14.07.1985 00:00;15.8;0;0
MUE;15.07.1985 00:00;1;0;0
MUE;16.07.1985 00:00;15.2;0;0
MUE;17.07.1985 00:00;0;0;0
MUE;18.07.1985 00:00;0;0;0
MUE;19.07.1985 00:00;0;0;0
MUE;20.07.1985 00:00;6;0;0
MUE;21.07.1985 00:00;0;0;0
MUE;22.07.1985 00:00;0;0;0
MUE;23.07.1985 00:00;0;0;0
MUE;24.07.1985 00:00;0;0;0
MUE;25.07.1985 00:00;0;0;0
MUE;26.07.1985 00:00;0;0;0
MUE;27.07.1985 00:00;6;0;0
MUE;28.07.1985 00:00;0;0;0
MUE;29.07.1985 00:00;12.1;0;0
MUE;30.07.1985 00:00;9.7;0;0
MUE;31.07.1985 00:00;1.9;0;0
MUE;01.08.1985 00:00;5.5;0;0
MUE;02.08.1985 00:00;0;0;0
MUE;03.08.1985 00:00;13.3;0;0
MUE;04.08.1985 00:00;0;0;0
MUE;05.08.1985 00:00;16.6;0;0
MUE;06.08.1985 00:00;35.1;0;0
MUE;07.08.1985 00:00;1.6;0;0
MUE;08.08.1985 00:00;0;0;0
MUE;09.08.1985 00:00;0.3;0;0
MUE;10.08.1985 00:00;0.8;0;0
MUE;11.08.1985 00:00;0;0;0
MUE;12.08.1985 00:00;0;0;0
MUE;13.08.1985 00:00;0;0;0
MUE;14.08.1985 00:00;0;0;0
MUE;15.08.1985 00:00;0.7;0;0
MUE;16.08.1985 00:00;4.5;0;0
MUE;17.08.1985 00:00;0;0;0
MUE;18.08.1985 00:00;0;0;0
MUE;19.08.1985 00:00;3.4;0;0
MUE;20.08.1985 00:00;0;0;0
MUE;21.08.1985 00:00;0;0;0
MUE;22.08.1985 00:00;1.5;0;0
MUE;23.08.1985 00:00;0;0;0
MUE;24.08.1985 00:00;7.3;0;0
MUE;25.08.1985 00:00;16.8;0;0
MUE;26.08.1985 00:00;19;0;0
MUE;27.08.1985 00:00;0;0;0
MUE;28.08.1985 00:00;0;0;0
MUE;29.08.1985 00:00;0;0;0
MUE;30.08.1985 00:00;0;0;0
MUE;31.08.1985 00:00;1.1;0;0
MUE;01.09.1985 00:00;0;0;0
MUE;02.09.1985 00:00;0;0;0
MUE;03.09.1985 00:00;19.9;0;0
MUE;04.09.1985 00:00;0;0;0
MUE;05.09.1985 00:00;5.2;0;0
MUE;06.09.1985 00:00;2;0;0
MUE;07.09.1985 00:00;0;0;0
MUE;08.09.1985 00:00;0;0;0
MUE;09.09.1985 00:00;0;0;0
MUE;10.09.1985 00:00;0;0;0
MUE;11.09.1985 00:00;0;0;0
MUE;12.09.1985 00:00;0;0;0
MUE;13.09.1985 00:00;3.7;0;0
MUE;14.09.1985 00:00;0;0;0
MUE;15.09.1985 00:00;25.3;0;0
MUE;16.09.1985 00:00;0;0;0
MUE;17.09.1985 00:00;0;0;0
MUE;18.09.1985 00:00;0;0;0
MUE;19.09.1985 00:00;0;0;0
MUE;20.09.1985 00:00;0;0;0
MUE;21.09.1985 00:00;0;0;0
MUE;22.09.1985 00:00;0;0;0
MUE;23.09.1985 00:00;0;0;0
MUE;24.09.1985 00:00;0;0;0
MUE;25.09.1985 00:00;0;0;0
MUE;26.09.1985 00:00;0;0;0
MUE;27.09.1985 00:00;0;0;0
MUE;28.09.1985 00:00;0;0;0
MUE;29.09.1985 00:00;0;0;0
MUE;30.09.1985 00:00;0;0;0
MUE;01.10.1985 00:00;0;0;0
MUE;02.10.1985 00:00;0;0;0
MUE;03.10.1985 00:00;0;0;0
MUE;04.10.1985 00:00;0;0;0
MUE;05.10.1985 00:00;7.7;0;0
MUE;06.10.1985 00:00;0;0;0
MUE;07.10.1985 00:00;0;0;0
MUE;08.10.1985 00:00;5.5;0;0
MUE;09.10.1985 00:00;0;0;0
MUE;10.10.1985 00:00;0;0;0
MUE;11.10.1985 00:00;0;0;0
MUE;12.10.1985 00:00;0;0;0
MUE;13.10.1985 00:00;0;0;0
MUE;14.10.1985 00:00;0;0;0
MUE;15.10.1985 00:00;0;0;0
MUE;16.10.1985 00:00;0;0;0
MUE;17.10.1985 00:00;0;0;0
MUE;18.10.1985 00:00;0;0;0
MUE;19.10.1985 00:00;0;0;0
MUE;20.10.1985 00:00;0;0;0
MUE;21.10.1985 00:00;0;0;0
MUE;22.10.1985 00:00;0;0;0
MUE;23.10.1985 00:00;0;0;0
MUE;24.10.1985 00:00;0;0;0
MUE;25.10.1985 00:00;0;0;0
MUE;26.10.1985 00:00;0;0;0
MUE;27.10.1985 00:00;0;0;0
MUE;28.10.1985 00:00;0;0;0
MUE;29.10.1985 00:00;0;0;0
MUE;30.10.1985 00:00;0;0;0
MUE;31.10.1985 00:00;0.1;0;0
MUE;01.11.1985 00:00;8.1;4;0
MUE;02.11.1985 00:00;0;0;4
MUE;03.11.1985 00:00;0;0;0
MUE;04.11.1985 00:00;0.4;0;0
MUE;05.11.1985 00:00;20.4;0;0
MUE;06.11.1985 00:00;0;0;0
MUE;07.11.1985 00:00;0;0;0
MUE;08.11.1985 00:00;20.8;0;0
MUE;09.11.1985 00:00;1.5;0;0
MUE;10.11.1985 00:00;22.6;3;0
MUE;11.11.1985 00:00;0;0;3
MUE;12.11.1985 00:00;5.1;11;1
MUE;13.11.1985 00:00;8.6;8;12
MUE;14.11.1985 00:00;0;0;20
MUE;15.11.1985 00:00;0;0;18
MUE;16.11.1985 00:00;0;0;15
MUE;17.11.1985 00:00;0;0;15
MUE;18.11.1985 00:00;0;0;14
MUE;19.11.1985 00:00;0;0;12
MUE;20.11.1985 00:00;0;0;12
MUE;21.11.1985 00:00;8.2;12;10
MUE;22.11.1985 00:00;3.4;1;22
MUE;23.11.1985 00:00;0;0;22
MUE;24.11.1985 00:00;0;0;20
MUE;25.11.1985 00:00;0;0;19
MUE;26.11.1985 00:00;0;0;19
MUE;27.11.1985 00:00;0;0;19
MUE;28.11.1985 00:00;5;7;19
MUE;29.11.1985 00:00;0;0;25
MUE;30.11.1985 00:00;1.5;0;23
MUE;01.12.1985 00:00;0;0;14
MUE;02.12.1985 00:00;0;0;12
MUE;03.12.1985 00:00;0;0;10
MUE;04.12.1985 00:00;0;0;9
MUE;05.12.1985 00:00;0;0;7
MUE;06.12.1985 00:00;0;0;6
MUE;07.12.1985 00:00;0;0;5
MUE;08.12.1985 00:00;0;0;3
MUE;09.12.1985 00:00;5.6;8;2
MUE;10.12.1985 00:00;2.1;2;9
MUE;11.12.1985 00:00;0;0;11
MUE;12.12.1985 00:00;0;0;10
MUE;13.12.1985 00:00;0;0;10
MUE;14.12.1985 00:00;0;0;10
MUE;15.12.1985 00:00;0;0;8
MUE;16.12.1985 00:00;0;0;7
MUE;17.12.1985 00:00;0;0;7
MUE;18.12.1985 00:00;0.7;1;7
MUE;19.12.1985 00:00;0;0;8
MUE;20.12.1985 00:00;0;0;8
MUE;21.12.1985 00:00;0;0;7
MUE;22.12.1985 00:00;0;0;7
MUE;23.12.1985 00:00;0;0;7
MUE;24.12.1985 00:00;0;0;7
MUE;25.12.1985 00:00;14.1;14;6
MUE;26.12.1985 00:00;0.5;1;20
MUE;27.12.1985 00:00;0;0;21
MUE;28.12.1985 00:00;9.1;10;20
MUE;29.12.1985 00:00;3.9;4;29
MUE;30.12.1985 00:00;1.5;2;33
MUE;31.12.1985 00:00;0;0;35
MUE;01.01.1986 00:00;2.7;1;35
MUE;02.01.1986 00:00;0;0;35
MUE;03.01.1986 00:00;3.7;8;30
MUE;04.01.1986 00:00;4.2;3;37
MUE;05.01.1986 00:00;3.9;4;40
MUE;06.01.1986 00:00;3.6;3;40
MUE;07.01.1986 00:00;1.1;1;43
MUE;08.01.1986 00:00;7.1;12;41
MUE;09.01.1986 00:00;1.8;4;51
MUE;10.01.1986 00:00;9.4;0;51
MUE;11.01.1986 00:00;17.5;11;45
MUE;12.01.1986 00:00;10.9;17;56
MUE;13.01.1986 00:00;41.5;22;72
MUE;14.01.1986 00:00;6.9;8;90
MUE;15.01.1986 00:00;16.3;21;98
MUE;16.01.1986 00:00;19.5;23;110
MUE;17.01.1986 00:00;0;0;125
MUE;18.01.1986 00:00;6.2;6;118
MUE;19.01.1986 00:00;14.1;15;115
MUE;20.01.1986 00:00;0;0;123
MUE;21.01.1986 00:00;0;0;115
MUE;22.01.1986 00:00;0.6;0;111
MUE;23.01.1986 00:00;15;4;107
MUE;24.01.1986 00:00;34.4;21;107
MUE;25.01.1986 00:00;16.2;18;128
MUE;26.01.1986 00:00;3.8;5;138
MUE;27.01.1986 00:00;0;0;135
MUE;28.01.1986 00:00;0;0;128
MUE;29.01.1986 00:00;0;0;121
MUE;30.01.1986 00:00;15;12;110
MUE;31.01.1986 00:00;56.6;31;109
MUE;01.02.1986 00:00;3;9;140
MUE;02.02.1986 00:00;0;0;137
MUE;03.02.1986 00:00;0;0;136
MUE;04.02.1986 00:00;0;0;131
MUE;05.02.1986 00:00;0;0;131
MUE;06.02.1986 00:00;0;0;129
MUE;07.02.1986 00:00;1.4;2;129
MUE;08.02.1986 00:00;2.2;5;130
MUE;09.02.1986 00:00;2;2;135
MUE;10.02.1986 00:00;0;0;136
MUE;11.02.1986 00:00;0;0;133
MUE;12.02.1986 00:00;0;0;131
MUE;13.02.1986 00:00;0;0;129
MUE;14.02.1986 00:00;0;0;128
MUE;15.02.1986 00:00;0;0;128
MUE;16.02.1986 00:00;0;0;128
MUE;17.02.1986 00:00;0;0;128
MUE;18.02.1986 00:00;1.7;5;126
MUE;19.02.1986 00:00;9.9;13;129
MUE;20.02.1986 00:00;0;0;140
MUE;21.02.1986 00:00;0;0;139
MUE;22.02.1986 00:00;1.3;2;138
MUE;23.02.1986 00:00;9.6;5;136
MUE;24.02.1986 00:00;2.8;5;136
MUE;25.02.1986 00:00;0;0;140
MUE;26.02.1986 00:00;0;0;137
MUE;27.02.1986 00:00;0;0;136
MUE;28.02.1986 00:00;0;0;135
MUE;01.03.1986 00:00;0;0;133
MUE;02.03.1986 00:00;0;0;129
MUE;03.03.1986 00:00;4.8;5;128
MUE;04.03.1986 00:00;0;0;131
MUE;05.03.1986 00:00;0;0;127
MUE;06.03.1986 00:00;3.6;6;122
MUE;07.03.1986 00:00;0.3;1;126
MUE;08.03.1986 00:00;0;0;126
MUE;09.03.1986 00:00;0;0;121
MUE;10.03.1986 00:00;0;0;118
MUE;11.03.1986 00:00;0;0;117
MUE;12.03.1986 00:00;0;0;115
MUE;13.03.1986 00:00;0;0;113
MUE;14.03.1986 00:00;0;0;111
MUE;15.03.1986 00:00;0;0;108
MUE;16.03.1986 00:00;0;0;105
MUE;17.03.1986 00:00;0;0;103
MUE;18.03.1986 00:00;0.8;1;102
MUE;19.03.1986 00:00;14.1;17;101
MUE;20.03.1986 00:00;11.2;13;117
MUE;21.03.1986 00:00;13.1;25;125
MUE;22.03.1986 00:00;0;0;150
MUE;23.03.1986 00:00;15.9;2;123
MUE;24.03.1986 00:00;6.2;3;116
MUE;25.03.1986 00:00;4.3;4;109
MUE;26.03.1986 00:00;0.5;1;110
MUE;27.03.1986 00:00;0;0;109
MUE;28.03.1986 00:00;13.7;14;109
MUE;29.03.1986 00:00;3.4;3;119
MUE;30.03.1986 00:00;4.5;1;118
MUE;31.03.1986 00:00;5.4;6;108
MUE;01.04.1986 00:00;0;0;110
MUE;02.04.1986 00:00;0;0;104
MUE;03.04.1986 00:00;23.1;18;100
MUE;04.04.1986 00:00;0;0;117
MUE;05.04.1986 00:00;3.3;2;112
MUE;06.04.1986 00:00;0;0;112
MUE;07.04.1986 00:00;4.8;0;100
MUE;08.04.1986 00:00;0.2;0;94
MUE;09.04.1986 00:00;32.3;42;93
MUE;10.04.1986 00:00;9.6;5;135
MUE;11.04.1986 00:00;5.5;6;127
MUE;12.04.1986 00:00;6.2;6;130
MUE;13.04.1986 00:00;0.4;1;132
MUE;14.04.1986 00:00;0;0;123
MUE;15.04.1986 00:00;0;0;112
MUE;16.04.1986 00:00;0.4;0;105
MUE;17.04.1986 00:00;16.1;16;98
MUE;18.04.1986 00:00;13.7;13;114
MUE;19.04.1986 00:00;11.7;15;122
MUE;20.04.1986 00:00;5.1;0;130
MUE;21.04.1986 00:00;0;0;122
MUE;22.04.1986 00:00;3.9;1;112
MUE;23.04.1986 00:00;0;0;108
MUE;24.04.1986 00:00;7.2;0;102
MUE;25.04.1986 00:00;0;0;94
MUE;26.04.1986 00:00;0.7;0;91
MUE;27.04.1986 00:00;28.8;43;82
MUE;28.04.1986 00:00;3.1;0;125
MUE;29.04.1986 00:00;3.4;0;112
MUE;30.04.1986 00:00;0;0;90
MUE;01.05.1986 00:00;0;0;88
MUE;02.05.1986 00:00;0;0;70
MUE;03.05.1986 00:00;0.5;0;50
MUE;04.05.1986 00:00;0;0;40
MUE;05.05.1986 00:00;0;0;39
MUE;06.05.1986 00:00;0;0;37
MUE;07.05.1986 00:00;12.3;11;36
MUE;08.05.1986 00:00;0;0;40
MUE;09.05.1986 00:00;0;0;32
MUE;10.05.1986 00:00;0;0;28
MUE;11.05.1986 00:00;0.9;0;20
MUE;12.05.1986 00:00;0;0;19
MUE;13.05.1986 00:00;0;0;0
MUE;14.05.1986 00:00;3.5;0;0
MUE;15.05.1986 00:00;3.2;0;0
MUE;16.05.1986 00:00;5.8;0;0
MUE;17.05.1986 00:00;0;0;0
MUE;18.05.1986 00:00;0;0;0
MUE;19.05.1986 00:00;4.2;0;0
MUE;20.05.1986 00:00;0;0;0
MUE;21.05.1986 00:00;17.8;0;0
MUE;22.05.1986 00:00;0;0;0
MUE;23.05.1986 00:00;7.1;0;0
MUE;24.05.1986 00:00;4.2;0;0
MUE;25.05.1986 00:00;0;0;0
MUE;26.05.1986 00:00;0;0;0
MUE;27.05.1986 00:00;11.4;0;0
MUE;28.05.1986 00:00;19.3;0;0
MUE;29.05.1986 00:00;38.3;30;0
MUE;30.05.1986 00:00;11.9;6;30
MUE;31.05.1986 00:00;0;0;27
MUE;01.06.1986 00:00;1.4;0;14
MUE;02.06.1986 00:00;8.5;0;0
MUE;03.06.1986 00:00;0.5;0;0
MUE;04.06.1986 00:00;32.4;11;0
MUE;05.06.1986 00:00;10.6;9;11
MUE;06.06.1986 00:00;4.7;1;19
MUE;07.06.1986 00:00;0;0;8
MUE;08.06.1986 00:00;0;0;0
MUE;09.06.1986 00:00;0;0;0
MUE;10.06.1986 00:00;0;0;0
MUE;11.06.1986 00:00;19.9;2;0
MUE;12.06.1986 00:00;4.8;0;2
MUE;13.06.1986 00:00;0.4;0;0
MUE;14.06.1986 00:00;0;0;0
MUE;15.06.1986 00:00;0;0;0
MUE;16.06.1986 00:00;3;0;0
MUE;17.06.1986 00:00;0.7;0;0
MUE;18.06.1986 00:00;1.6;0;0
MUE;19.06.1986 00:00;8.6;0;0
MUE;20.06.1986 00:00;2.4;0;0
MUE;21.06.1986 00:00;0;0;0
MUE;22.06.1986 00:00;0;0;0
MUE;23.06.1986 00:00;18.2;0;0
MUE;24.06.1986 00:00;0;0;0
MUE;25.06.1986 00:00;0;0;0
MUE;26.06.1986 00:00;0;0;0
MUE;27.06.1986 00:00;0;0;0
MUE;28.06.1986 00:00;0;0;0
MUE;29.06.1986 00:00;0;0;0
MUE;30.06.1986 00:00;0;0;0
MUE;01.07.1986 00:00;0;0;0
MUE;02.07.1986 00:00;0;0;0
MUE;03.07.1986 00:00;7.2;0;0
MUE;04.07.1986 00:00;0;0;0
MUE;05.07.1986 00:00;1.2;0;0
MUE;06.07.1986 00:00;35.1;0;0
MUE;07.07.1986 00:00;10.4;0;0
MUE;08.07.1986 00:00;0.7;0;0
MUE;09.07.1986 00:00;0;0;0
MUE;10.07.1986 00:00;0;0;0
MUE;11.07.1986 00:00;9.2;0;0
MUE;12.07.1986 00:00;2.2;0;0
MUE;13.07.1986 00:00;3.9;0;0
MUE;14.07.1986 00:00;0;0;0
MUE;15.07.1986 00:00;0;0;0
MUE;16.07.1986 00:00;0;0;0
MUE;17.07.1986 00:00;18.4;0;0
MUE;18.07.1986 00:00;32.2;0;0
MUE;19.07.1986 00:00;4.7;0;0
MUE;20.07.1986 00:00;0;0;0
MUE;21.07.1986 00:00;0;0;0
MUE;22.07.1986 00:00;0;0;0
MUE;23.07.1986 00:00;22.2;0;0
MUE;24.07.1986 00:00;7;0;0
MUE;25.07.1986 00:00;0;0;0
MUE;26.07.1986 00:00;0;0;0
MUE;27.07.1986 00:00;0;0;0
MUE;28.07.1986 00:00;3.3;0;0
MUE;29.07.1986 00:00;0;0;0
MUE;30.07.1986 00:00;0;0;0
MUE;31.07.1986 00:00;11.7;0;0
MUE;01.08.1986 00:00;0;0;0
MUE;02.08.1986 00:00;0;0;0
MUE;03.08.1986 00:00;0;0;0
MUE;04.08.1986 00:00;19.5;0;0
MUE;05.08.1986 00:00;0;0;0
MUE;06.08.1986 00:00;0;0;0
MUE;07.08.1986 00:00;0;0;0
MUE;08.08.1986 00:00;18;0;0
MUE;09.08.1986 00:00;7.7;0;0
MUE;10.08.1986 00:00;19;0;0
MUE;11.08.1986 00:00;13.5;0;0
MUE;12.08.1986 00:00;6.5;0;0
MUE;13.08.1986 00:00;0.8;0;0
MUE;14.08.1986 00:00;0;0;0
MUE;15.08.1986 00:00;18.1;0;0
MUE;16.08.1986 00:00;0;0;0
MUE;17.08.1986 00:00;0.5;0;0
MUE;18.08.1986 00:00;6;0;0
MUE;19.08.1986 00:00;11;0;0
MUE;20.08.1986 00:00;0;0;0
MUE;21.08.1986 00:00;0;0;0
MUE;22.08.1986 00:00;15.5;0;0
MUE;23.08.1986 00:00;13;0;0
MUE;24.08.1986 00:00;17.5;0;0
MUE;25.08.1986 00:00;0;0;0
MUE;26.08.1986 00:00;8.7;0;0
MUE;27.08.1986 00:00;2;0;0
MUE;28.08.1986 00:00;11.7;3;0
MUE;29.08.1986 00:00;5.2;0;3
MUE;30.08.1986 00:00;0;0;0
MUE;31.08.1986 00:00;0;0;0
MUE;01.09.1986 00:00;0;0;0
MUE;02.09.1986 00:00;0;0;0
MUE;03.09.1986 00:00;6.7;0;0
MUE;04.09.1986 00:00;0;0;0
MUE;05.09.1986 00:00;0;0;0
MUE;06.09.1986 00:00;0;0;0
MUE;07.09.1986 00:00;0;0;0
MUE;08.09.1986 00:00;0;0;0
MUE;09.09.1986 00:00;12.2;0;0
MUE;10.09.1986 00:00;0;0;0
MUE;11.09.1986 00:00;0;0;0
MUE;12.09.1986 00:00;0.6;0;0
MUE;13.09.1986 00:00;0;0;0
MUE;14.09.1986 00:00;0;0;0
MUE;15.09.1986 00:00;0;0;0
MUE;16.09.1986 00:00;1.3;0;0
MUE;17.09.1986 00:00;22.1;0;0
MUE;18.09.1986 00:00;10.5;0;0
MUE;19.09.1986 00:00;6.9;0;0
MUE;20.09.1986 00:00;7.1;0;0
MUE;21.09.1986 00:00;0;0;0
MUE;22.09.1986 00:00;0;0;0
MUE;23.09.1986 00:00;0;0;0
MUE;24.09.1986 00:00;0;0;0
MUE;25.09.1986 00:00;1.5;0;0
MUE;26.09.1986 00:00;0;0;0
MUE;27.09.1986 00:00;0;0;0
MUE;28.09.1986 00:00;0;0;0
MUE;29.09.1986 00:00;0;0;0
MUE;30.09.1986 00:00;0;0;0
MUE;01.10.1986 00:00;0;0;0
MUE;02.10.1986 00:00;0;0;0
MUE;03.10.1986 00:00;0;0;0
MUE;04.10.1986 00:00;0;0;0
MUE;05.10.1986 00:00;0;0;0
MUE;06.10.1986 00:00;0;0;0
MUE;07.10.1986 00:00;0;0;0
MUE;08.10.1986 00:00;0;0;0
MUE;09.10.1986 00:00;0;0;0
MUE;10.10.1986 00:00;0;0;0
MUE;11.10.1986 00:00;0;0;0
MUE;12.10.1986 00:00;0;0;0
MUE;13.10.1986 00:00;0;0;0
MUE;14.10.1986 00:00;0;0;0
MUE;15.10.1986 00:00;0;0;0
MUE;16.10.1986 00:00;0;0;0
MUE;17.10.1986 00:00;0;0;0
MUE;18.10.1986 00:00;0;0;0
MUE;19.10.1986 00:00;8.2;0;0
MUE;20.10.1986 00:00;19;0;0
MUE;21.10.1986 00:00;8.3;0;0
MUE;22.10.1986 00:00;23.3;0;0
MUE;23.10.1986 00:00;5.4;0;0
MUE;24.10.1986 00:00;0;0;0
MUE;25.10.1986 00:00;5;7;0
MUE;26.10.1986 00:00;3.3;3;7
MUE;27.10.1986 00:00;0;0;9
MUE;28.10.1986 00:00;0;0;3
MUE;29.10.1986 00:00;7.3;0;1
MUE;30.10.1986 00:00;0;0;0
MUE;31.10.1986 00:00;0;0;0
MUE;01.11.1986 00:00;5.2;0;0
MUE;02.11.1986 00:00;11.4;10;0
MUE;03.11.1986 00:00;0;0;10
MUE;04.11.1986 00:00;0;0;8
MUE;05.11.1986 00:00;0;0;6
MUE;06.11.1986 00:00;0;0;3
MUE;07.11.1986 00:00;0;0;0
MUE;08.11.1986 00:00;0;0;0
MUE;09.11.1986 00:00;0;0;0
MUE;10.11.1986 00:00;0;0;0
MUE;11.11.1986 00:00;0;0;0
MUE;12.11.1986 00:00;0;0;0
MUE;13.11.1986 00:00;0;0;0
MUE;14.11.1986 00:00;0;0;0
MUE;15.11.1986 00:00;0;0;0
MUE;16.11.1986 00:00;0;0;0
MUE;17.11.1986 00:00;3.2;0;0
MUE;18.11.1986 00:00;0.2;0;0
MUE;19.11.1986 00:00;0;0;0
MUE;20.11.1986 00:00;14.9;11;0
MUE;21.11.1986 00:00;0.3;0;11
MUE;22.11.1986 00:00;5.6;4;10
MUE;23.11.1986 00:00;24;28;8
MUE;24.11.1986 00:00;0;0;36
MUE;25.11.1986 00:00;0;0;24
MUE;26.11.1986 00:00;0.3;2;19
MUE;27.11.1986 00:00;0;0;18
MUE;28.11.1986 00:00;0;0;18
MUE;29.11.1986 00:00;0;0;15
MUE;30.11.1986 00:00;0;0;13
MUE;01.12.1986 00:00;0;0;11
MUE;02.12.1986 00:00;0;0;11
MUE;03.12.1986 00:00;0;0;11
MUE;04.12.1986 00:00;0;0;11
MUE;05.12.1986 00:00;0;0;10
MUE;06.12.1986 00:00;0;0;10
MUE;07.12.1986 00:00;0;0;10
MUE;08.12.1986 00:00;0;0;10
MUE;09.12.1986 00:00;1.3;1;10
MUE;10.12.1986 00:00;0;0;10
MUE;11.12.1986 00:00;0;0;10
MUE;12.12.1986 00:00;0;0;10
MUE;13.12.1986 00:00;2.5;4;10
MUE;14.12.1986 00:00;2.8;8;13
MUE;15.12.1986 00:00;2.5;1;18
MUE;16.12.1986 00:00;7.7;10;19
MUE;17.12.1986 00:00;9;4;29
MUE;18.12.1986 00:00;13.5;5;31
MUE;19.12.1986 00:00;15.6;15;33
MUE;20.12.1986 00:00;8.8;13;48
MUE;21.12.1986 00:00;23.2;20;53
MUE;22.12.1986 00:00;10.4;13;70
MUE;23.12.1986 00:00;0;0;76
MUE;24.12.1986 00:00;0;0;65
MUE;25.12.1986 00:00;13.6;30;62
MUE;26.12.1986 00:00;21.6;35;91
MUE;27.12.1986 00:00;29.5;26;110
MUE;28.12.1986 00:00;4;5;124
MUE;29.12.1986 00:00;0;0;110
MUE;30.12.1986 00:00;0;0;100
MUE;31.12.1986 00:00;0;0;95
MUE;01.01.1987 00:00;17.7;1;90
MUE;02.01.1987 00:00;23.4;25;80
MUE;03.01.1987 00:00;3.6;6;105
MUE;04.01.1987 00:00;6.9;11;108
MUE;05.01.1987 00:00;4.4;5;115
MUE;06.01.1987 00:00;24;19;112
MUE;07.01.1987 00:00;4.6;6;131
MUE;08.01.1987 00:00;0;0;134
MUE;09.01.1987 00:00;0;0;122
MUE;10.01.1987 00:00;5.5;10;116
MUE;11.01.1987 00:00;4.7;7;125
MUE;12.01.1987 00:00;0;0;128
MUE;13.01.1987 00:00;0;0;124
MUE;14.01.1987 00:00;0;0;118
MUE;15.01.1987 00:00;0.2;1;112
MUE;16.01.1987 00:00;0;0;113
MUE;17.01.1987 00:00;0;0;110
MUE;18.01.1987 00:00;0;0;110
MUE;19.01.1987 00:00;0;0;110
MUE;20.01.1987 00:00;0;0;107
MUE;21.01.1987 00:00;0;0;107
MUE;22.01.1987 00:00;0;0;106
MUE;23.01.1987 00:00;0;0;106
MUE;24.01.1987 00:00;0;0;105
MUE;25.01.1987 00:00;0;0;103
MUE;26.01.1987 00:00;0;0;101
MUE;27.01.1987 00:00;8.8;9;100
MUE;28.01.1987 00:00;20.3;23;109
MUE;29.01.1987 00:00;0;0;125
MUE;30.01.1987 00:00;0;0;123
MUE;31.01.1987 00:00;0;0;120
MUE;01.02.1987 00:00;0;0;120
MUE;02.02.1987 00:00;0;0;117
MUE;03.02.1987 00:00;0;0;115
MUE;04.02.1987 00:00;0;0;112
MUE;05.02.1987 00:00;0;0;110
MUE;06.02.1987 00:00;0;0;108
MUE;07.02.1987 00:00;8;1;107
MUE;08.02.1987 00:00;0;0;108
MUE;09.02.1987 00:00;0;0;107
MUE;10.02.1987 00:00;2.4;2;106
MUE;11.02.1987 00:00;0;0;108
MUE;12.02.1987 00:00;4.7;7;107
MUE;13.02.1987 00:00;0;0;112
MUE;14.02.1987 00:00;1.5;2;110
MUE;15.02.1987 00:00;7.5;18;111
MUE;16.02.1987 00:00;8.8;7;128
MUE;17.02.1987 00:00;6.1;5;135
MUE;18.02.1987 00:00;4;4;136
MUE;19.02.1987 00:00;0;0;138
MUE;20.02.1987 00:00;0;0;137
MUE;21.02.1987 00:00;0;0;130
MUE;22.02.1987 00:00;0.6;0;130
MUE;23.02.1987 00:00;0;0;129
MUE;24.02.1987 00:00;0;0;129
MUE;25.02.1987 00:00;0;0;125
MUE;26.02.1987 00:00;2.6;1;125
MUE;27.02.1987 00:00;23.4;29;121
MUE;28.02.1987 00:00;26.7;20;150
MUE;01.03.1987 00:00;13.5;0;170
MUE;02.03.1987 00:00;17.9;10;153
MUE;03.03.1987 00:00;4.5;16;155
MUE;04.03.1987 00:00;6.5;11;170
MUE;05.03.1987 00:00;0.6;1;171
MUE;06.03.1987 00:00;0;0;171
MUE;07.03.1987 00:00;0;0;159
MUE;08.03.1987 00:00;0;0;150
MUE;09.03.1987 00:00;1.9;0;149
MUE;10.03.1987 00:00;0;0;149
MUE;11.03.1987 00:00;0;0;145
MUE;12.03.1987 00:00;0;0;143
MUE;13.03.1987 00:00;8.3;7;143
MUE;14.03.1987 00:00;0.5;1;147
MUE;15.03.1987 00:00;2.1;7;147
MUE;16.03.1987 00:00;9.1;10;153
MUE;17.03.1987 00:00;0;0;163
MUE;18.03.1987 00:00;4.9;4;150
MUE;19.03.1987 00:00;3.7;1;153
MUE;20.03.1987 00:00;15.2;15;150
MUE;21.03.1987 00:00;0;0;165
MUE;22.03.1987 00:00;1.9;1;160
MUE;23.03.1987 00:00;0;0;160
MUE;24.03.1987 00:00;0;0;154
MUE;25.03.1987 00:00;0;0;152
MUE;26.03.1987 00:00;5.2;0;151
MUE;27.03.1987 00:00;3.5;0;151
MUE;28.03.1987 00:00;7.4;5;148
MUE;29.03.1987 00:00;8.9;12;153
MUE;30.03.1987 00:00;3.2;5;165
MUE;31.03.1987 00:00;0.2;1;168
MUE;01.04.1987 00:00;1.1;1;161
MUE;02.04.1987 00:00;0;0;157
MUE;03.04.1987 00:00;0.4;0;154
MUE;04.04.1987 00:00;34.5;41;149
MUE;05.04.1987 00:00;3.9;3;189
MUE;06.04.1987 00:00;0;0;162
MUE;07.04.1987 00:00;1.2;0;152
MUE;08.04.1987 00:00;8.8;0;150
MUE;09.04.1987 00:00;27.8;24;145
MUE;10.04.1987 00:00;18.2;10;167
MUE;11.04.1987 00:00;0;0;177
MUE;12.04.1987 00:00;17;18;160
MUE;13.04.1987 00:00;3.6;1;177
MUE;14.04.1987 00:00;0;0;165
MUE;15.04.1987 00:00;0;0;159
MUE;16.04.1987 00:00;0;0;150
MUE;17.04.1987 00:00;0;0;143
MUE;18.04.1987 00:00;0;0;135
MUE;19.04.1987 00:00;2.3;0;125
MUE;20.04.1987 00:00;18.4;4;117
MUE;21.04.1987 00:00;0;0;118
MUE;22.04.1987 00:00;0;0;115
MUE;23.04.1987 00:00;0;0;110
MUE;24.04.1987 00:00;0;0;100
MUE;25.04.1987 00:00;1.2;0;95
MUE;26.04.1987 00:00;0;0;80
MUE;27.04.1987 00:00;0;0;70
MUE;28.04.1987 00:00;0;0;63
MUE;29.04.1987 00:00;0;0;48
MUE;30.04.1987 00:00;0.1;0;45
MUE;01.05.1987 00:00;0;0;43
MUE;02.05.1987 00:00;5.5;0;30
MUE;03.05.1987 00:00;25.4;32;12
MUE;04.05.1987 00:00;9.8;8;44
MUE;05.05.1987 00:00;8.2;10;28
MUE;06.05.1987 00:00;3.6;0;28
MUE;07.05.1987 00:00;0;0;15
MUE;08.05.1987 00:00;0;0;9
MUE;09.05.1987 00:00;0;0;9
MUE;10.05.1987 00:00;12;0;8
MUE;11.05.1987 00:00;0;0;5
MUE;12.05.1987 00:00;8.4;9;3
MUE;13.05.1987 00:00;14.7;8;9
MUE;14.05.1987 00:00;0;0;17
MUE;15.05.1987 00:00;7;4;0
MUE;16.05.1987 00:00;6.6;0;4
MUE;17.05.1987 00:00;0;0;2
MUE;18.05.1987 00:00;6.7;1;0
MUE;19.05.1987 00:00;9.6;0;1
MUE;20.05.1987 00:00;8.7;5;0
MUE;21.05.1987 00:00;15;19;5
MUE;22.05.1987 00:00;2.6;0;19
MUE;23.05.1987 00:00;0;0;5
MUE;24.05.1987 00:00;0.5;0;0
MUE;25.05.1987 00:00;1;0;0
MUE;26.05.1987 00:00;3.9;0;0
MUE;27.05.1987 00:00;5.6;0;0
MUE;28.05.1987 00:00;3.1;0;0
MUE;29.05.1987 00:00;6.1;0;0
MUE;30.05.1987 00:00;0;0;0
MUE;31.05.1987 00:00;18.3;0;0
MUE;01.06.1987 00:00;0;0;0
MUE;02.06.1987 00:00;0;0;0
MUE;03.06.1987 00:00;10.2;0;0
MUE;04.06.1987 00:00;9.8;0;0
MUE;05.06.1987 00:00;0;0;0
MUE;06.06.1987 00:00;1.1;0;0
MUE;07.06.1987 00:00;14.1;0;0
MUE;08.06.1987 00:00;19.3;0;0
MUE;09.06.1987 00:00;9.1;0;0
MUE;10.06.1987 00:00;0;0;0
MUE;11.06.1987 00:00;0;0;0
MUE;12.06.1987 00:00;0;0;0
MUE;13.06.1987 00:00;4.5;0;0
MUE;14.06.1987 00:00;3.8;0;0
MUE;15.06.1987 00:00;52.9;0;0
MUE;16.06.1987 00:00;4;0;0
MUE;17.06.1987 00:00;4.2;0;0
MUE;18.06.1987 00:00;8.2;0;0
MUE;19.06.1987 00:00;4.1;0;0
MUE;20.06.1987 00:00;6.3;0;0
MUE;21.06.1987 00:00;10;0;0
MUE;22.06.1987 00:00;0;0;0
MUE;23.06.1987 00:00;0;0;0
MUE;24.06.1987 00:00;5.7;0;0
MUE;25.06.1987 00:00;0.4;0;0
MUE;26.06.1987 00:00;14;0;0
MUE;27.06.1987 00:00;0;0;0
MUE;28.06.1987 00:00;0;0;0
MUE;29.06.1987 00:00;0;0;0
MUE;30.06.1987 00:00;0;0;0
MUE;01.07.1987 00:00;9.3;0;0
MUE;02.07.1987 00:00;2.1;0;0
MUE;03.07.1987 00:00;8;0;0
MUE;04.07.1987 00:00;0;0;0
MUE;05.07.1987 00:00;0;0;0
MUE;06.07.1987 00:00;13.8;0;0
MUE;07.07.1987 00:00;6.7;0;0
MUE;08.07.1987 00:00;12.1;0;0
MUE;09.07.1987 00:00;0;0;0
MUE;10.07.1987 00:00;0;0;0
MUE;11.07.1987 00:00;0;0;0
MUE;12.07.1987 00:00;0;0;0
MUE;13.07.1987 00:00;0;0;0
MUE;14.07.1987 00:00;16.1;0;0
MUE;15.07.1987 00:00;4.2;0;0
MUE;16.07.1987 00:00;0;0;0
MUE;17.07.1987 00:00;7.7;0;0
MUE;18.07.1987 00:00;20.2;0;0
MUE;19.07.1987 00:00;1.7;0;0
MUE;20.07.1987 00:00;0;0;0
MUE;21.07.1987 00:00;0.7;0;0
MUE;22.07.1987 00:00;2;0;0
MUE;23.07.1987 00:00;0;0;0
MUE;24.07.1987 00:00;4.4;0;0
MUE;25.07.1987 00:00;17.1;0;0
MUE;26.07.1987 00:00;2.2;0;0
MUE;27.07.1987 00:00;42;0;0
MUE;28.07.1987 00:00;0;0;0
MUE;29.07.1987 00:00;0;0;0
MUE;30.07.1987 00:00;19.9;0;0
MUE;31.07.1987 00:00;0;0;0
MUE;01.08.1987 00:00;0;0;0
MUE;02.08.1987 00:00;1.1;0;0
MUE;03.08.1987 00:00;0;0;0
MUE;04.08.1987 00:00;9.5;0;0
MUE;05.08.1987 00:00;4.4;0;0
MUE;06.08.1987 00:00;0;0;0
MUE;07.08.1987 00:00;3.4;0;0
MUE;08.08.1987 00:00;0;0;0
MUE;09.08.1987 00:00;4.7;0;0
MUE;10.08.1987 00:00;0;0;0
MUE;11.08.1987 00:00;0;0;0
MUE;12.08.1987 00:00;0;0;0
MUE;13.08.1987 00:00;0;0;0
MUE;14.08.1987 00:00;0;0;0
MUE;15.08.1987 00:00;0;0;0
MUE;16.08.1987 00:00;0;0;0
MUE;17.08.1987 00:00;23.9;0;0
MUE;18.08.1987 00:00;0.7;0;0
MUE;19.08.1987 00:00;0;0;0
MUE;20.08.1987 00:00;0;0;0
MUE;21.08.1987 00:00;0;0;0
MUE;22.08.1987 00:00;0;0;0
MUE;23.08.1987 00:00;15.5;0;0
MUE;24.08.1987 00:00;45.5;0;0
MUE;25.08.1987 00:00;9.2;0;0
MUE;26.08.1987 00:00;0;0;0
MUE;27.08.1987 00:00;1;0;0
MUE;28.08.1987 00:00;0;0;0
MUE;29.08.1987 00:00;0;0;0
MUE;30.08.1987 00:00;0;0;0
MUE;31.08.1987 00:00;0;0;0
MUE;01.09.1987 00:00;7.6;0;0
MUE;02.09.1987 00:00;6.5;0;0
MUE;03.09.1987 00:00;1.5;0;0
MUE;04.09.1987 00:00;0.2;0;0
MUE;05.09.1987 00:00;19.3;0;0
MUE;06.09.1987 00:00;4;0;0
MUE;07.09.1987 00:00;0;0;0
MUE;08.09.1987 00:00;0;0;0
MUE;09.09.1987 00:00;0;0;0
MUE;10.09.1987 00:00;0;0;0
MUE;11.09.1987 00:00;0;0;0
MUE;12.09.1987 00:00;0;0;0
MUE;13.09.1987 00:00;0;0;0
MUE;14.09.1987 00:00;3;0;0
MUE;15.09.1987 00:00;0;0;0
MUE;16.09.1987 00:00;0;0;0
MUE;17.09.1987 00:00;0;0;0
MUE;18.09.1987 00:00;0;0;0
MUE;19.09.1987 00:00;0;0;0
MUE;20.09.1987 00:00;0;0;0
MUE;21.09.1987 00:00;0;0;0
MUE;22.09.1987 00:00;3.1;0;0
MUE;23.09.1987 00:00;2.5;0;0
MUE;24.09.1987 00:00;0;0;0
MUE;25.09.1987 00:00;7.4;0;0
MUE;26.09.1987 00:00;20.3;0;0
MUE;27.09.1987 00:00;0;0;0
MUE;28.09.1987 00:00;0;0;0
MUE;29.09.1987 00:00;0;0;0
MUE;30.09.1987 00:00;0;0;0
MUE;01.10.1987 00:00;0;0;0
MUE;02.10.1987 00:00;0;0;0
MUE;03.10.1987 00:00;0;0;0
MUE;04.10.1987 00:00;0;0;0
MUE;05.10.1987 00:00;0;0;0
MUE;06.10.1987 00:00;0;0;0
MUE;07.10.1987 00:00;0;0;0
MUE;08.10.1987 00:00;3.3;0;0
MUE;09.10.1987 00:00;0;0;0
MUE;10.10.1987 00:00;5.9;0;0
MUE;11.10.1987 00:00;42.6;0;0
MUE;12.10.1987 00:00;7.2;0;0
MUE;13.10.1987 00:00;0;0;0
MUE;14.10.1987 00:00;0.9;0;0
MUE;15.10.1987 00:00;0;0;0
MUE;16.10.1987 00:00;2;0;0
MUE;17.10.1987 00:00;6.8;0;0
MUE;18.10.1987 00:00;0;0;0
MUE;19.10.1987 00:00;0;0;0
MUE;20.10.1987 00:00;0;0;0
MUE;21.10.1987 00:00;9.9;0;0
MUE;22.10.1987 00:00;5.2;0;0
MUE;23.10.1987 00:00;0;0;0
MUE;24.10.1987 00:00;6.8;0;0
MUE;25.10.1987 00:00;4.5;0;0
MUE;26.10.1987 00:00;0;0;0
MUE;27.10.1987 00:00;0;0;0
MUE;28.10.1987 00:00;0;0;0
MUE;29.10.1987 00:00;0;0;0
MUE;30.10.1987 00:00;0;0;0
MUE;31.10.1987 00:00;0;0;0
MUE;01.11.1987 00:00;0;0;0
MUE;02.11.1987 00:00;0;0;0
MUE;03.11.1987 00:00;0;0;0
MUE;04.11.1987 00:00;0;0;0
MUE;05.11.1987 00:00;0;0;0
MUE;06.11.1987 00:00;0;0;0
MUE;07.11.1987 00:00;0;0;0
MUE;08.11.1987 00:00;0;0;0
MUE;09.11.1987 00:00;1.1;0;0
MUE;10.11.1987 00:00;5.2;0;0
MUE;11.11.1987 00:00;0.2;0;0
MUE;12.11.1987 00:00;5.7;0;0
MUE;13.11.1987 00:00;1.5;0;0
MUE;14.11.1987 00:00;2.1;2;0
MUE;15.11.1987 00:00;7.7;0;2
MUE;16.11.1987 00:00;9;0;0
MUE;17.11.1987 00:00;0;0;0
MUE;18.11.1987 00:00;0;0;0
MUE;19.11.1987 00:00;10;5;0
MUE;20.11.1987 00:00;21.3;23;5
MUE;21.11.1987 00:00;12.7;18;26
MUE;22.11.1987 00:00;0.5;0;31
MUE;23.11.1987 00:00;0;0;31
MUE;24.11.1987 00:00;16.9;13;23
MUE;25.11.1987 00:00;0;0;32
MUE;26.11.1987 00:00;0;0;28
MUE;27.11.1987 00:00;0.3;1;28
MUE;28.11.1987 00:00;2.6;3;28
MUE;29.11.1987 00:00;0;0;29
MUE;30.11.1987 00:00;0;0;28
MUE;01.12.1987 00:00;0;0;28
MUE;02.12.1987 00:00;0;0;26
MUE;03.12.1987 00:00;0;0;26
MUE;04.12.1987 00:00;0;0;25
MUE;05.12.1987 00:00;4.7;2;23
MUE;06.12.1987 00:00;6.5;2;22
MUE;07.12.1987 00:00;0;0;22
MUE;08.12.1987 00:00;0;0;22
MUE;09.12.1987 00:00;0;0;21
MUE;10.12.1987 00:00;0;0;21
MUE;11.12.1987 00:00;0;0;21
MUE;12.12.1987 00:00;0;0;19
MUE;13.12.1987 00:00;0;0;19
MUE;14.12.1987 00:00;0;0;19
MUE;15.12.1987 00:00;0.8;0;19
MUE;16.12.1987 00:00;6;0;18
MUE;17.12.1987 00:00;19.2;0;16
MUE;18.12.1987 00:00;16;0;12
MUE;19.12.1987 00:00;4.7;0;8
MUE;20.12.1987 00:00;0;0;6
MUE;21.12.1987 00:00;0;0;6
MUE;22.12.1987 00:00;0;0;0
MUE;23.12.1987 00:00;0;0;0
MUE;24.12.1987 00:00;0;0;0
MUE;25.12.1987 00:00;0;0;0
MUE;26.12.1987 00:00;0;0;0
MUE;27.12.1987 00:00;0;0;0
MUE;28.12.1987 00:00;0;0;0
MUE;29.12.1987 00:00;0;0;0
MUE;30.12.1987 00:00;0;0;0
MUE;31.12.1987 00:00;0;0;0
MUE;01.01.1988 00:00;1.6;0;0
MUE;02.01.1988 00:00;0;0;0
MUE;03.01.1988 00:00;7.2;6;0
MUE;04.01.1988 00:00;6;0;6
MUE;05.01.1988 00:00;0;0;3
MUE;06.01.1988 00:00;7.6;11;0
MUE;07.01.1988 00:00;2.9;5;11
MUE;08.01.1988 00:00;0;0;12
MUE;09.01.1988 00:00;0;0;10
MUE;10.01.1988 00:00;0.7;0;9
MUE;11.01.1988 00:00;3.5;3;8
MUE;12.01.1988 00:00;0;0;9
MUE;13.01.1988 00:00;0;0;6
MUE;14.01.1988 00:00;0;0;5
MUE;15.01.1988 00:00;0;0;5
MUE;16.01.1988 00:00;0;0;0
MUE;17.01.1988 00:00;0.9;0;0
MUE;18.01.1988 00:00;0;0;1
MUE;19.01.1988 00:00;0;0;0
MUE;20.01.1988 00:00;0.2;0;0
MUE;21.01.1988 00:00;8.5;8;0
MUE;22.01.1988 00:00;11.5;20;8
MUE;23.01.1988 00:00;0.9;2;28
MUE;24.01.1988 00:00;0;0;30
MUE;25.01.1988 00:00;6.2;5;30
MUE;26.01.1988 00:00;0;0;35
MUE;27.01.1988 00:00;0;0;30
MUE;28.01.1988 00:00;9.3;11;29
MUE;29.01.1988 00:00;2;3;31
MUE;30.01.1988 00:00;10.7;16;34
MUE;31.01.1988 00:00;7.7;8;50
MUE;01.02.1988 00:00;3.9;4;58
MUE;02.02.1988 00:00;0;0;59
MUE;03.02.1988 00:00;0;0;56
MUE;04.02.1988 00:00;0;0;50
MUE;05.02.1988 00:00;0.8;0;45
MUE;06.02.1988 00:00;18.4;27;44
MUE;07.02.1988 00:00;8.7;8;81
MUE;08.02.1988 00:00;19.7;13;88
MUE;09.02.1988 00:00;3.8;3;95
MUE;10.02.1988 00:00;7;7;80
MUE;11.02.1988 00:00;0.3;0;85
MUE;12.02.1988 00:00;15;12;85
MUE;13.02.1988 00:00;0;0;96
MUE;14.02.1988 00:00;0;0;90
MUE;15.02.1988 00:00;0;0;82
MUE;16.02.1988 00:00;0;0;80
MUE;17.02.1988 00:00;0;0;78
MUE;18.02.1988 00:00;0;0;75
MUE;19.02.1988 00:00;1.3;1;73
MUE;20.02.1988 00:00;0;0;74
MUE;21.02.1988 00:00;0;0;73
MUE;22.02.1988 00:00;0;0;72
MUE;23.02.1988 00:00;10.9;15;71
MUE;24.02.1988 00:00;10.9;19;85
MUE;25.02.1988 00:00;9.9;7;102
MUE;26.02.1988 00:00;1.4;3;100
MUE;27.02.1988 00:00;1.5;0;100
MUE;28.02.1988 00:00;7.9;9;100
MUE;29.02.1988 00:00;26.8;20;95
MUE;01.03.1988 00:00;5;6;120
MUE;02.03.1988 00:00;0.7;6;113
MUE;03.03.1988 00:00;0;0;11
MUE;04.03.1988 00:00;0;0;104
MUE;05.03.1988 00:00;7.5;10;100
MUE;06.03.1988 00:00;5.8;9;110
MUE;07.03.1988 00:00;26.2;18;115
MUE;08.03.1988 00:00;4.1;2;128
MUE;09.03.1988 00:00;0;0;127
MUE;10.03.1988 00:00;5.5;12;115
MUE;11.03.1988 00:00;8.8;2;125
MUE;12.03.1988 00:00;12.5;11;127
MUE;13.03.1988 00:00;0;0;138
MUE;14.03.1988 00:00;0;0;122
MUE;15.03.1988 00:00;7;0;120
MUE;16.03.1988 00:00;16.5;9;112
MUE;17.03.1988 00:00;10.7;5;120
MUE;18.03.1988 00:00;15.5;4;125
MUE;19.03.1988 00:00;1.7;0;125
MUE;20.03.1988 00:00;1.6;0;116
MUE;21.03.1988 00:00;22.7;11;104
MUE;22.03.1988 00:00;9;6;106
MUE;23.03.1988 00:00;24.8;12;110
MUE;24.03.1988 00:00;21.4;17;122
MUE;25.03.1988 00:00;6.2;5;132
MUE;26.03.1988 00:00;10.7;11;125
MUE;27.03.1988 00:00;22.4;22;135
MUE;28.03.1988 00:00;7.3;2;152
MUE;29.03.1988 00:00;0;0;138
MUE;30.03.1988 00:00;17.7;12;130
MUE;31.03.1988 00:00;7.6;10;140
MUE;01.04.1988 00:00;3.3;3;150
MUE;02.04.1988 00:00;0;0;140
MUE;03.04.1988 00:00;0;0;135
MUE;04.04.1988 00:00;0;0;126
MUE;05.04.1988 00:00;0;0;120
MUE;06.04.1988 00:00;0;0;110
MUE;07.04.1988 00:00;1.4;0;105
MUE;08.04.1988 00:00;2.4;0;100
MUE;09.04.1988 00:00;15.4;16;95
MUE;10.04.1988 00:00;0;0;105
MUE;11.04.1988 00:00;0;0;95
MUE;12.04.1988 00:00;10.5;3;90
MUE;13.04.1988 00:00;11.3;3;84
MUE;14.04.1988 00:00;0;0;85
MUE;15.04.1988 00:00;0;0;80
MUE;16.04.1988 00:00;0.3;0;72
MUE;17.04.1988 00:00;0;0;65
MUE;18.04.1988 00:00;0;0;59
MUE;19.04.1988 00:00;0.4;0;49
MUE;20.04.1988 00:00;9.7;0;40
MUE;21.04.1988 00:00;0;0;39
MUE;22.04.1988 00:00;0;0;30
MUE;23.04.1988 00:00;0;0;29
MUE;24.04.1988 00:00;0;0;26
MUE;25.04.1988 00:00;0.3;0;0
MUE;26.04.1988 00:00;1.2;0;0
MUE;27.04.1988 00:00;0;0;0
MUE;28.04.1988 00:00;6.9;1;0
MUE;29.04.1988 00:00;1.2;0;1
MUE;30.04.1988 00:00;0;0;0
MUE;01.05.1988 00:00;0;0;0
MUE;02.05.1988 00:00;3.1;0;0
MUE;03.05.1988 00:00;4.1;0;0
MUE;04.05.1988 00:00;0.5;0;0
MUE;05.05.1988 00:00;0;0;0
MUE;06.05.1988 00:00;0;0;0
MUE;07.05.1988 00:00;0;0;0
MUE;08.05.1988 00:00;0;0;0
MUE;09.05.1988 00:00;1.7;0;0
MUE;10.05.1988 00:00;6.5;0;0
MUE;11.05.1988 00:00;0;0;0
MUE;12.05.1988 00:00;0;0;0
MUE;13.05.1988 00:00;0;0;0
MUE;14.05.1988 00:00;0;0;0
MUE;15.05.1988 00:00;3.2;0;0
MUE;16.05.1988 00:00;1.4;0;0
MUE;17.05.1988 00:00;8.7;0;0
MUE;18.05.1988 00:00;10.2;0;0
MUE;19.05.1988 00:00;8.8;0;0
MUE;20.05.1988 00:00;13.2;0;0
MUE;21.05.1988 00:00;0.7;0;0
MUE;22.05.1988 00:00;0;0;0
MUE;23.05.1988 00:00;0.1;0;0
MUE;24.05.1988 00:00;0;0;0
MUE;25.05.1988 00:00;0.1;0;0
MUE;26.05.1988 00:00;1.3;0;0
MUE;27.05.1988 00:00;8.7;0;0
MUE;28.05.1988 00:00;2.4;0;0
MUE;29.05.1988 00:00;2.8;0;0
MUE;30.05.1988 00:00;4.9;0;0
MUE;31.05.1988 00:00;8.2;0;0
MUE;01.06.1988 00:00;2.6;0;0
MUE;02.06.1988 00:00;0;0;0
MUE;03.06.1988 00:00;1.3;0;0
MUE;04.06.1988 00:00;24.5;1;0
MUE;05.06.1988 00:00;24;2;1
MUE;06.06.1988 00:00;11.4;0;2
MUE;07.06.1988 00:00;1.7;0;0
MUE;08.06.1988 00:00;0;0;0
MUE;09.06.1988 00:00;0;0;0
MUE;10.06.1988 00:00;3.4;0;0
MUE;11.06.1988 00:00;11.2;0;0
MUE;12.06.1988 00:00;5.1;0;0
MUE;13.06.1988 00:00;0.3;0;0
MUE;14.06.1988 00:00;1.5;0;0
MUE;15.06.1988 00:00;0;0;0
MUE;16.06.1988 00:00;6.1;0;0
MUE;17.06.1988 00:00;0;0;0
MUE;18.06.1988 00:00;0;0;0
MUE;19.06.1988 00:00;0;0;0
MUE;20.06.1988 00:00;0.4;0;0
MUE;21.06.1988 00:00;0;0;0
MUE;22.06.1988 00:00;0;0;0
MUE;23.06.1988 00:00;0;0;0
MUE;24.06.1988 00:00;0;0;0
MUE;25.06.1988 00:00;0;0;0
MUE;26.06.1988 00:00;3.5;0;0
MUE;27.06.1988 00:00;7.9;0;0
MUE;28.06.1988 00:00;5.5;0;0
MUE;29.06.1988 00:00;5.6;0;0
MUE;30.06.1988 00:00;1;0;0
MUE;01.07.1988 00:00;3.4;0;0
MUE;02.07.1988 00:00;2.2;0;0
MUE;03.07.1988 00:00;14.1;0;0
MUE;04.07.1988 00:00;0.2;0;0
MUE;05.07.1988 00:00;15.4;0;0
MUE;06.07.1988 00:00;1;0;0
MUE;07.07.1988 00:00;8.2;0;0
MUE;08.07.1988 00:00;3.8;0;0
MUE;09.07.1988 00:00;0;0;0
MUE;10.07.1988 00:00;0;0;0
MUE;11.07.1988 00:00;0.8;0;0
MUE;12.07.1988 00:00;0.9;0;0
MUE;13.07.1988 00:00;11.3;0;0
MUE;14.07.1988 00:00;2;0;0
MUE;15.07.1988 00:00;3;0;0
MUE;16.07.1988 00:00;0;0;0
MUE;17.07.1988 00:00;0;0;0
MUE;18.07.1988 00:00;0;0;0
MUE;19.07.1988 00:00;0;0;0
MUE;20.07.1988 00:00;0;0;0
MUE;21.07.1988 00:00;0;0;0
MUE;22.07.1988 00:00;0;0;0
MUE;23.07.1988 00:00;0;0;0
MUE;24.07.1988 00:00;16.8;0;0
MUE;25.07.1988 00:00;0;0;0
MUE;26.07.1988 00:00;3;0;0
MUE;27.07.1988 00:00;9.5;0;0
MUE;28.07.1988 00:00;0;0;0
MUE;29.07.1988 00:00;15.2;0;0
MUE;30.07.1988 00:00;0;0;0
MUE;31.07.1988 00:00;0;0;0
MUE;01.08.1988 00:00;2.1;0;0
MUE;02.08.1988 00:00;7.8;0;0
MUE;03.08.1988 00:00;15.4;0;0
MUE;04.08.1988 00:00;2.9;0;0
MUE;05.08.1988 00:00;0;0;0
MUE;06.08.1988 00:00;0;0;0
MUE;07.08.1988 00:00;0;0;0
MUE;08.08.1988 00:00;0;0;0
MUE;09.08.1988 00:00;0;0;0
MUE;10.08.1988 00:00;0;0;0
MUE;11.08.1988 00:00;1.5;0;0
MUE;12.08.1988 00:00;9.1;0;0
MUE;13.08.1988 00:00;0;0;0
MUE;14.08.1988 00:00;0;0;0
MUE;15.08.1988 00:00;0.9;0;0
MUE;16.08.1988 00:00;9.6;0;0
MUE;17.08.1988 00:00;0;0;0
MUE;18.08.1988 00:00;0;0;0
MUE;19.08.1988 00:00;4.2;0;0
MUE;20.08.1988 00:00;21.7;0;0
MUE;21.08.1988 00:00;17.6;0;0
MUE;22.08.1988 00:00;2.5;0;0
MUE;23.08.1988 00:00;0;0;0
MUE;24.08.1988 00:00;2;0;0
MUE;25.08.1988 00:00;6.2;0;0
MUE;26.08.1988 00:00;2.9;0;0
MUE;27.08.1988 00:00;0;0;0
MUE;28.08.1988 00:00;10.7;0;0
MUE;29.08.1988 00:00;17.2;0;0
MUE;30.08.1988 00:00;0;0;0
MUE;31.08.1988 00:00;0;0;0
MUE;01.09.1988 00:00;14.5;0;0
MUE;02.09.1988 00:00;5.7;0;0
MUE;03.09.1988 00:00;3.1;0;0
MUE;04.09.1988 00:00;2.1;0;0
MUE;05.09.1988 00:00;0;0;0
MUE;06.09.1988 00:00;0;0;0
MUE;07.09.1988 00:00;0;0;0
MUE;08.09.1988 00:00;0;0;0
MUE;09.09.1988 00:00;0;0;0
MUE;10.09.1988 00:00;0;0;0
MUE;11.09.1988 00:00;0;0;0
MUE;12.09.1988 00:00;0;0;0
MUE;13.09.1988 00:00;14.4;2;0
MUE;14.09.1988 00:00;7.6;1;2
MUE;15.09.1988 00:00;4.2;0;1
MUE;16.09.1988 00:00;1;0;0
MUE;17.09.1988 00:00;0;0;0
MUE;18.09.1988 00:00;0;0;0
MUE;19.09.1988 00:00;0;0;0
MUE;20.09.1988 00:00;0;0;0
MUE;21.09.1988 00:00;0;0;0
MUE;22.09.1988 00:00;4.5;0;0
MUE;23.09.1988 00:00;0.8;0;0
MUE;24.09.1988 00:00;0;0;0
MUE;25.09.1988 00:00;0.1;0;0
MUE;26.09.1988 00:00;0;0;0
MUE;27.09.1988 00:00;0;0;0
MUE;28.09.1988 00:00;0;0;0
MUE;29.09.1988 00:00;0.4;0;0
MUE;30.09.1988 00:00;0.2;0;0
MUE;01.10.1988 00:00;0.1;0;0
MUE;02.10.1988 00:00;0;0;0
MUE;03.10.1988 00:00;3;0;0
MUE;04.10.1988 00:00;0;0;0
MUE;05.10.1988 00:00;7.5;0;0
MUE;06.10.1988 00:00;3.2;0;0
MUE;07.10.1988 00:00;7.2;3;0
MUE;08.10.1988 00:00;0;0;3
MUE;09.10.1988 00:00;23.1;0;0
MUE;10.10.1988 00:00;22.6;0;0
MUE;11.10.1988 00:00;6.2;0;0
MUE;12.10.1988 00:00;26.5;0;0
MUE;13.10.1988 00:00;2;0;0
MUE;14.10.1988 00:00;0.7;0;0
MUE;15.10.1988 00:00;0.3;0;0
MUE;16.10.1988 00:00;1.5;0;0
MUE;17.10.1988 00:00;0;0;0
MUE;18.10.1988 00:00;1;0;0
MUE;19.10.1988 00:00;14;0;0
MUE;20.10.1988 00:00;25;0;0
MUE;21.10.1988 00:00;0;0;2
MUE;22.10.1988 00:00;0;0;0
MUE;23.10.1988 00:00;0;0;0
MUE;24.10.1988 00:00;0;0;0
MUE;25.10.1988 00:00;0;0;0
MUE;26.10.1988 00:00;0;0;0
MUE;27.10.1988 00:00;0;0;0
MUE;28.10.1988 00:00;0;0;0
MUE;29.10.1988 00:00;6.3;0;0
MUE;30.10.1988 00:00;0;0;0
MUE;31.10.1988 00:00;0;0;0
MUE;01.11.1988 00:00;0;0;0
MUE;02.11.1988 00:00;0.9;0;0
MUE;03.11.1988 00:00;0;0;0
MUE;04.11.1988 00:00;0;0;0
MUE;05.11.1988 00:00;0;0;0
MUE;06.11.1988 00:00;0;0;0
MUE;07.11.1988 00:00;0;0;0
MUE;08.11.1988 00:00;0;0;0
MUE;09.11.1988 00:00;7.7;0;0
MUE;10.11.1988 00:00;1;0;0
MUE;11.11.1988 00:00;0;0;0
MUE;12.11.1988 00:00;1.1;0;0
MUE;13.11.1988 00:00;9.7;0;0
MUE;14.11.1988 00:00;0;0;0
MUE;15.11.1988 00:00;0;0;0
MUE;16.11.1988 00:00;0;0;0
MUE;17.11.1988 00:00;0;0;0
MUE;18.11.1988 00:00;9.8;6;0
MUE;19.11.1988 00:00;1.8;1;6
MUE;20.11.1988 00:00;7.6;9;7
MUE;21.11.1988 00:00;5;9;16
MUE;22.11.1988 00:00;2.7;2;25
MUE;23.11.1988 00:00;0;0;26
MUE;24.11.1988 00:00;0;0;10
MUE;25.11.1988 00:00;0;0;10
MUE;26.11.1988 00:00;0;0;10
MUE;27.11.1988 00:00;0;0;8
MUE;28.11.1988 00:00;0;0;5
MUE;29.11.1988 00:00;8.1;0;5
MUE;30.11.1988 00:00;1.1;0;2
MUE;01.12.1988 00:00;0;0;2
MUE;02.12.1988 00:00;11.9;12;2
MUE;03.12.1988 00:00;0.3;0;13
MUE;04.12.1988 00:00;28.6;0;12
MUE;05.12.1988 00:00;7.5;4;8
MUE;06.12.1988 00:00;13;11;7
MUE;07.12.1988 00:00;8;12;15
MUE;08.12.1988 00:00;2.6;3;26
MUE;09.12.1988 00:00;8.8;13;24
MUE;10.12.1988 00:00;24.9;10;37
MUE;11.12.1988 00:00;0;0;40
MUE;12.12.1988 00:00;14.1;11;37
MUE;13.12.1988 00:00;0;0;48
MUE;14.12.1988 00:00;1.2;2;47
MUE;15.12.1988 00:00;0;0;41
MUE;16.12.1988 00:00;0;0;40
MUE;17.12.1988 00:00;0;0;40
MUE;18.12.1988 00:00;0;0;39
MUE;19.12.1988 00:00;27.7;16;36
MUE;20.12.1988 00:00;3.3;6;52
MUE;21.12.1988 00:00;0;0;50
MUE;22.12.1988 00:00;0;0;45
MUE;23.12.1988 00:00;0;0;44
MUE;24.12.1988 00:00;0;0;40
MUE;25.12.1988 00:00;0;0;40
MUE;26.12.1988 00:00;0;0;39
MUE;27.12.1988 00:00;0;0;38
MUE;28.12.1988 00:00;0;0;34
MUE;29.12.1988 00:00;0;0;33
MUE;30.12.1988 00:00;0;0;30
MUE;31.12.1988 00:00;0;0;29
MUE;01.01.1989 00:00;0;0;29
MUE;02.01.1989 00:00;0;0;28
MUE;03.01.1989 00:00;0;0;28
MUE;04.01.1989 00:00;0;0;28
MUE;05.01.1989 00:00;6.7;5;27
MUE;06.01.1989 00:00;4.2;1;32
MUE;07.01.1989 00:00;0;0;33
MUE;08.01.1989 00:00;0;0;33
MUE;09.01.1989 00:00;0;0;32
MUE;10.01.1989 00:00;0;0;31
MUE;11.01.1989 00:00;0;0;30
MUE;12.01.1989 00:00;0.8;1;30
MUE;13.01.1989 00:00;0;0;30
MUE;14.01.1989 00:00;0;0;29
MUE;15.01.1989 00:00;0;0;29
MUE;16.01.1989 00:00;0;0;28
MUE;17.01.1989 00:00;0;0;27
MUE;18.01.1989 00:00;0;0;26
MUE;19.01.1989 00:00;0;0;26
MUE;20.01.1989 00:00;0;0;25
MUE;21.01.1989 00:00;2.1;3;25
MUE;22.01.1989 00:00;0;0;28
MUE;23.01.1989 00:00;0;0;26
MUE;24.01.1989 00:00;0;0;25
MUE;25.01.1989 00:00;0;0;25
MUE;26.01.1989 00:00;0;0;24
MUE;27.01.1989 00:00;0;0;24
MUE;28.01.1989 00:00;0;0;24
MUE;29.01.1989 00:00;0;0;23
MUE;30.01.1989 00:00;0;0;22
MUE;31.01.1989 00:00;0;0;21
MUE;01.02.1989 00:00;0;0;21
MUE;02.02.1989 00:00;0;0;20
MUE;03.02.1989 00:00;0;0;19
MUE;04.02.1989 00:00;0;0;18
MUE;05.02.1989 00:00;0;0;17
MUE;06.02.1989 00:00;0;0;15
MUE;07.02.1989 00:00;0;0;14
MUE;08.02.1989 00:00;0;0;13
MUE;09.02.1989 00:00;0;0;13
MUE;10.02.1989 00:00;0;0;12
MUE;11.02.1989 00:00;0;0;12
MUE;12.02.1989 00:00;6.4;6;11
MUE;13.02.1989 00:00;3.1;2;14
MUE;14.02.1989 00:00;11.5;5;11
MUE;15.02.1989 00:00;0;0;13
MUE;16.02.1989 00:00;9.8;8;8
MUE;17.02.1989 00:00;0;0;16
MUE;18.02.1989 00:00;13.6;0;15
MUE;19.02.1989 00:00;0;0;6
MUE;20.02.1989 00:00;0;0;5
MUE;21.02.1989 00:00;6.3;0;5
MUE;22.02.1989 00:00;0;0;5
MUE;23.02.1989 00:00;0;0;5
MUE;24.02.1989 00:00;0.6;1;5
MUE;25.02.1989 00:00;0.8;1;6
MUE;26.02.1989 00:00;0;0;6
MUE;27.02.1989 00:00;4.8;4;3
MUE;28.02.1989 00:00;3.4;3;7
MUE;01.03.1989 00:00;0;0;10
MUE;02.03.1989 00:00;5.2;4;9
MUE;03.03.1989 00:00;24;19;11
MUE;04.03.1989 00:00;0;0;29
MUE;05.03.1989 00:00;0;0;18
MUE;06.03.1989 00:00;0;0;13
MUE;07.03.1989 00:00;4.5;2;10
MUE;08.03.1989 00:00;3;4;10
MUE;09.03.1989 00:00;0;0;14
MUE;10.03.1989 00:00;0;0;11
MUE;11.03.1989 00:00;0;0;10
MUE;12.03.1989 00:00;0;0;9
MUE;13.03.1989 00:00;12.3;5;3
MUE;14.03.1989 00:00;0;0;5
MUE;15.03.1989 00:00;11.7;0;4
MUE;16.03.1989 00:00;0.7;0;0
MUE;17.03.1989 00:00;13.1;8;0
MUE;18.03.1989 00:00;1;1;7
MUE;19.03.1989 00:00;0;0;6
MUE;20.03.1989 00:00;5.5;3;0
MUE;21.03.1989 00:00;3.6;1;3
MUE;22.03.1989 00:00;0.9;1;1
MUE;23.03.1989 00:00;5.5;1;1
MUE;24.03.1989 00:00;0;0;2
MUE;25.03.1989 00:00;0;0;1
MUE;26.03.1989 00:00;0;0;1
MUE;27.03.1989 00:00;0;0;0
MUE;28.03.1989 00:00;0;0;0
MUE;29.03.1989 00:00;0;0;0
MUE;30.03.1989 00:00;0;0;0
MUE;31.03.1989 00:00;0;0;0
MUE;01.04.1989 00:00;8.7;0;0
MUE;02.04.1989 00:00;0;0;0
MUE;03.04.1989 00:00;0;0;0
MUE;04.04.1989 00:00;26.4;42;0
MUE;05.04.1989 00:00;12.3;4;42
MUE;06.04.1989 00:00;1.8;1;31
MUE;07.04.1989 00:00;0;0;13
MUE;08.04.1989 00:00;2.6;2;5
MUE;09.04.1989 00:00;0;0;5
MUE;10.04.1989 00:00;0;0;3
MUE;11.04.1989 00:00;0;0;0
MUE;12.04.1989 00:00;32.5;36;0
MUE;13.04.1989 00:00;33.4;21;36
MUE;14.04.1989 00:00;22.4;22;49
MUE;15.04.1989 00:00;0.4;0;55
MUE;16.04.1989 00:00;17.8;16;35
MUE;17.04.1989 00:00;12;7;38
MUE;18.04.1989 00:00;2.2;0;32
MUE;19.04.1989 00:00;0.4;0;23
MUE;20.04.1989 00:00;2.5;0;20
MUE;21.04.1989 00:00;9.5;12;10
MUE;22.04.1989 00:00;1.5;2;16
MUE;23.04.1989 00:00;0;0;19
MUE;24.04.1989 00:00;0;0;7
MUE;25.04.1989 00:00;0;0;0
MUE;26.04.1989 00:00;12;9;0
MUE;27.04.1989 00:00;4.1;0;9
MUE;28.04.1989 00:00;4;4;2
MUE;29.04.1989 00:00;0.4;0;8
MUE;30.04.1989 00:00;1.1;0;9
MUE;01.05.1989 00:00;0;0;7
MUE;02.05.1989 00:00;0;0;0
MUE;03.05.1989 00:00;0;0;0
MUE;04.05.1989 00:00;0;0;0
MUE;05.05.1989 00:00;0;0;0
MUE;06.05.1989 00:00;0;0;0
MUE;07.05.1989 00:00;0;0;0
MUE;08.05.1989 00:00;0;0;0
MUE;09.05.1989 00:00;0.1;0;0
MUE;10.05.1989 00:00;8.1;0;0
MUE;11.05.1989 00:00;2.3;0;0
MUE;12.05.1989 00:00;4.9;0;0
MUE;13.05.1989 00:00;9.9;0;0
MUE;14.05.1989 00:00;11;6;0
MUE;15.05.1989 00:00;0.8;0;6
MUE;16.05.1989 00:00;0;0;0
MUE;17.05.1989 00:00;0;0;0
MUE;18.05.1989 00:00;0.8;0;0
MUE;19.05.1989 00:00;0;0;0
MUE;20.05.1989 00:00;0;0;0
MUE;21.05.1989 00:00;0;0;0
MUE;22.05.1989 00:00;0;0;0
MUE;23.05.1989 00:00;3.1;0;0
MUE;24.05.1989 00:00;0;0;0
MUE;25.05.1989 00:00;0.3;0;0
MUE;26.05.1989 00:00;2;0;0
MUE;27.05.1989 00:00;0;0;0
MUE;28.05.1989 00:00;3.7;0;0
MUE;29.05.1989 00:00;5;0;0
MUE;30.05.1989 00:00;8;0;0
MUE;31.05.1989 00:00;1.6;0;0
MUE;01.06.1989 00:00;9.9;0;0
MUE;02.06.1989 00:00;3.9;0;0
MUE;03.06.1989 00:00;6.8;0;0
MUE;04.06.1989 00:00;12.7;3;0
MUE;05.06.1989 00:00;3.9;0;3
MUE;06.06.1989 00:00;2.4;0;0
MUE;07.06.1989 00:00;3.5;0;0
MUE;08.06.1989 00:00;0;0;0
MUE;09.06.1989 00:00;0;0;0
MUE;10.06.1989 00:00;7;0;0
MUE;11.06.1989 00:00;0;0;0
MUE;12.06.1989 00:00;0;0;0
MUE;13.06.1989 00:00;7.4;0;0
MUE;14.06.1989 00:00;0;0;0
MUE;15.06.1989 00:00;0;0;0
MUE;16.06.1989 00:00;0;0;0
MUE;17.06.1989 00:00;0;0;0
MUE;18.06.1989 00:00;0;0;0
MUE;19.06.1989 00:00;0;0;0
MUE;20.06.1989 00:00;0;0;0
MUE;21.06.1989 00:00;0.9;0;0
MUE;22.06.1989 00:00;10.4;0;0
MUE;23.06.1989 00:00;7.6;0;0
MUE;24.06.1989 00:00;0;0;0
MUE;25.06.1989 00:00;0;0;0
MUE;26.06.1989 00:00;10.6;0;0
MUE;27.06.1989 00:00;7.5;0;0
MUE;28.06.1989 00:00;0.4;0;0
MUE;29.06.1989 00:00;6.1;0;0
MUE;30.06.1989 00:00;6.5;0;0
MUE;01.07.1989 00:00;35.3;0;0
MUE;02.07.1989 00:00;17.2;0;0
MUE;03.07.1989 00:00;9.5;0;0
MUE;04.07.1989 00:00;0.6;0;0
MUE;05.07.1989 00:00;0;0;0
MUE;06.07.1989 00:00;2;0;0
MUE;07.07.1989 00:00;15.7;0;0
MUE;08.07.1989 00:00;3.6;0;0
MUE;09.07.1989 00:00;4.3;0;0
MUE;10.07.1989 00:00;10;0;0
MUE;11.07.1989 00:00;14.1;0;0
MUE;12.07.1989 00:00;1.1;0;0
MUE;13.07.1989 00:00;0.3;0;0
MUE;14.07.1989 00:00;0.5;0;0
MUE;15.07.1989 00:00;0;0;0
MUE;16.07.1989 00:00;0.5;0;0
MUE;17.07.1989 00:00;0;0;0
MUE;18.07.1989 00:00;0;0;0
MUE;19.07.1989 00:00;0;0;0
MUE;20.07.1989 00:00;0;0;0
MUE;21.07.1989 00:00;0;0;0
MUE;22.07.1989 00:00;11.1;0;0
MUE;23.07.1989 00:00;11.7;0;0
MUE;24.07.1989 00:00;17.5;0;0
MUE;25.07.1989 00:00;23.1;0;0
MUE;26.07.1989 00:00;0;0;0
MUE;27.07.1989 00:00;34.2;0;0
MUE;28.07.1989 00:00;0;0;0
MUE;29.07.1989 00:00;0;0;0
MUE;30.07.1989 00:00;0;0;0
MUE;31.07.1989 00:00;35.3;0;0
MUE;01.08.1989 00:00;14.2;0;0
MUE;02.08.1989 00:00;0;0;0
MUE;03.08.1989 00:00;0;0;0
MUE;04.08.1989 00:00;0;0;0
MUE;05.08.1989 00:00;6.2;0;0
MUE;06.08.1989 00:00;3.3;0;0
MUE;07.08.1989 00:00;10.3;0;0
MUE;08.08.1989 00:00;44.9;0;0
MUE;09.08.1989 00:00;0;0;0
MUE;10.08.1989 00:00;14.1;0;0
MUE;11.08.1989 00:00;1.1;0;0
MUE;12.08.1989 00:00;0;0;0
MUE;13.08.1989 00:00;0.9;0;0
MUE;14.08.1989 00:00;12.9;0;0
MUE;15.08.1989 00:00;0;0;0
MUE;16.08.1989 00:00;28.6;0;0
MUE;17.08.1989 00:00;7.2;0;0
MUE;18.08.1989 00:00;0;0;0
MUE;19.08.1989 00:00;0;0;0
MUE;20.08.1989 00:00;1.9;0;0
MUE;21.08.1989 00:00;0;0;0
MUE;22.08.1989 00:00;1.8;0;0
MUE;23.08.1989 00:00;0;0;0
MUE;24.08.1989 00:00;0;0;0
MUE;25.08.1989 00:00;0;0;0
MUE;26.08.1989 00:00;5.5;0;0
MUE;27.08.1989 00:00;29.7;0;0
MUE;28.08.1989 00:00;10.9;0;0
MUE;29.08.1989 00:00;0;0;0
MUE;30.08.1989 00:00;0;0;0
MUE;31.08.1989 00:00;0;0;0
MUE;01.09.1989 00:00;12.3;0;0
MUE;02.09.1989 00:00;33.3;0;0
MUE;03.09.1989 00:00;15.9;0;0
MUE;04.09.1989 00:00;4.1;0;0
MUE;05.09.1989 00:00;0;0;0
MUE;06.09.1989 00:00;0;0;0
MUE;07.09.1989 00:00;0;0;0
MUE;08.09.1989 00:00;0;0;0
MUE;09.09.1989 00:00;0;0;0
MUE;10.09.1989 00:00;0;0;0
MUE;11.09.1989 00:00;4.1;0;0
MUE;12.09.1989 00:00;2.4;0;0
MUE;13.09.1989 00:00;9.2;0;0
MUE;14.09.1989 00:00;1.5;0;0
MUE;15.09.1989 00:00;4.1;0;0
MUE;16.09.1989 00:00;0;0;0
MUE;17.09.1989 00:00;0;0;0
MUE;18.09.1989 00:00;0;0;0
MUE;19.09.1989 00:00;0;0;0
MUE;20.09.1989 00:00;0;0;0
MUE;21.09.1989 00:00;0;0;0
MUE;22.09.1989 00:00;0;0;0
MUE;23.09.1989 00:00;4.4;0;0
MUE;24.09.1989 00:00;0;0;0
MUE;25.09.1989 00:00;33.9;0;0
MUE;26.09.1989 00:00;0;0;0
MUE;27.09.1989 00:00;2.3;0;0
MUE;28.09.1989 00:00;0;0;0
MUE;29.09.1989 00:00;1.3;0;0
MUE;30.09.1989 00:00;0;0;0
MUE;01.10.1989 00:00;0;0;0
MUE;02.10.1989 00:00;0;0;0
MUE;03.10.1989 00:00;0;0;0
MUE;04.10.1989 00:00;0;0;0
MUE;05.10.1989 00:00;0;0;0
MUE;06.10.1989 00:00;15.9;0;0
MUE;07.10.1989 00:00;24.2;3;0
MUE;08.10.1989 00:00;16.5;11;5
MUE;09.10.1989 00:00;3.5;3;18
MUE;10.10.1989 00:00;0.8;0;8
MUE;11.10.1989 00:00;0;0;8
MUE;12.10.1989 00:00;0;0;3
MUE;13.10.1989 00:00;0;0;0
MUE;14.10.1989 00:00;11.4;2;0
MUE;15.10.1989 00:00;0;0;2
MUE;16.10.1989 00:00;0;0;0
MUE;17.10.1989 00:00;0;0;0
MUE;18.10.1989 00:00;0;0;0
MUE;19.10.1989 00:00;0;0;0
MUE;20.10.1989 00:00;0;0;0
MUE;21.10.1989 00:00;0;0;0
MUE;22.10.1989 00:00;0;0;0
MUE;23.10.1989 00:00;0;0;0
MUE;24.10.1989 00:00;0;0;0
MUE;25.10.1989 00:00;0;0;0
MUE;26.10.1989 00:00;0;0;0
MUE;27.10.1989 00:00;0;0;0
MUE;28.10.1989 00:00;2.9;0;0
MUE;29.10.1989 00:00;5.4;0;0
MUE;30.10.1989 00:00;7.8;0;0
MUE;31.10.1989 00:00;0;0;0
MUE;01.11.1989 00:00;0;0;0
MUE;02.11.1989 00:00;0;0;0
MUE;03.11.1989 00:00;14.8;8;0
MUE;04.11.1989 00:00;4.2;0;8
MUE;05.11.1989 00:00;13.5;8;7
MUE;06.11.1989 00:00;5.6;4;7
MUE;07.11.1989 00:00;0;0;13
MUE;08.11.1989 00:00;2.1;1;7
MUE;09.11.1989 00:00;0;0;3
MUE;10.11.1989 00:00;0;0;3
MUE;11.11.1989 00:00;0;0;2
MUE;12.11.1989 00:00;0;0;1
MUE;13.11.1989 00:00;0;0;0
MUE;14.11.1989 00:00;0;0;0
MUE;15.11.1989 00:00;0;0;0
MUE;16.11.1989 00:00;0;0;0
MUE;17.11.1989 00:00;0;0;0
MUE;18.11.1989 00:00;0;0;0
MUE;19.11.1989 00:00;0;0;0
MUE;20.11.1989 00:00;0;0;0
MUE;21.11.1989 00:00;0;0;0
MUE;22.11.1989 00:00;0.7;1;0
MUE;23.11.1989 00:00;0;0;1
MUE;24.11.1989 00:00;0;0;0
MUE;25.11.1989 00:00;0;0;0
MUE;26.11.1989 00:00;0;0;0
MUE;27.11.1989 00:00;0;0;0
MUE;28.11.1989 00:00;0;0;0
MUE;29.11.1989 00:00;0;0;0
MUE;30.11.1989 00:00;0;0;0
MUE;01.12.1989 00:00;0;0;0
MUE;02.12.1989 00:00;0;0;0
MUE;03.12.1989 00:00;0;0;0
MUE;04.12.1989 00:00;0;0;0
MUE;05.12.1989 00:00;0;0;0
MUE;06.12.1989 00:00;0;0;0
MUE;07.12.1989 00:00;0;0;0
MUE;08.12.1989 00:00;0;0;0
MUE;09.12.1989 00:00;0;0;0
MUE;10.12.1989 00:00;0;0;0
MUE;11.12.1989 00:00;0;0;0
MUE;12.12.1989 00:00;1.9;2;0
MUE;13.12.1989 00:00;2;0;0
MUE;14.12.1989 00:00;1;0;0
MUE;15.12.1989 00:00;7.7;0;0
MUE;16.12.1989 00:00;0.3;0;0
MUE;17.12.1989 00:00;9.2;0;0
MUE;18.12.1989 00:00;8.5;0;0
MUE;19.12.1989 00:00;2.2;0;0
MUE;20.12.1989 00:00;0;0;2
MUE;21.12.1989 00:00;0.4;0;0
MUE;22.12.1989 00:00;11.4;4;0
MUE;23.12.1989 00:00;3.4;6;4
MUE;24.12.1989 00:00;0;0;10
MUE;25.12.1989 00:00;0;0;7
MUE;26.12.1989 00:00;0;0;5
MUE;27.12.1989 00:00;0;0;4
MUE;28.12.1989 00:00;0;0;3
MUE;29.12.1989 00:00;0;0;3
MUE;30.12.1989 00:00;0;0;3
MUE;31.12.1989 00:00;0;0;3
MUE;01.01.1990 00:00;0;0;3
MUE;02.01.1990 00:00;0;0;3
MUE;03.01.1990 00:00;0;0;3
MUE;04.01.1990 00:00;0;0;3
MUE;05.01.1990 00:00;0;0;2
MUE;06.01.1990 00:00;0;0;2
MUE;07.01.1990 00:00;0;0;2
MUE;08.01.1990 00:00;0;0;2
MUE;09.01.1990 00:00;0;0;2
MUE;10.01.1990 00:00;0;0;2
MUE;11.01.1990 00:00;0;0;2
MUE;12.01.1990 00:00;0;0;2
MUE;13.01.1990 00:00;0;0;2
MUE;14.01.1990 00:00;0;0;2
MUE;15.01.1990 00:00;0;0;2
MUE;16.01.1990 00:00;0;0;2
MUE;17.01.1990 00:00;0;0;1
MUE;18.01.1990 00:00;0;0;1
MUE;19.01.1990 00:00;0;0;1
MUE;20.01.1990 00:00;0;0;1
MUE;21.01.1990 00:00;0;0;1
MUE;22.01.1990 00:00;0;0;1
MUE;23.01.1990 00:00;0.1;0;1
MUE;24.01.1990 00:00;0.2;0;1
MUE;25.01.1990 00:00;7;5;1
MUE;26.01.1990 00:00;3;5;5
MUE;27.01.1990 00:00;0;0;7
MUE;28.01.1990 00:00;4.6;7;4
MUE;29.01.1990 00:00;0;0;11
MUE;30.01.1990 00:00;0;0;8
MUE;31.01.1990 00:00;0;0;6
MUE;01.02.1990 00:00;0;0;5
MUE;02.02.1990 00:00;1.6;3;5
MUE;03.02.1990 00:00;1.1;1;8
MUE;04.02.1990 00:00;0;0;6
MUE;05.02.1990 00:00;0;0;4
MUE;06.02.1990 00:00;0;0;3
MUE;07.02.1990 00:00;0;0;3
MUE;08.02.1990 00:00;0;0;2
MUE;09.02.1990 00:00;0;0;1
MUE;10.02.1990 00:00;6.3;6;1
MUE;11.02.1990 00:00;3.8;4;7
MUE;12.02.1990 00:00;5.9;6;11
MUE;13.02.1990 00:00;38.4;14;17
MUE;14.02.1990 00:00;38.7;0;25
MUE;15.02.1990 00:00;15.5;1;16
MUE;16.02.1990 00:00;13;1;14
MUE;17.02.1990 00:00;0;0;20
MUE;18.02.1990 00:00;0;0;15
MUE;19.02.1990 00:00;0;0;13
MUE;20.02.1990 00:00;0;0;12
MUE;21.02.1990 00:00;0;0;10
MUE;22.02.1990 00:00;0;0;6
MUE;23.02.1990 00:00;0;0;5
MUE;24.02.1990 00:00;0;0;3
MUE;25.02.1990 00:00;0;0;2
MUE;26.02.1990 00:00;4.6;0;1
MUE;27.02.1990 00:00;19.7;18;1
MUE;28.02.1990 00:00;19.1;7;18
MUE;01.03.1990 00:00;13.4;16;20
MUE;02.03.1990 00:00;9.3;11;36
MUE;03.03.1990 00:00;0;0;39
MUE;04.03.1990 00:00;0;0;32
MUE;05.03.1990 00:00;0;0;26
MUE;06.03.1990 00:00;0;0;18
MUE;07.03.1990 00:00;0;0;16
MUE;08.03.1990 00:00;5.1;1;16
MUE;09.03.1990 00:00;1.1;0;15
MUE;10.03.1990 00:00;0;0;14
MUE;11.03.1990 00:00;0;0;14
MUE;12.03.1990 00:00;0;0;13
MUE;13.03.1990 00:00;0;0;13
MUE;14.03.1990 00:00;9.9;0;10
MUE;15.03.1990 00:00;0;0;7
MUE;16.03.1990 00:00;0;0;7
MUE;17.03.1990 00:00;0;0;6
MUE;18.03.1990 00:00;0;0;6
MUE;19.03.1990 00:00;0;0;5
MUE;20.03.1990 00:00;11.5;0;3
MUE;21.03.1990 00:00;0;0;1
MUE;22.03.1990 00:00;9.6;0;1
MUE;23.03.1990 00:00;5.9;0;0
MUE;24.03.1990 00:00;0;0;0
MUE;25.03.1990 00:00;7.5;7;0
MUE;26.03.1990 00:00;5.7;8;7
MUE;27.03.1990 00:00;8.5;4;14
MUE;28.03.1990 00:00;2.2;1;13
MUE;29.03.1990 00:00;0;0;13
MUE;30.03.1990 00:00;0;0;13
MUE;31.03.1990 00:00;0;0;7
MUE;01.04.1990 00:00;0;0;1
MUE;02.04.1990 00:00;0;0;1
MUE;03.04.1990 00:00;10;4;0
MUE;04.04.1990 00:00;0;0;4
MUE;05.04.1990 00:00;0.7;0;3
MUE;06.04.1990 00:00;0;0;1
MUE;07.04.1990 00:00;13.1;0;0
MUE;08.04.1990 00:00;3.4;2;0
MUE;09.04.1990 00:00;1.8;1;2
MUE;10.04.1990 00:00;1.7;1;1
MUE;11.04.1990 00:00;27.1;28;1
MUE;12.04.1990 00:00;2.5;1;31
MUE;13.04.1990 00:00;0.2;0;15
MUE;14.04.1990 00:00;5.9;2;5
MUE;15.04.1990 00:00;9;2;7
MUE;16.04.1990 00:00;0.3;0;14
MUE;17.04.1990 00:00;14.4;15;4
MUE;18.04.1990 00:00;6.3;4;20
MUE;19.04.1990 00:00;0.2;0;20
MUE;20.04.1990 00:00;0;0;8
MUE;21.04.1990 00:00;0;0;6
MUE;22.04.1990 00:00;2.7;2;4
MUE;23.04.1990 00:00;2.4;0;3
MUE;24.04.1990 00:00;0.7;0;0
MUE;25.04.1990 00:00;3.6;0;0
MUE;26.04.1990 00:00;2.5;0;0
MUE;27.04.1990 00:00;0.3;0;0
MUE;28.04.1990 00:00;0;0;0
MUE;29.04.1990 00:00;0;0;0
MUE;30.04.1990 00:00;0;0;0
MUE;01.05.1990 00:00;0;0;0
MUE;02.05.1990 00:00;0;0;0
MUE;03.05.1990 00:00;0;0;0
MUE;04.05.1990 00:00;0.3;0;0
MUE;05.05.1990 00:00;12.5;0;0
MUE;06.05.1990 00:00;1.3;0;0
MUE;07.05.1990 00:00;5.7;0;0
MUE;08.05.1990 00:00;1.4;0;0
MUE;09.05.1990 00:00;1.7;0;0
MUE;10.05.1990 00:00;17.4;0;0
MUE;11.05.1990 00:00;7.5;0;0
MUE;12.05.1990 00:00;0;0;0
MUE;13.05.1990 00:00;6.1;0;0
MUE;14.05.1990 00:00;1.4;0;0
MUE;15.05.1990 00:00;5.2;0;0
MUE;16.05.1990 00:00;2.1;0;0
MUE;17.05.1990 00:00;1.7;0;0
MUE;18.05.1990 00:00;3.9;0;0
MUE;19.05.1990 00:00;11;0;0
MUE;20.05.1990 00:00;2;0;0
MUE;21.05.1990 00:00;6.4;0;0
MUE;22.05.1990 00:00;7;0;0
MUE;23.05.1990 00:00;0;0;0
MUE;24.05.1990 00:00;26.8;0;0
MUE;25.05.1990 00:00;9.4;0;0
MUE;26.05.1990 00:00;0;0;0
MUE;27.05.1990 00:00;0;0;0
MUE;28.05.1990 00:00;0.4;0;0
MUE;29.05.1990 00:00;0;0;0
MUE;30.05.1990 00:00;0;0;0
MUE;31.05.1990 00:00;0;0;0
MUE;01.06.1990 00:00;0;0;0
MUE;02.06.1990 00:00;9;0;0
MUE;03.06.1990 00:00;10.3;0;0
MUE;04.06.1990 00:00;5;0;0
MUE;05.06.1990 00:00;20.7;0;0
MUE;06.06.1990 00:00;2;0;0
MUE;07.06.1990 00:00;10.6;0;0
MUE;08.06.1990 00:00;20.6;0;0
MUE;09.06.1990 00:00;12.6;4;0
MUE;10.06.1990 00:00;4.3;0;4
MUE;11.06.1990 00:00;5.2;0;0
MUE;12.06.1990 00:00;22.8;0;0
MUE;13.06.1990 00:00;6.5;0;0
MUE;14.06.1990 00:00;2.5;0;0
MUE;15.06.1990 00:00;4;0;0
MUE;16.06.1990 00:00;0.8;0;0
MUE;17.06.1990 00:00;1.5;0;0
MUE;18.06.1990 00:00;4.7;0;0
MUE;19.06.1990 00:00;0;0;0
MUE;20.06.1990 00:00;15.3;0;0
MUE;21.06.1990 00:00;1.2;0;0
MUE;22.06.1990 00:00;5.4;0;0
MUE;23.06.1990 00:00;0;0;0
MUE;24.06.1990 00:00;0;0;0
MUE;25.06.1990 00:00;0;0;0
MUE;26.06.1990 00:00;3;0;0
MUE;27.06.1990 00:00;11.2;0;0
MUE;28.06.1990 00:00;0.6;0;0
MUE;29.06.1990 00:00;6.9;0;0
MUE;30.06.1990 00:00;17.7;0;0
MUE;01.07.1990 00:00;0;0;0
MUE;02.07.1990 00:00;0;0;0
MUE;03.07.1990 00:00;22.9;0;0
MUE;04.07.1990 00:00;0;0;0
MUE;05.07.1990 00:00;14.3;0;0
MUE;06.07.1990 00:00;1.9;0;0
MUE;07.07.1990 00:00;8.8;0;0
MUE;08.07.1990 00:00;0;0;0
MUE;09.07.1990 00:00;10.5;0;0
MUE;10.07.1990 00:00;0;0;0
MUE;11.07.1990 00:00;0;0;0
MUE;12.07.1990 00:00;0;0;0
MUE;13.07.1990 00:00;0;0;0
MUE;14.07.1990 00:00;6.5;0;0
MUE;15.07.1990 00:00;0;0;0
MUE;16.07.1990 00:00;0;0;0
MUE;17.07.1990 00:00;8;0;0
MUE;18.07.1990 00:00;0;0;0
MUE;19.07.1990 00:00;0;0;0
MUE;20.07.1990 00:00;0;0;0
MUE;21.07.1990 00:00;0;0;0
MUE;22.07.1990 00:00;0;0;0
MUE;23.07.1990 00:00;0;0;0
MUE;24.07.1990 00:00;0;0;0
MUE;25.07.1990 00:00;0;0;0
MUE;26.07.1990 00:00;3.8;0;0
MUE;27.07.1990 00:00;0;0;0
MUE;28.07.1990 00:00;0;0;0
MUE;29.07.1990 00:00;0;0;0
MUE;30.07.1990 00:00;1.7;0;0
MUE;31.07.1990 00:00;0;0;0
MUE;01.08.1990 00:00;0.9;0;0
MUE;02.08.1990 00:00;0;0;0
MUE;03.08.1990 00:00;0;0;0
MUE;04.08.1990 00:00;0;0;0
MUE;05.08.1990 00:00;3.8;0;0
MUE;06.08.1990 00:00;19.2;0;0
MUE;07.08.1990 00:00;0.2;0;0
MUE;08.08.1990 00:00;0;0;0
MUE;09.08.1990 00:00;0;0;0
MUE;10.08.1990 00:00;0;0;0
MUE;11.08.1990 00:00;0;0;0
MUE;12.08.1990 00:00;4.2;0;0
MUE;13.08.1990 00:00;19.6;0;0
MUE;14.08.1990 00:00;11.8;0;0
MUE;15.08.1990 00:00;0.3;0;0
MUE;16.08.1990 00:00;9.9;0;0
MUE;17.08.1990 00:00;7.2;0;0
MUE;18.08.1990 00:00;0;0;0
MUE;19.08.1990 00:00;0;0;0
MUE;20.08.1990 00:00;0;0;0
MUE;21.08.1990 00:00;0;0;0
MUE;22.08.1990 00:00;0;0;0
MUE;23.08.1990 00:00;0;0;0
MUE;24.08.1990 00:00;0;0;0
MUE;25.08.1990 00:00;15.3;0;0
MUE;26.08.1990 00:00;0.3;0;0
MUE;27.08.1990 00:00;2;0;0
MUE;28.08.1990 00:00;7.9;0;0
MUE;29.08.1990 00:00;1.2;0;0
MUE;30.08.1990 00:00;0.7;0;0
MUE;31.08.1990 00:00;9.5;0;0
MUE;01.09.1990 00:00;0.3;0;0
MUE;02.09.1990 00:00;0;0;0
MUE;03.09.1990 00:00;0.8;0;0
MUE;04.09.1990 00:00;5.1;0;0
MUE;05.09.1990 00:00;0;0;0
MUE;06.09.1990 00:00;0;0;0
MUE;07.09.1990 00:00;6.5;0;0
MUE;08.09.1990 00:00;0;0;0
MUE;09.09.1990 00:00;0;0;0
MUE;10.09.1990 00:00;0;0;0
MUE;11.09.1990 00:00;0;0;0
MUE;12.09.1990 00:00;0;0;0
MUE;13.09.1990 00:00;0;0;0
MUE;14.09.1990 00:00;9.7;0;0
MUE;15.09.1990 00:00;4.2;0;0
MUE;16.09.1990 00:00;0;0;0
MUE;17.09.1990 00:00;9;0;0
MUE;18.09.1990 00:00;0.5;0;0
MUE;19.09.1990 00:00;0;0;0
MUE;20.09.1990 00:00;0;0;0
MUE;21.09.1990 00:00;3.4;0;0
MUE;22.09.1990 00:00;16.1;0;0
MUE;23.09.1990 00:00;22.3;0;0
MUE;24.09.1990 00:00;0.8;0;0
MUE;25.09.1990 00:00;0;0;0
MUE;26.09.1990 00:00;0;0;0
MUE;27.09.1990 00:00;0;0;0
MUE;28.09.1990 00:00;0;0;0
MUE;29.09.1990 00:00;0;0;0
MUE;30.09.1990 00:00;2.4;0;0
MUE;01.10.1990 00:00;3.3;0;0
MUE;02.10.1990 00:00;0;0;0
MUE;03.10.1990 00:00;1.5;0;0
MUE;04.10.1990 00:00;15;0;0
MUE;05.10.1990 00:00;0;0;0
MUE;06.10.1990 00:00;0;0;0
MUE;07.10.1990 00:00;3.8;0;0
MUE;08.10.1990 00:00;3.1;0;0
MUE;09.10.1990 00:00;0;0;0
MUE;10.10.1990 00:00;0;0;0
MUE;11.10.1990 00:00;0;0;0
MUE;12.10.1990 00:00;11.8;0;0
MUE;13.10.1990 00:00;0;0;0
MUE;14.10.1990 00:00;0;0;0
MUE;15.10.1990 00:00;0.2;0;0
MUE;16.10.1990 00:00;1.1;0;0
MUE;17.10.1990 00:00;1.4;0;0
MUE;18.10.1990 00:00;0;0;0
MUE;19.10.1990 00:00;2.7;0;0
MUE;20.10.1990 00:00;3.6;0;0
MUE;21.10.1990 00:00;0;0;0
MUE;22.10.1990 00:00;0;0;0
MUE;23.10.1990 00:00;0;0;0
MUE;24.10.1990 00:00;0;0;0
MUE;25.10.1990 00:00;2.5;0;0
MUE;26.10.1990 00:00;8.5;4;0
MUE;27.10.1990 00:00;0.3;0;4
MUE;28.10.1990 00:00;4.6;0;0
MUE;29.10.1990 00:00;16.9;0;0
MUE;30.10.1990 00:00;3.9;0;0
MUE;31.10.1990 00:00;18;3;0
MUE;01.11.1990 00:00;2.2;4;3
MUE;02.11.1990 00:00;5.3;7;4
MUE;03.11.1990 00:00;3.4;4;7
MUE;04.11.1990 00:00;5.5;6;9
MUE;05.11.1990 00:00;3.5;8;12
MUE;06.11.1990 00:00;0;0;10
MUE;07.11.1990 00:00;0;0;5
MUE;08.11.1990 00:00;0;0;3
MUE;09.11.1990 00:00;0;0;3
MUE;10.11.1990 00:00;2.1;0;1
MUE;11.11.1990 00:00;24.4;5;1
MUE;12.11.1990 00:00;0;0;5
MUE;13.11.1990 00:00;3.8;0;4
MUE;14.11.1990 00:00;11.6;0;3
MUE;15.11.1990 00:00;11.5;9;0
MUE;16.11.1990 00:00;0.8;0;9
MUE;17.11.1990 00:00;0.8;0;0
MUE;18.11.1990 00:00;0;0;0
MUE;19.11.1990 00:00;0.7;0;0
MUE;20.11.1990 00:00;6.5;6;0
MUE;21.11.1990 00:00;5.1;5;6
MUE;22.11.1990 00:00;38.4;5;7
MUE;23.11.1990 00:00;0.7;5;48
MUE;24.11.1990 00:00;0;0;35
MUE;25.11.1990 00:00;11.3;12;27
MUE;26.11.1990 00:00;0;0;30
MUE;27.11.1990 00:00;0.5;2;29
MUE;28.11.1990 00:00;0;0;25
MUE;29.11.1990 00:00;0;0;24
MUE;30.11.1990 00:00;0.6;4;22
MUE;01.12.1990 00:00;0;0;25
MUE;02.12.1990 00:00;0;0;22
MUE;03.12.1990 00:00;0;0;21
MUE;04.12.1990 00:00;0;0;19
MUE;05.12.1990 00:00;3;3;19
MUE;06.12.1990 00:00;0;0;21
MUE;07.12.1990 00:00;0;0;21
MUE;08.12.1990 00:00;0;0;20
MUE;09.12.1990 00:00;18.7;20;18
MUE;10.12.1990 00:00;8.5;10;35
MUE;11.12.1990 00:00;0;0;40
MUE;12.12.1990 00:00;29.8;39;38
MUE;13.12.1990 00:00;7.1;14;65
MUE;14.12.1990 00:00;0;0;69
MUE;15.12.1990 00:00;0.6;0;60
MUE;16.12.1990 00:00;0;0;58
MUE;17.12.1990 00:00;0;0;57
MUE;18.12.1990 00:00;1.7;4;51
MUE;19.12.1990 00:00;1.1;1;52
MUE;20.12.1990 00:00;0;0;51
MUE;21.12.1990 00:00;1.5;0;49
MUE;22.12.1990 00:00;0;0;51
MUE;23.12.1990 00:00;0;0;48
MUE;24.12.1990 00:00;0;0;44
MUE;25.12.1990 00:00;1.4;3;42
MUE;26.12.1990 00:00;4.4;3;44
MUE;27.12.1990 00:00;3.4;5;47
MUE;28.12.1990 00:00;0.5;0;49
MUE;29.12.1990 00:00;1.3;0;44
MUE;30.12.1990 00:00;0;0;39
MUE;31.12.1990 00:00;7.3;5;35
MUE;01.01.1991 00:00;3.6;2;41
MUE;02.01.1991 00:00;27.9;0;40
MUE;03.01.1991 00:00;0;0;35
MUE;04.01.1991 00:00;8.8;13;32
MUE;05.01.1991 00:00;0.8;1;46
MUE;06.01.1991 00:00;3.3;1;43
MUE;07.01.1991 00:00;2.4;0;41
MUE;08.01.1991 00:00;0;0;37
MUE;09.01.1991 00:00;0;0;35
MUE;10.01.1991 00:00;0;0;33
MUE;11.01.1991 00:00;2.7;1;30
MUE;12.01.1991 00:00;14.4;17;29
MUE;13.01.1991 00:00;8.6;11;43
MUE;14.01.1991 00:00;0;0;50
MUE;15.01.1991 00:00;0;0;45
MUE;16.01.1991 00:00;0;0;43
MUE;17.01.1991 00:00;0;0;42
MUE;18.01.1991 00:00;0;0;42
MUE;19.01.1991 00:00;0.3;1;39
MUE;20.01.1991 00:00;0;0;38
MUE;21.01.1991 00:00;0;0;37
MUE;22.01.1991 00:00;0;0;36
MUE;23.01.1991 00:00;0;0;36
MUE;24.01.1991 00:00;0;0;35
MUE;25.01.1991 00:00;0;0;35
MUE;26.01.1991 00:00;0;0;35
MUE;27.01.1991 00:00;0;0;33
MUE;28.01.1991 00:00;0;0;32
MUE;29.01.1991 00:00;0;0;32
MUE;30.01.1991 00:00;0;0;31
MUE;31.01.1991 00:00;0;0;31
MUE;01.02.1991 00:00;0;0;30
MUE;02.02.1991 00:00;0;0;30
MUE;03.02.1991 00:00;0;0;30
MUE;04.02.1991 00:00;0;0;30
MUE;05.02.1991 00:00;2.6;9;30
MUE;06.02.1991 00:00;0;0;39
MUE;07.02.1991 00:00;1.6;2;39
MUE;08.02.1991 00:00;2.8;5;39
MUE;09.02.1991 00:00;3;5;40
MUE;10.02.1991 00:00;6;8;43
MUE;11.02.1991 00:00;0;0;50
MUE;12.02.1991 00:00;5.9;6;49
MUE;13.02.1991 00:00;0;0;53
MUE;14.02.1991 00:00;0.6;2;51
MUE;15.02.1991 00:00;0.7;10;52
MUE;16.02.1991 00:00;2.6;0;58
MUE;17.02.1991 00:00;0;0;59
MUE;18.02.1991 00:00;0;0;54
MUE;19.02.1991 00:00;0;0;53
MUE;20.02.1991 00:00;0;0;49
MUE;21.02.1991 00:00;0;0;46
MUE;22.02.1991 00:00;4.1;4;46
MUE;23.02.1991 00:00;0;0;50
MUE;24.02.1991 00:00;0;0;48
MUE;25.02.1991 00:00;0;0;44
MUE;26.02.1991 00:00;0;0;38
MUE;27.02.1991 00:00;22.2;28;34
MUE;28.02.1991 00:00;3.9;5;60
MUE;01.03.1991 00:00;0;0;45
MUE;02.03.1991 00:00;3.3;4;45
MUE;03.03.1991 00:00;1.8;0;46
MUE;04.03.1991 00:00;0;0;43
MUE;05.03.1991 00:00;0;0;40
MUE;06.03.1991 00:00;0;0;39
MUE;07.03.1991 00:00;0;0;34
MUE;08.03.1991 00:00;26.7;0;25
MUE;09.03.1991 00:00;21.9;5;15
MUE;10.03.1991 00:00;0;0;20
MUE;11.03.1991 00:00;0;0;20
MUE;12.03.1991 00:00;0;0;18
MUE;13.03.1991 00:00;0;0;16
MUE;14.03.1991 00:00;0;0;15
MUE;15.03.1991 00:00;0;0;10
MUE;16.03.1991 00:00;0;0;8
MUE;17.03.1991 00:00;2.9;1;0
MUE;18.03.1991 00:00;1.1;0;1
MUE;19.03.1991 00:00;8;0;1
MUE;20.03.1991 00:00;0.6;0;0
MUE;21.03.1991 00:00;0;0;0
MUE;22.03.1991 00:00;14.3;17;0
MUE;23.03.1991 00:00;0.8;0;17
MUE;24.03.1991 00:00;0;0;2
MUE;25.03.1991 00:00;0.4;0;0
MUE;26.03.1991 00:00;3.9;1;0
MUE;27.03.1991 00:00;4.6;1;1
MUE;28.03.1991 00:00;0.3;0;1
MUE;29.03.1991 00:00;0;0;0
MUE;30.03.1991 00:00;0;0;0
MUE;31.03.1991 00:00;0;0;0
MUE;01.04.1991 00:00;0;0;0
MUE;02.04.1991 00:00;0;0;0
MUE;03.04.1991 00:00;15.8;10;0
MUE;04.04.1991 00:00;23.2;20;10
MUE;05.04.1991 00:00;27.7;30;20
MUE;06.04.1991 00:00;0;0;40
MUE;07.04.1991 00:00;0;0;15
MUE;08.04.1991 00:00;0;0;6
MUE;09.04.1991 00:00;0;0;3
MUE;10.04.1991 00:00;0;0;2
MUE;11.04.1991 00:00;0;0;1
MUE;12.04.1991 00:00;1.3;0;0
MUE;13.04.1991 00:00;2.4;0;0
MUE;14.04.1991 00:00;0;0;0
MUE;15.04.1991 00:00;0;0;0
MUE;16.04.1991 00:00;3.4;5;0
MUE;17.04.1991 00:00;1.6;3;5
MUE;18.04.1991 00:00;5.2;6;6
MUE;19.04.1991 00:00;4.3;0;7
MUE;20.04.1991 00:00;15.2;21;3
MUE;21.04.1991 00:00;0.8;2;21
MUE;22.04.1991 00:00;1.4;2;12
MUE;23.04.1991 00:00;8.4;7;4
MUE;24.04.1991 00:00;0;0;9
MUE;25.04.1991 00:00;0;0;3
MUE;26.04.1991 00:00;0;0;0
MUE;27.04.1991 00:00;7.5;8;1
MUE;28.04.1991 00:00;11.8;10;8
MUE;29.04.1991 00:00;0.2;0;8
MUE;30.04.1991 00:00;4.1;0;0
MUE;01.05.1991 00:00;11.4;1;0
MUE;02.05.1991 00:00;3.2;1;1
MUE;03.05.1991 00:00;6.7;10;2
MUE;04.05.1991 00:00;18.2;16;10
MUE;05.05.1991 00:00;0.4;2;19
MUE;06.05.1991 00:00;9.2;13;9
MUE;07.05.1991 00:00;2.8;0;19
MUE;08.05.1991 00:00;0.3;0;9
MUE;09.05.1991 00:00;0;0;4
MUE;10.05.1991 00:00;13.7;8;0
MUE;11.05.1991 00:00;41.4;12;8
MUE;12.05.1991 00:00;1.7;0;13
MUE;13.05.1991 00:00;0;0;6
MUE;14.05.1991 00:00;7.5;0;0
MUE;15.05.1991 00:00;11.7;10;0
MUE;16.05.1991 00:00;10.6;6;10
MUE;17.05.1991 00:00;4.9;5;7
MUE;18.05.1991 00:00;0.3;0;7
MUE;19.05.1991 00:00;0;0;1
MUE;20.05.1991 00:00;0;0;0
MUE;21.05.1991 00:00;0;0;0
MUE;22.05.1991 00:00;0;0;0
MUE;23.05.1991 00:00;0;0;0
MUE;24.05.1991 00:00;0;0;0
MUE;25.05.1991 00:00;0.4;0;0
MUE;26.05.1991 00:00;0.2;0;0
MUE;27.05.1991 00:00;0;0;0
MUE;28.05.1991 00:00;0;0;0
MUE;29.05.1991 00:00;0;0;0
MUE;30.05.1991 00:00;2.7;0;0
MUE;31.05.1991 00:00;0;0;0
MUE;01.06.1991 00:00;5.6;0;0
MUE;02.06.1991 00:00;7.6;0;0
MUE;03.06.1991 00:00;5.9;0;0
MUE;04.06.1991 00:00;0.1;0;0
MUE;05.06.1991 00:00;0.8;0;0
MUE;06.06.1991 00:00;7.3;0;0
MUE;07.06.1991 00:00;6.7;0;0
MUE;08.06.1991 00:00;7.2;0;0
MUE;09.06.1991 00:00;3.4;0;0
MUE;10.06.1991 00:00;0.8;0;0
MUE;11.06.1991 00:00;0;0;0
MUE;12.06.1991 00:00;0.1;0;0
MUE;13.06.1991 00:00;0;0;0
MUE;14.06.1991 00:00;0;0;0
MUE;15.06.1991 00:00;5.2;0;0
MUE;16.06.1991 00:00;22.5;0;0
MUE;17.06.1991 00:00;32;5;0
MUE;18.06.1991 00:00;6.8;0;5
MUE;19.06.1991 00:00;0;0;0
MUE;20.06.1991 00:00;2;0;0
MUE;21.06.1991 00:00;0;0;0
MUE;22.06.1991 00:00;13.6;0;0
MUE;23.06.1991 00:00;4.5;0;0
MUE;24.06.1991 00:00;0;0;0
MUE;25.06.1991 00:00;0;0;0
MUE;26.06.1991 00:00;6.5;0;0
MUE;27.06.1991 00:00;0.7;0;0
MUE;28.06.1991 00:00;22.6;2;0
MUE;29.06.1991 00:00;0.4;0;2
MUE;30.06.1991 00:00;0;0;0
MUE;01.07.1991 00:00;0;0;0
MUE;02.07.1991 00:00;0;0;0
MUE;03.07.1991 00:00;0;0;0
MUE;04.07.1991 00:00;2.8;0;0
MUE;05.07.1991 00:00;3.6;0;0
MUE;06.07.1991 00:00;0;0;0
MUE;07.07.1991 00:00;3.3;0;0
MUE;08.07.1991 00:00;9;0;0
MUE;09.07.1991 00:00;4.6;0;0
MUE;10.07.1991 00:00;0;0;0
MUE;11.07.1991 00:00;0;0;0
MUE;12.07.1991 00:00;16.5;0;0
MUE;13.07.1991 00:00;3.1;0;0
MUE;14.07.1991 00:00;35;0;0
MUE;15.07.1991 00:00;0;0;0
MUE;16.07.1991 00:00;5.2;0;0
MUE;17.07.1991 00:00;9.2;0;0
MUE;18.07.1991 00:00;0;0;0
MUE;19.07.1991 00:00;0;0;0
MUE;20.07.1991 00:00;0;0;0
MUE;21.07.1991 00:00;0;0;0
MUE;22.07.1991 00:00;0;0;0
MUE;23.07.1991 00:00;31.1;0;0
MUE;24.07.1991 00:00;8.5;0;0
MUE;25.07.1991 00:00;14;0;0
MUE;26.07.1991 00:00;6.7;0;0
MUE;27.07.1991 00:00;0.8;0;0
MUE;28.07.1991 00:00;0;0;0
MUE;29.07.1991 00:00;0;0;0
MUE;30.07.1991 00:00;8.2;0;0
MUE;31.07.1991 00:00;11.6;0;0
MUE;01.08.1991 00:00;2.9;0;0
MUE;02.08.1991 00:00;0;0;0
MUE;03.08.1991 00:00;0;0;0
MUE;04.08.1991 00:00;0;0;0
MUE;05.08.1991 00:00;0;0;0
MUE;06.08.1991 00:00;0;0;0
MUE;07.08.1991 00:00;0;0;0
MUE;08.08.1991 00:00;24.6;0;0
MUE;09.08.1991 00:00;0;0;0
MUE;10.08.1991 00:00;0;0;0
MUE;11.08.1991 00:00;10;0;0
MUE;12.08.1991 00:00;5.2;0;0
MUE;13.08.1991 00:00;0;0;0
MUE;14.08.1991 00:00;0;0;0
MUE;15.08.1991 00:00;0;0;0
MUE;16.08.1991 00:00;0;0;0
MUE;17.08.1991 00:00;0;0;0
MUE;18.08.1991 00:00;0;0;0
MUE;19.08.1991 00:00;0;0;0
MUE;20.08.1991 00:00;0;0;0
MUE;21.08.1991 00:00;0;0;0
MUE;22.08.1991 00:00;1.4;0;0
MUE;23.08.1991 00:00;0;0;0
MUE;24.08.1991 00:00;0;0;0
MUE;25.08.1991 00:00;0;0;0
MUE;26.08.1991 00:00;3.3;0;0
MUE;27.08.1991 00:00;0;0;0
MUE;28.08.1991 00:00;0;0;0
MUE;29.08.1991 00:00;0;0;0
MUE;30.08.1991 00:00;0;0;0
MUE;31.08.1991 00:00;0;0;0
MUE;01.09.1991 00:00;0.6;0;0
MUE;02.09.1991 00:00;0;0;0
MUE;03.09.1991 00:00;0;0;0
MUE;04.09.1991 00:00;0.1;0;0
MUE;05.09.1991 00:00;0;0;0
MUE;06.09.1991 00:00;0;0;0
MUE;07.09.1991 00:00;0;0;0
MUE;08.09.1991 00:00;0;0;0
MUE;09.09.1991 00:00;0;0;0
MUE;10.09.1991 00:00;0;0;0
MUE;11.09.1991 00:00;3.9;0;0
MUE;12.09.1991 00:00;1;0;0
MUE;13.09.1991 00:00;2.7;0;0
MUE;14.09.1991 00:00;0;0;0
MUE;15.09.1991 00:00;0;0;0
MUE;16.09.1991 00:00;0.2;0;0
MUE;17.09.1991 00:00;0;0;0
MUE;18.09.1991 00:00;0;0;0
MUE;19.09.1991 00:00;0;0;0
MUE;20.09.1991 00:00;0.4;0;0
MUE;21.09.1991 00:00;0;0;0
MUE;22.09.1991 00:00;33.9;0;0
MUE;23.09.1991 00:00;3;0;0
MUE;24.09.1991 00:00;0;0;0
MUE;25.09.1991 00:00;0;0;0
MUE;26.09.1991 00:00;32.5;0;0
MUE;27.09.1991 00:00;2.4;0;0
MUE;28.09.1991 00:00;0;0;0
MUE;29.09.1991 00:00;4;0;0
MUE;30.09.1991 00:00;6.7;0;0
MUE;01.10.1991 00:00;1.6;0;0
MUE;02.10.1991 00:00;0;0;0
MUE;03.10.1991 00:00;0;0;0
MUE;04.10.1991 00:00;0;0;0
MUE;05.10.1991 00:00;11.5;0;0
MUE;06.10.1991 00:00;26.7;0;0
MUE;07.10.1991 00:00;0;0;0
MUE;08.10.1991 00:00;0;0;0
MUE;09.10.1991 00:00;0;0;0
MUE;10.10.1991 00:00;0;0;0
MUE;11.10.1991 00:00;2.5;0;0
MUE;12.10.1991 00:00;15.9;0;0
MUE;13.10.1991 00:00;5.3;0;0
MUE;14.10.1991 00:00;0;0;0
MUE;15.10.1991 00:00;9.8;0;0
MUE;16.10.1991 00:00;0;0;0
MUE;17.10.1991 00:00;0.7;0;0
MUE;18.10.1991 00:00;2.7;0;0
MUE;19.10.1991 00:00;10.4;15;0
MUE;20.10.1991 00:00;0;0;16
MUE;21.10.1991 00:00;0;0;8
MUE;22.10.1991 00:00;0;0;4
MUE;23.10.1991 00:00;0;0;0
MUE;24.10.1991 00:00;0;0;0
MUE;25.10.1991 00:00;0;0;0
MUE;26.10.1991 00:00;0;0;0
MUE;27.10.1991 00:00;0;0;0
MUE;28.10.1991 00:00;0;0;0
MUE;29.10.1991 00:00;0;0;0
MUE;30.10.1991 00:00;9.5;8;0
MUE;31.10.1991 00:00;0.2;0;8
MUE;01.11.1991 00:00;0;0;2
MUE;02.11.1991 00:00;1.9;0;0
MUE;03.11.1991 00:00;2.5;0;0
MUE;04.11.1991 00:00;4.2;4;0
MUE;05.11.1991 00:00;0.5;1;4
MUE;06.11.1991 00:00;0.3;1;3
MUE;07.11.1991 00:00;0.5;0;7
MUE;08.11.1991 00:00;0;0;4
MUE;09.11.1991 00:00;18.1;15;0
MUE;10.11.1991 00:00;0;0;15
MUE;11.11.1991 00:00;0;0;13
MUE;12.11.1991 00:00;0;0;11
MUE;13.11.1991 00:00;1.8;24;5
MUE;14.11.1991 00:00;0;0;24
MUE;15.11.1991 00:00;0.8;1;23
MUE;16.11.1991 00:00;18.6;16;20
MUE;17.11.1991 00:00;0.7;2;38
MUE;18.11.1991 00:00;0.2;5;33
MUE;19.11.1991 00:00;0;0;35
MUE;20.11.1991 00:00;0.5;0;20
MUE;21.11.1991 00:00;0.2;1;21
MUE;22.11.1991 00:00;0;0;20
MUE;23.11.1991 00:00;0;0;19
MUE;24.11.1991 00:00;0;0;19
MUE;25.11.1991 00:00;0;0;17
MUE;26.11.1991 00:00;0;0;15
MUE;27.11.1991 00:00;0;0;15
MUE;28.11.1991 00:00;0;0;10
MUE;29.11.1991 00:00;0;0;9
MUE;30.11.1991 00:00;0;0;8
MUE;01.12.1991 00:00;0;0;6
MUE;02.12.1991 00:00;0;0;6
MUE;03.12.1991 00:00;0;0;6
MUE;04.12.1991 00:00;0;0;6
MUE;05.12.1991 00:00;0;0;6
MUE;06.12.1991 00:00;0.4;1;5
MUE;07.12.1991 00:00;0;0;5
MUE;08.12.1991 00:00;0;0;5
MUE;09.12.1991 00:00;0;0;5
MUE;10.12.1991 00:00;0;0;5
MUE;11.12.1991 00:00;0;0;5
MUE;12.12.1991 00:00;0;0;5
MUE;13.12.1991 00:00;0;0;5
MUE;14.12.1991 00:00;0;0;5
MUE;15.12.1991 00:00;0;0;5
MUE;16.12.1991 00:00;0;0;5
MUE;17.12.1991 00:00;6.5;6;5
MUE;18.12.1991 00:00;46.5;39;10
MUE;19.12.1991 00:00;9.3;8;52
MUE;20.12.1991 00:00;23.9;39;47
MUE;21.12.1991 00:00;84.9;36;68
MUE;22.12.1991 00:00;50.6;0;86
MUE;23.12.1991 00:00;0;0;70
MUE;24.12.1991 00:00;3.7;2;68
MUE;25.12.1991 00:00;0;0;68
MUE;26.12.1991 00:00;2.3;4;67
MUE;27.12.1991 00:00;3.5;5;69
MUE;28.12.1991 00:00;0;0;75
MUE;29.12.1991 00:00;0;0;73
MUE;30.12.1991 00:00;0;0;71
MUE;31.12.1991 00:00;0;0;69
MUE;01.01.1992 00:00;0;0;68
MUE;02.01.1992 00:00;0;0;68
MUE;03.01.1992 00:00;0;0;63
MUE;04.01.1992 00:00;0;0;59
MUE;05.01.1992 00:00;0;0;57
MUE;06.01.1992 00:00;0;0;56
MUE;07.01.1992 00:00;0;0;55
MUE;08.01.1992 00:00;0;0;54
MUE;09.01.1992 00:00;8.9;7;53
MUE;10.01.1992 00:00;7.9;8;60
MUE;11.01.1992 00:00;0;0;68
MUE;12.01.1992 00:00;0;0;67
MUE;13.01.1992 00:00;0;0;66
MUE;14.01.1992 00:00;0;0;65
MUE;15.01.1992 00:00;0;0;63
MUE;16.01.1992 00:00;0;0;61
MUE;17.01.1992 00:00;0;0;60
MUE;18.01.1992 00:00;0;0;60
MUE;19.01.1992 00:00;2.4;6;59
MUE;20.01.1992 00:00;0.7;2;65
MUE;21.01.1992 00:00;0.2;1;67
MUE;22.01.1992 00:00;0;0;68
MUE;23.01.1992 00:00;0;0;66
MUE;24.01.1992 00:00;0;0;62
MUE;25.01.1992 00:00;0;0;61
MUE;26.01.1992 00:00;0;0;61
MUE;27.01.1992 00:00;0;0;60
MUE;28.01.1992 00:00;0;0;60
MUE;29.01.1992 00:00;0;0;59
MUE;30.01.1992 00:00;0;0;58
MUE;31.01.1992 00:00;0;0;57
MUE;01.02.1992 00:00;0;0;57
MUE;02.02.1992 00:00;0;0;57
MUE;03.02.1992 00:00;6.5;7;56
MUE;04.02.1992 00:00;47.7;51;62
MUE;05.02.1992 00:00;8.2;25;109
MUE;06.02.1992 00:00;0;0;124
MUE;07.02.1992 00:00;0;0;111
MUE;08.02.1992 00:00;0;0;101
MUE;09.02.1992 00:00;7.9;15;94
MUE;10.02.1992 00:00;0.7;0;108
MUE;11.02.1992 00:00;12.9;0;107
MUE;12.02.1992 00:00;0;0;102
MUE;13.02.1992 00:00;22.3;21;93
MUE;14.02.1992 00:00;0;0;126
MUE;15.02.1992 00:00;13.3;7;109
MUE;16.02.1992 00:00;8.8;8;111
MUE;17.02.1992 00:00;10.7;12;115
MUE;18.02.1992 00:00;0;0;120
MUE;19.02.1992 00:00;0;0;114
MUE;20.02.1992 00:00;0;0;112
MUE;21.02.1992 00:00;0;0;110
MUE;22.02.1992 00:00;0;0;109
MUE;23.02.1992 00:00;0;0;106
MUE;24.02.1992 00:00;0;0;96
MUE;25.02.1992 00:00;0;0;96
MUE;26.02.1992 00:00;0;0;96
MUE;27.02.1992 00:00;0;0;95
MUE;28.02.1992 00:00;0;0;95
MUE;29.02.1992 00:00;0;0;94
MUE;01.03.1992 00:00;0;0;92
MUE;02.03.1992 00:00;0;0;91
MUE;03.03.1992 00:00;0;0;90
MUE;04.03.1992 00:00;0;0;85
MUE;05.03.1992 00:00;0.5;0;83
MUE;06.03.1992 00:00;0;0;80
MUE;07.03.1992 00:00;0;0;79
MUE;08.03.1992 00:00;0;0;75
MUE;09.03.1992 00:00;0;0;74
MUE;10.03.1992 00:00;2.5;2;70
MUE;11.03.1992 00:00;5.1;5;70
MUE;12.03.1992 00:00;0;0;75
MUE;13.03.1992 00:00;3;0;72
MUE;14.03.1992 00:00;16.3;16;68
MUE;15.03.1992 00:00;43.5;19;90
MUE;16.03.1992 00:00;2.9;0;111
MUE;17.03.1992 00:00;0;0;102
MUE;18.03.1992 00:00;0;0;89
MUE;19.03.1992 00:00;2.1;1;84
MUE;20.03.1992 00:00;0;0;82
MUE;21.03.1992 00:00;3.5;1;80
MUE;22.03.1992 00:00;19.7;9;79
MUE;23.03.1992 00:00;17.9;20;84
MUE;24.03.1992 00:00;13;10;102
MUE;25.03.1992 00:00;0;0;108
MUE;26.03.1992 00:00;0;0;100
MUE;27.03.1992 00:00;1.8;3;94
MUE;28.03.1992 00:00;4.9;0;94
MUE;29.03.1992 00:00;0;0;95
MUE;30.03.1992 00:00;0;0;89
MUE;31.03.1992 00:00;30;28;84
MUE;01.04.1992 00:00;1.5;0;110
MUE;02.04.1992 00:00;0;0;109
MUE;03.04.1992 00:00;0;0;98
MUE;04.04.1992 00:00;1.4;0;94
MUE;05.04.1992 00:00;6;2;83
MUE;06.04.1992 00:00;0;0;85
MUE;07.04.1992 00:00;0.4;0;85
MUE;08.04.1992 00:00;0;0;83
MUE;09.04.1992 00:00;0;0;78
MUE;10.04.1992 00:00;0;0;72
MUE;11.04.1992 00:00;0;0;65
MUE;12.04.1992 00:00;1.9;1;64
MUE;13.04.1992 00:00;4.1;0;53
MUE;14.04.1992 00:00;0;0;52
MUE;15.04.1992 00:00;4.9;8;49
MUE;16.04.1992 00:00;0.6;0;57
MUE;17.04.1992 00:00;6.7;18;57
MUE;18.04.1992 00:00;9.3;0;72
MUE;19.04.1992 00:00;1.2;0;60
MUE;20.04.1992 00:00;0;0;51
MUE;21.04.1992 00:00;0.3;0;43
MUE;22.04.1992 00:00;0;0;38
MUE;23.04.1992 00:00;0.2;0;32
MUE;24.04.1992 00:00;0;0;30
MUE;25.04.1992 00:00;0;0;20
MUE;26.04.1992 00:00;0.6;0;15
MUE;27.04.1992 00:00;5.4;0;9
MUE;28.04.1992 00:00;22.6;6;7
MUE;29.04.1992 00:00;0.3;1;7
MUE;30.04.1992 00:00;0.9;0;7
MUE;01.05.1992 00:00;2.5;0;5
MUE;02.05.1992 00:00;8;0;4
MUE;03.05.1992 00:00;0.6;0;4
MUE;04.05.1992 00:00;0;0;4
MUE;05.05.1992 00:00;1;0;0
MUE;06.05.1992 00:00;0;0;0
MUE;07.05.1992 00:00;0;0;0
MUE;08.05.1992 00:00;0;0;0
MUE;09.05.1992 00:00;0;0;0
MUE;10.05.1992 00:00;0;0;0
MUE;11.05.1992 00:00;1.5;0;0
MUE;12.05.1992 00:00;0;0;0
MUE;13.05.1992 00:00;0;0;0
MUE;14.05.1992 00:00;0;0;0
MUE;15.05.1992 00:00;0;0;0
MUE;16.05.1992 00:00;0;0;0
MUE;17.05.1992 00:00;0;0;0
MUE;18.05.1992 00:00;0;0;0
MUE;19.05.1992 00:00;0;0;0
MUE;20.05.1992 00:00;2.8;0;0
MUE;21.05.1992 00:00;0;0;0
MUE;22.05.1992 00:00;0;0;0
MUE;23.05.1992 00:00;0;0;0
MUE;24.05.1992 00:00;3.1;0;0
MUE;25.05.1992 00:00;0;0;0
MUE;26.05.1992 00:00;2.8;0;0
MUE;27.05.1992 00:00;1.4;0;0
MUE;28.05.1992 00:00;5;0;0
MUE;29.05.1992 00:00;8.9;0;0
MUE;30.05.1992 00:00;4.4;0;0
MUE;31.05.1992 00:00;3.5;0;0
MUE;01.06.1992 00:00;13.6;0;0
MUE;02.06.1992 00:00;33.7;0;0
MUE;03.06.1992 00:00;11.5;0;0
MUE;04.06.1992 00:00;5.3;0;0
MUE;05.06.1992 00:00;25.4;1;0
MUE;06.06.1992 00:00;11.3;0;1
MUE;07.06.1992 00:00;2;0;0
MUE;08.06.1992 00:00;9.9;0;0
MUE;09.06.1992 00:00;0;0;0
MUE;10.06.1992 00:00;1.3;0;0
MUE;11.06.1992 00:00;6.8;0;0
MUE;12.06.1992 00:00;0;0;0
MUE;13.06.1992 00:00;0;0;0
MUE;14.06.1992 00:00;0;0;0
MUE;15.06.1992 00:00;0;0;0
MUE;16.06.1992 00:00;3.1;0;0
MUE;17.06.1992 00:00;2.2;0;0
MUE;18.06.1992 00:00;21.1;0;0
MUE;19.06.1992 00:00;27.2;0;0
MUE;20.06.1992 00:00;14.2;0;0
MUE;21.06.1992 00:00;0;0;0
MUE;22.06.1992 00:00;0.1;0;0
MUE;23.06.1992 00:00;8.9;0;0
MUE;24.06.1992 00:00;11.8;0;0
MUE;25.06.1992 00:00;6.4;0;0
MUE;26.06.1992 00:00;2;0;0
MUE;27.06.1992 00:00;0;0;0
MUE;28.06.1992 00:00;0;0;0
MUE;29.06.1992 00:00;0;0;0
MUE;30.06.1992 00:00;0;0;0
MUE;01.07.1992 00:00;10.3;0;0
MUE;02.07.1992 00:00;0.3;0;0
MUE;03.07.1992 00:00;0;0;0
MUE;04.07.1992 00:00;19.7;0;0
MUE;05.07.1992 00:00;4.6;0;0
MUE;06.07.1992 00:00;7.4;0;0
MUE;07.07.1992 00:00;4.8;0;0
MUE;08.07.1992 00:00;0;0;0
MUE;09.07.1992 00:00;6.3;0;0
MUE;10.07.1992 00:00;28.9;0;0
MUE;11.07.1992 00:00;6.5;0;0
MUE;12.07.1992 00:00;8.4;0;0
MUE;13.07.1992 00:00;0;0;0
MUE;14.07.1992 00:00;0;0;0
MUE;15.07.1992 00:00;0;0;0
MUE;16.07.1992 00:00;6.4;0;0
MUE;17.07.1992 00:00;0;0;0
MUE;18.07.1992 00:00;0;0;0
MUE;19.07.1992 00:00;0;0;0
MUE;20.07.1992 00:00;9;0;0
MUE;21.07.1992 00:00;11.8;0;0
MUE;22.07.1992 00:00;10.5;0;0
MUE;23.07.1992 00:00;0;0;0
MUE;24.07.1992 00:00;29.5;0;0
MUE;25.07.1992 00:00;0;0;0
MUE;26.07.1992 00:00;0;0;0
MUE;27.07.1992 00:00;0;0;0
MUE;28.07.1992 00:00;0;0;0
MUE;29.07.1992 00:00;4.5;0;0
MUE;30.07.1992 00:00;0;0;0
MUE;31.07.1992 00:00;0.9;0;0
MUE;01.08.1992 00:00;2.1;0;0
MUE;02.08.1992 00:00;3.1;0;0
MUE;03.08.1992 00:00;8.1;0;0
MUE;04.08.1992 00:00;0;0;0
MUE;05.08.1992 00:00;0;0;0
MUE;06.08.1992 00:00;0;0;0
MUE;07.08.1992 00:00;9.7;0;0
MUE;08.08.1992 00:00;0;0;0
MUE;09.08.1992 00:00;6;0;0
MUE;10.08.1992 00:00;13.2;0;0
MUE;11.08.1992 00:00;0.2;0;0
MUE;12.08.1992 00:00;0;0;0
MUE;13.08.1992 00:00;0;0;0
MUE;14.08.1992 00:00;10;0;0
MUE;15.08.1992 00:00;0;0;0
MUE;16.08.1992 00:00;0;0;0
MUE;17.08.1992 00:00;0;0;0
MUE;18.08.1992 00:00;0;0;0
MUE;19.08.1992 00:00;0;0;0
MUE;20.08.1992 00:00;1.1;0;0
MUE;21.08.1992 00:00;13.3;0;0
MUE;22.08.1992 00:00;3.7;0;0
MUE;23.08.1992 00:00;0.1;0;0
MUE;24.08.1992 00:00;0;0;0
MUE;25.08.1992 00:00;0;0;0
MUE;26.08.1992 00:00;0;0;0
MUE;27.08.1992 00:00;0;0;0
MUE;28.08.1992 00:00;0;0;0
MUE;29.08.1992 00:00;19.2;0;0
MUE;30.08.1992 00:00;0.2;0;0
MUE;31.08.1992 00:00;32.7;0;0
MUE;01.09.1992 00:00;0;0;0
MUE;02.09.1992 00:00;0.4;0;0
MUE;03.09.1992 00:00;5.5;0;0
MUE;04.09.1992 00:00;29.9;6;0
MUE;05.09.1992 00:00;0;0;10
MUE;06.09.1992 00:00;0;0;1
MUE;07.09.1992 00:00;0;0;0
MUE;08.09.1992 00:00;3;0;0
MUE;09.09.1992 00:00;0.7;0;0
MUE;10.09.1992 00:00;6.6;0;0
MUE;11.09.1992 00:00;0;0;0
MUE;12.09.1992 00:00;0;0;0
MUE;13.09.1992 00:00;0;0;0
MUE;14.09.1992 00:00;2.4;0;0
MUE;15.09.1992 00:00;0;0;0
MUE;16.09.1992 00:00;0;0;0
MUE;17.09.1992 00:00;0;0;0
MUE;18.09.1992 00:00;5.9;0;0
MUE;19.09.1992 00:00;0;0;0
MUE;20.09.1992 00:00;0;0;0
MUE;21.09.1992 00:00;0;0;0
MUE;22.09.1992 00:00;7.4;0;0
MUE;23.09.1992 00:00;5.6;0;0
MUE;24.09.1992 00:00;0;0;0
MUE;25.09.1992 00:00;0;0;0
MUE;26.09.1992 00:00;0;0;0
MUE;27.09.1992 00:00;0.8;0;0
MUE;28.09.1992 00:00;23.1;0;0
MUE;29.09.1992 00:00;0.7;0;0
MUE;30.09.1992 00:00;0;0;0
MUE;01.10.1992 00:00;0;0;0
MUE;02.10.1992 00:00;8.1;0;0
MUE;03.10.1992 00:00;12.4;0;0
MUE;04.10.1992 00:00;5.5;0;0
MUE;05.10.1992 00:00;3;0;0
MUE;06.10.1992 00:00;19;0;0
MUE;07.10.1992 00:00;0;0;0
MUE;08.10.1992 00:00;0;0;0
MUE;09.10.1992 00:00;1.1;0;0
MUE;10.10.1992 00:00;5.8;0;0
MUE;11.10.1992 00:00;1.7;0;0
MUE;12.10.1992 00:00;0.6;0;0
MUE;13.10.1992 00:00;0;0;0
MUE;14.10.1992 00:00;0;0;0
MUE;15.10.1992 00:00;0;0;0
MUE;16.10.1992 00:00;0;0;0
MUE;17.10.1992 00:00;10.2;10;0
MUE;18.10.1992 00:00;0;0;10
MUE;19.10.1992 00:00;4.1;0;2
MUE;20.10.1992 00:00;12.6;0;1
MUE;21.10.1992 00:00;25.7;29;0
MUE;22.10.1992 00:00;0;0;29
MUE;23.10.1992 00:00;2.8;2;14
MUE;24.10.1992 00:00;9.9;10;13
MUE;25.10.1992 00:00;8.2;0;23
MUE;26.10.1992 00:00;0;0;4
MUE;27.10.1992 00:00;1.8;0;3
MUE;28.10.1992 00:00;14.2;10;1
MUE;29.10.1992 00:00;0.2;0;11
MUE;30.10.1992 00:00;0.2;1;4
MUE;31.10.1992 00:00;0;0;2
MUE;01.11.1992 00:00;0;0;1
MUE;02.11.1992 00:00;0.6;0;1
MUE;03.11.1992 00:00;19.3;0;1
MUE;04.11.1992 00:00;0.6;0;1
MUE;05.11.1992 00:00;0;0;0
MUE;06.11.1992 00:00;0;0;0
MUE;07.11.1992 00:00;0;0;0
MUE;08.11.1992 00:00;0;0;0
MUE;09.11.1992 00:00;0;0;0
MUE;10.11.1992 00:00;3.8;1;0
MUE;11.11.1992 00:00;17.4;4;1
MUE;12.11.1992 00:00;3.6;4;4
MUE;13.11.1992 00:00;15.3;15;8
MUE;14.11.1992 00:00;4.2;0;21
MUE;15.11.1992 00:00;12.8;10;9
MUE;16.11.1992 00:00;5.4;2;10
MUE;17.11.1992 00:00;11.8;13;11
MUE;18.11.1992 00:00;2;6;26
MUE;19.11.1992 00:00;11.7;0;27
MUE;20.11.1992 00:00;4.4;0;12
MUE;21.11.1992 00:00;26.2;0;12
MUE;22.11.1992 00:00;22.9;0;7
MUE;23.11.1992 00:00;0;0;4
MUE;24.11.1992 00:00;0;0;3
MUE;25.11.1992 00:00;0.1;0;2
MUE;26.11.1992 00:00;1.9;0;0
MUE;27.11.1992 00:00;0;0;0
MUE;28.11.1992 00:00;4.6;0;0
MUE;29.11.1992 00:00;0.3;0;0
MUE;30.11.1992 00:00;0;0;0
MUE;01.12.1992 00:00;0;0;0
MUE;02.12.1992 00:00;3.8;0;0
MUE;03.12.1992 00:00;16.9;12;0
MUE;04.12.1992 00:00;18.1;15;12
MUE;05.12.1992 00:00;9;9;20
MUE;06.12.1992 00:00;0;0;29
MUE;07.12.1992 00:00;17.1;12;26
MUE;08.12.1992 00:00;11.9;11;37
MUE;09.12.1992 00:00;0;0;45
MUE;10.12.1992 00:00;0;0;40
MUE;11.12.1992 00:00;0.8;1;38
MUE;12.12.1992 00:00;22.3;5;36
MUE;13.12.1992 00:00;0;0;36
MUE;14.12.1992 00:00;0;0;35
MUE;15.12.1992 00:00;0;0;33
MUE;16.12.1992 00:00;0;0;31
MUE;17.12.1992 00:00;0;0;29
MUE;18.12.1992 00:00;0;0;28
MUE;19.12.1992 00:00;0;0;28
MUE;20.12.1992 00:00;0;0;27
MUE;21.12.1992 00:00;0;0;26
MUE;22.12.1992 00:00;0;0;25
MUE;23.12.1992 00:00;0;0;24
MUE;24.12.1992 00:00;0;0;24
MUE;25.12.1992 00:00;0;0;24
MUE;26.12.1992 00:00;0;0;24
MUE;27.12.1992 00:00;0;0;24
MUE;28.12.1992 00:00;0;0;22
MUE;29.12.1992 00:00;0;0;22
MUE;30.12.1992 00:00;0;0;22
MUE;31.12.1992 00:00;0;0;22
MUE;01.01.1993 00:00;0;0;21
MUE;02.01.1993 00:00;0.5;3;21
MUE;03.01.1993 00:00;0;0;24
MUE;04.01.1993 00:00;0;0;24
MUE;05.01.1993 00:00;0;0;24
MUE;06.01.1993 00:00;0;0;24
MUE;07.01.1993 00:00;0.1;0;24
MUE;08.01.1993 00:00;0;0;21
MUE;09.01.1993 00:00;0;0;21
MUE;10.01.1993 00:00;0;0;21
MUE;11.01.1993 00:00;0.5;0;20
MUE;12.01.1993 00:00;1.5;0;17
MUE;13.01.1993 00:00;0;0;10
MUE;14.01.1993 00:00;2.9;0;9
MUE;15.01.1993 00:00;0;0;8
MUE;16.01.1993 00:00;0;0;7
MUE;17.01.1993 00:00;0;0;6
MUE;18.01.1993 00:00;0;0;5
MUE;19.01.1993 00:00;0;0;5
MUE;20.01.1993 00:00;0;0;5
MUE;21.01.1993 00:00;0;0;5
MUE;22.01.1993 00:00;0;0;4
MUE;23.01.1993 00:00;0;0;4
MUE;24.01.1993 00:00;0.3;0;4
MUE;25.01.1993 00:00;10.5;11;3
MUE;26.01.1993 00:00;3.2;5;14
MUE;27.01.1993 00:00;32.4;59;16
MUE;28.01.1993 00:00;2.3;0;68
MUE;29.01.1993 00:00;0;0;72
MUE;30.01.1993 00:00;0;0;62
MUE;31.01.1993 00:00;0;0;62
MUE;01.02.1993 00:00;0;0;60
MUE;02.02.1993 00:00;0;0;59
MUE;03.02.1993 00:00;0;0;58
MUE;04.02.1993 00:00;0;0;52
MUE;05.02.1993 00:00;0;0;52
MUE;06.02.1993 00:00;0;0;51
MUE;07.02.1993 00:00;0;0;49
MUE;08.02.1993 00:00;0;0;47
MUE;09.02.1993 00:00;0;0;46
MUE;10.02.1993 00:00;0;0;45
MUE;11.02.1993 00:00;0;0;42
MUE;12.02.1993 00:00;0;0;41
MUE;13.02.1993 00:00;0;0;40
MUE;14.02.1993 00:00;0;0;39
MUE;15.02.1993 00:00;0;0;38
MUE;16.02.1993 00:00;0.2;1;37
MUE;17.02.1993 00:00;4.2;3;37
MUE;18.02.1993 00:00;0;0;40
MUE;19.02.1993 00:00;16.4;18;37
MUE;20.02.1993 00:00;7.7;12;55
MUE;21.02.1993 00:00;34.3;48;65
MUE;22.02.1993 00:00;7.9;11;96
MUE;23.02.1993 00:00;0.5;1;93
MUE;24.02.1993 00:00;0;0;89
MUE;25.02.1993 00:00;0;0;87
MUE;26.02.1993 00:00;0;0;86
MUE;27.02.1993 00:00;0;0;83
MUE;28.02.1993 00:00;0;0;82
MUE;01.03.1993 00:00;0;0;82
MUE;02.03.1993 00:00;4.7;10;77
MUE;03.03.1993 00:00;7.2;9;86
MUE;04.03.1993 00:00;0.9;1;95
MUE;05.03.1993 00:00;0;0;95
MUE;06.03.1993 00:00;0;0;87
MUE;07.03.1993 00:00;0;0;82
MUE;08.03.1993 00:00;0;0;80
MUE;09.03.1993 00:00;0;0;79
MUE;10.03.1993 00:00;0;0;78
MUE;11.03.1993 00:00;0;0;74
MUE;12.03.1993 00:00;0;0;72
MUE;13.03.1993 00:00;0;0;67
MUE;14.03.1993 00:00;0;0;64
MUE;15.03.1993 00:00;0;0;62
MUE;16.03.1993 00:00;0;0;58
MUE;17.03.1993 00:00;0;0;50
MUE;18.03.1993 00:00;0;0;49
MUE;19.03.1993 00:00;0;0;47
MUE;20.03.1993 00:00;0;0;35
MUE;21.03.1993 00:00;2.7;0;30
MUE;22.03.1993 00:00;3;0;23
MUE;23.03.1993 00:00;11;5;22
MUE;24.03.1993 00:00;13.7;23;26
MUE;25.03.1993 00:00;5;12;48
MUE;26.03.1993 00:00;10;8;52
MUE;27.03.1993 00:00;0;0;55
MUE;28.03.1993 00:00;0;0;42
MUE;29.03.1993 00:00;0;0;39
MUE;30.03.1993 00:00;0;0;38
MUE;31.03.1993 00:00;0;0;32
MUE;01.04.1993 00:00;3.4;2;23
MUE;02.04.1993 00:00;8.9;10;20
MUE;03.04.1993 00:00;0;0;30
MUE;04.04.1993 00:00;5.8;9;26
MUE;05.04.1993 00:00;8.8;0;33
MUE;06.04.1993 00:00;21.6;6;20
MUE;07.04.1993 00:00;51.1;11;25
MUE;08.04.1993 00:00;2.7;0;33
MUE;09.04.1993 00:00;0.9;0;23
MUE;10.04.1993 00:00;14.7;5;20
MUE;11.04.1993 00:00;10.9;11;25
MUE;12.04.1993 00:00;1.9;0;25
MUE;13.04.1993 00:00;4.6;4;23
MUE;14.04.1993 00:00;0;0;25
MUE;15.04.1993 00:00;1.9;1;23
MUE;16.04.1993 00:00;2.2;0;23
MUE;17.04.1993 00:00;1.5;2;13
MUE;18.04.1993 00:00;0;0;13
MUE;19.04.1993 00:00;0;0;10
MUE;20.04.1993 00:00;0;0;8
MUE;21.04.1993 00:00;0;0;5
MUE;22.04.1993 00:00;0;0;2
MUE;23.04.1993 00:00;0;0;0
MUE;24.04.1993 00:00;0;0;0
MUE;25.04.1993 00:00;0;0;0
MUE;26.04.1993 00:00;0.5;0;0
MUE;27.04.1993 00:00;0;0;0
MUE;28.04.1993 00:00;0;0;0
MUE;29.04.1993 00:00;0;0;0
MUE;30.04.1993 00:00;0;0;0
MUE;01.05.1993 00:00;6.5;0;0
MUE;02.05.1993 00:00;6;0;0
MUE;03.05.1993 00:00;3.1;0;0
MUE;04.05.1993 00:00;1.5;0;0
MUE;05.05.1993 00:00;1.9;0;0
MUE;06.05.1993 00:00;13.3;0;0
MUE;07.05.1993 00:00;0;0;0
MUE;08.05.1993 00:00;0;0;0
MUE;09.05.1993 00:00;0;0;0
MUE;10.05.1993 00:00;0;0;0
MUE;11.05.1993 00:00;7.4;0;0
MUE;12.05.1993 00:00;4.9;0;0
MUE;13.05.1993 00:00;0.5;0;0
MUE;14.05.1993 00:00;2.8;0;0
MUE;15.05.1993 00:00;9.7;0;0
MUE;16.05.1993 00:00;0;0;0
MUE;17.05.1993 00:00;0;0;0
MUE;18.05.1993 00:00;0;0;0
MUE;19.05.1993 00:00;0;0;0
MUE;20.05.1993 00:00;38.8;11;0
MUE;21.05.1993 00:00;14.4;0;11
MUE;22.05.1993 00:00;0;0;5
MUE;23.05.1993 00:00;0;0;0
MUE;24.05.1993 00:00;0;0;0
MUE;25.05.1993 00:00;0;0;0
MUE;26.05.1993 00:00;0;0;0
MUE;27.05.1993 00:00;7.7;0;0
MUE;28.05.1993 00:00;1.5;0;0
MUE;29.05.1993 00:00;0;0;0
MUE;30.05.1993 00:00;6.6;0;0
MUE;31.05.1993 00:00;0;0;0
MUE;01.06.1993 00:00;0;0;0
MUE;02.06.1993 00:00;18.7;0;0
MUE;03.06.1993 00:00;5;0;0
MUE;04.06.1993 00:00;0;0;0
MUE;05.06.1993 00:00;2.2;0;0
MUE;06.06.1993 00:00;0.7;0;0
MUE;07.06.1993 00:00;0;0;0
MUE;08.06.1993 00:00;1;0;0
MUE;09.06.1993 00:00;1.6;0;0
MUE;10.06.1993 00:00;1.3;0;0
MUE;11.06.1993 00:00;20.5;0;0
MUE;12.06.1993 00:00;1.2;0;0
MUE;13.06.1993 00:00;8.9;0;0
MUE;14.06.1993 00:00;5.6;0;0
MUE;15.06.1993 00:00;6.3;0;0
MUE;16.06.1993 00:00;0;0;0
MUE;17.06.1993 00:00;9.3;0;0
MUE;18.06.1993 00:00;0;0;0
MUE;19.06.1993 00:00;6.5;0;0
MUE;20.06.1993 00:00;13.2;0;0
MUE;21.06.1993 00:00;22.3;0;0
MUE;22.06.1993 00:00;12.5;0;0
MUE;23.06.1993 00:00;23.4;0;0
MUE;24.06.1993 00:00;0;0;0
MUE;25.06.1993 00:00;0;0;0
MUE;26.06.1993 00:00;0;0;0
MUE;27.06.1993 00:00;0;0;0
MUE;28.06.1993 00:00;0;0;0
MUE;29.06.1993 00:00;1.2;0;0
MUE;30.06.1993 00:00;1.1;0;0
MUE;01.07.1993 00:00;0.5;0;0
MUE;02.07.1993 00:00;4.5;0;0
MUE;03.07.1993 00:00;0;0;0
MUE;04.07.1993 00:00;0;0;0
MUE;05.07.1993 00:00;29.1;0;0
MUE;06.07.1993 00:00;1.6;0;0
MUE;07.07.1993 00:00;0;0;0
MUE;08.07.1993 00:00;0;0;0
MUE;09.07.1993 00:00;0.4;0;0
MUE;10.07.1993 00:00;49.2;2;0
MUE;11.07.1993 00:00;4.3;0;2
MUE;12.07.1993 00:00;9.9;0;0
MUE;13.07.1993 00:00;2.7;0;0
MUE;14.07.1993 00:00;7.1;0;0
MUE;15.07.1993 00:00;0.3;0;0
MUE;16.07.1993 00:00;1.9;0;0
MUE;17.07.1993 00:00;0.9;0;0
MUE;18.07.1993 00:00;8.1;0;0
MUE;19.07.1993 00:00;2.6;0;0
MUE;20.07.1993 00:00;11.3;0;0
MUE;21.07.1993 00:00;11;0;0
MUE;22.07.1993 00:00;2.7;0;0
MUE;23.07.1993 00:00;0;0;0
MUE;24.07.1993 00:00;0;0;0
MUE;25.07.1993 00:00;9.7;0;0
MUE;26.07.1993 00:00;0;0;0
MUE;27.07.1993 00:00;0;0;0
MUE;28.07.1993 00:00;0;0;0
MUE;29.07.1993 00:00;0;0;0
MUE;30.07.1993 00:00;22.5;0;0
MUE;31.07.1993 00:00;4.8;0;0
MUE;01.08.1993 00:00;0;0;0
MUE;02.08.1993 00:00;0;0;0
MUE;03.08.1993 00:00;0.8;0;0
MUE;04.08.1993 00:00;3.3;0;0
MUE;05.08.1993 00:00;0.2;0;0
MUE;06.08.1993 00:00;0;0;0
MUE;07.08.1993 00:00;0;0;0
MUE;08.08.1993 00:00;31.3;0;0
MUE;09.08.1993 00:00;0;0;0
MUE;10.08.1993 00:00;12.1;0;0
MUE;11.08.1993 00:00;0;0;0
MUE;12.08.1993 00:00;0;0;0
MUE;13.08.1993 00:00;0;0;0
MUE;14.08.1993 00:00;0;0;0
MUE;15.08.1993 00:00;1.8;0;0
MUE;16.08.1993 00:00;0;0;0
MUE;17.08.1993 00:00;0;0;0
MUE;18.08.1993 00:00;0;0;0
MUE;19.08.1993 00:00;0;0;0
MUE;20.08.1993 00:00;0;0;0
MUE;21.08.1993 00:00;0;0;0
MUE;22.08.1993 00:00;7.2;0;0
MUE;23.08.1993 00:00;7.9;0;0
MUE;24.08.1993 00:00;5;0;0
MUE;25.08.1993 00:00;1.1;0;0
MUE;26.08.1993 00:00;0;0;0
MUE;27.08.1993 00:00;28.7;0;0
MUE;28.08.1993 00:00;4.7;0;0
MUE;29.08.1993 00:00;0;0;0
MUE;30.08.1993 00:00;0;0;0
MUE;31.08.1993 00:00;0;0;0
MUE;01.09.1993 00:00;0;0;0
MUE;02.09.1993 00:00;0;0;0
MUE;03.09.1993 00:00;5.8;0;0
MUE;04.09.1993 00:00;15.5;0;0
MUE;05.09.1993 00:00;0;0;0
MUE;06.09.1993 00:00;0;0;0
MUE;07.09.1993 00:00;2;0;0
MUE;08.09.1993 00:00;6.5;0;0
MUE;09.09.1993 00:00;10.3;0;0
MUE;10.09.1993 00:00;4;0;0
MUE;11.09.1993 00:00;1.2;0;0
MUE;12.09.1993 00:00;0;0;0
MUE;13.09.1993 00:00;10.6;0;0
MUE;14.09.1993 00:00;0.7;0;0
MUE;15.09.1993 00:00;0.4;0;0
MUE;16.09.1993 00:00;0.2;0;0
MUE;17.09.1993 00:00;2.2;0;0
MUE;18.09.1993 00:00;7.2;0;0
MUE;19.09.1993 00:00;0;0;0
MUE;20.09.1993 00:00;0;0;0
MUE;21.09.1993 00:00;0.7;0;0
MUE;22.09.1993 00:00;6.7;0;0
MUE;23.09.1993 00:00;2.7;0;0
MUE;24.09.1993 00:00;35.4;0;0
MUE;25.09.1993 00:00;20.4;1;0
MUE;26.09.1993 00:00;6.4;0;1
MUE;27.09.1993 00:00;9.3;0;0
MUE;28.09.1993 00:00;11;1;0
MUE;29.09.1993 00:00;0;0;1
MUE;30.09.1993 00:00;0;0;0
MUE;01.10.1993 00:00;7;0;0
MUE;02.10.1993 00:00;49.2;11;0
MUE;03.10.1993 00:00;0;0;11
MUE;04.10.1993 00:00;5;0;5
MUE;05.10.1993 00:00;0;0;1
MUE;06.10.1993 00:00;3.5;0;0
MUE;07.10.1993 00:00;0.3;0;0
MUE;08.10.1993 00:00;19.7;0;0
MUE;09.10.1993 00:00;0;0;0
MUE;10.10.1993 00:00;0;0;0
MUE;11.10.1993 00:00;0;0;0
MUE;12.10.1993 00:00;2.7;0;0
MUE;13.10.1993 00:00;2.4;0;0
MUE;14.10.1993 00:00;1.8;0;0
MUE;15.10.1993 00:00;0;0;0
MUE;16.10.1993 00:00;0.3;0;0
MUE;17.10.1993 00:00;0;0;0
MUE;18.10.1993 00:00;0;0;0
MUE;19.10.1993 00:00;0;0;0
MUE;20.10.1993 00:00;0.6;0;0
MUE;21.10.1993 00:00;17;18;0
MUE;22.10.1993 00:00;7.7;12;18
MUE;23.10.1993 00:00;3.8;5;24
MUE;24.10.1993 00:00;8.3;9;23
MUE;25.10.1993 00:00;0;0;18
MUE;26.10.1993 00:00;0;0;10
MUE;27.10.1993 00:00;0;0;7
MUE;28.10.1993 00:00;0;0;5
MUE;29.10.1993 00:00;0;0;2
MUE;30.10.1993 00:00;0;0;1
MUE;31.10.1993 00:00;0;0;1
MUE;01.11.1993 00:00;0;0;1
MUE;02.11.1993 00:00;0;0;0
MUE;03.11.1993 00:00;0;0;0
MUE;04.11.1993 00:00;0;0;0
MUE;05.11.1993 00:00;3.2;0;0
MUE;06.11.1993 00:00;15.8;0;0
MUE;07.11.1993 00:00;0.6;0;0
MUE;08.11.1993 00:00;0.7;0;0
MUE;09.11.1993 00:00;0;0;0
MUE;10.11.1993 00:00;0;0;0
MUE;11.11.1993 00:00;10.8;75;0
MUE;12.11.1993 00:00;0;0;85
MUE;13.11.1993 00:00;0.7;0;6
MUE;14.11.1993 00:00;0.9;4;1
MUE;15.11.1993 00:00;23.7;28;5
MUE;16.11.1993 00:00;0;0;32
MUE;17.11.1993 00:00;0;0;21
MUE;18.11.1993 00:00;0;0;20
MUE;19.11.1993 00:00;0;0;16
MUE;20.11.1993 00:00;0.8;2;15
MUE;21.11.1993 00:00;0;0;17
MUE;22.11.1993 00:00;0;0;15
MUE;23.11.1993 00:00;0;0;15
MUE;24.11.1993 00:00;0;0;15
MUE;25.11.1993 00:00;0;0;13
MUE;26.11.1993 00:00;0;0;10
MUE;27.11.1993 00:00;0;0;10
MUE;28.11.1993 00:00;0;0;9
MUE;29.11.1993 00:00;0;0;8
MUE;30.11.1993 00:00;0;0;8
MUE;01.12.1993 00:00;0;0;8
MUE;02.12.1993 00:00;0;0;8
MUE;03.12.1993 00:00;0;0;8
MUE;04.12.1993 00:00;0;0;8
MUE;05.12.1993 00:00;0;0;7
MUE;06.12.1993 00:00;0;0;6
MUE;07.12.1993 00:00;1.8;2;6
MUE;08.12.1993 00:00;11.7;0;8
MUE;09.12.1993 00:00;0;0;5
MUE;10.12.1993 00:00;10.9;7;5
MUE;11.12.1993 00:00;10.5;15;11
MUE;12.12.1993 00:00;0.7;1;25
MUE;13.12.1993 00:00;4.5;6;21
MUE;14.12.1993 00:00;2.1;2;24
MUE;15.12.1993 00:00;1;2;26
MUE;16.12.1993 00:00;10.4;19;27
MUE;17.12.1993 00:00;7.9;6;40
MUE;18.12.1993 00:00;0;0;42
MUE;19.12.1993 00:00;22.6;0;40
MUE;20.12.1993 00:00;2.2;0;24
MUE;21.12.1993 00:00;9.4;6;13
MUE;22.12.1993 00:00;1.5;3;16
MUE;23.12.1993 00:00;1.2;2;17
MUE;24.12.1993 00:00;28;39;16
MUE;25.12.1993 00:00;10.9;15;55
MUE;26.12.1993 00:00;0.7;2;56
MUE;27.12.1993 00:00;0;0;56
MUE;28.12.1993 00:00;1.5;2;50
MUE;29.12.1993 00:00;1.1;1;50
MUE;30.12.1993 00:00;0.3;0;42
MUE;31.12.1993 00:00;20.8;18;38
MUE;01.01.1994 00:00;12.3;15;52
MUE;02.01.1994 00:00;8.6;3;59
MUE;03.01.1994 00:00;8.9;5;51
MUE;04.01.1994 00:00;0.7;1;52
MUE;05.01.1994 00:00;0;0;51
MUE;06.01.1994 00:00;0;0;48
MUE;07.01.1994 00:00;21.5;11;45
MUE;08.01.1994 00:00;0;0;55
MUE;09.01.1994 00:00;0;0;54
MUE;10.01.1994 00:00;3.7;2;52
MUE;11.01.1994 00:00;1.4;1;52
MUE;12.01.1994 00:00;0;0;52
MUE;13.01.1994 00:00;1.5;0;50
MUE;14.01.1994 00:00;13.7;11;46
MUE;15.01.1994 00:00;0;0;58
MUE;16.01.1994 00:00;1.5;2;58
MUE;17.01.1994 00:00;2.9;5;58
MUE;18.01.1994 00:00;0;0;62
MUE;19.01.1994 00:00;0;0;59
MUE;20.01.1994 00:00;0;0;58
MUE;21.01.1994 00:00;0;0;56
MUE;22.01.1994 00:00;0;0;55
MUE;23.01.1994 00:00;5.5;5;52
MUE;24.01.1994 00:00;48.6;12;56
MUE;25.01.1994 00:00;5.4;1;58
MUE;26.01.1994 00:00;10.1;20;51
MUE;27.01.1994 00:00;7.3;10;58
MUE;28.01.1994 00:00;10;17;57
MUE;29.01.1994 00:00;0;0;65
MUE;30.01.1994 00:00;0;0;60
MUE;31.01.1994 00:00;0;0;58
MUE;01.02.1994 00:00;0;0;57
MUE;02.02.1994 00:00;0;0;57
MUE;03.02.1994 00:00;0;0;55
MUE;04.02.1994 00:00;0;0;52
MUE;05.02.1994 00:00;0;0;52
MUE;06.02.1994 00:00;0.2;0;52
MUE;07.02.1994 00:00;7.8;5;52
MUE;08.02.1994 00:00;7;14;57
MUE;09.02.1994 00:00;0;0;71
MUE;10.02.1994 00:00;12.3;13;71
MUE;11.02.1994 00:00;0;0;83
MUE;12.02.1994 00:00;2.3;3;79
MUE;13.02.1994 00:00;0;0;77
MUE;14.02.1994 00:00;0.3;1;77
MUE;15.02.1994 00:00;0.5;0;75
MUE;16.02.1994 00:00;1;2;75
MUE;17.02.1994 00:00;0;0;70
MUE;18.02.1994 00:00;0;0;70
MUE;19.02.1994 00:00;0;0;66
MUE;20.02.1994 00:00;0.8;1;65
MUE;21.02.1994 00:00;1.5;0;65
MUE;22.02.1994 00:00;0;0;65
MUE;23.02.1994 00:00;0.1;0;63
MUE;24.02.1994 00:00;4.8;6;60
MUE;25.02.1994 00:00;0;0;66
MUE;26.02.1994 00:00;0;0;58
MUE;27.02.1994 00:00;0;0;56
MUE;28.02.1994 00:00;0;0;55
MUE;01.03.1994 00:00;9.9;10;54
MUE;02.03.1994 00:00;6;4;64
MUE;03.03.1994 00:00;2.9;1;62
MUE;04.03.1994 00:00;0;0;61
MUE;05.03.1994 00:00;0.2;0;58
MUE;06.03.1994 00:00;5;0;55
MUE;07.03.1994 00:00;0;0;54
MUE;08.03.1994 00:00;0;0;54
MUE;09.03.1994 00:00;0;0;50
MUE;10.03.1994 00:00;0;0;49
MUE;11.03.1994 00:00;0;0;48
MUE;12.03.1994 00:00;1.7;0;44
MUE;13.03.1994 00:00;0;0;40
MUE;14.03.1994 00:00;0;0;39
MUE;15.03.1994 00:00;0;0;39
MUE;16.03.1994 00:00;0;0;37
MUE;17.03.1994 00:00;1.3;1;35
MUE;18.03.1994 00:00;0;0;35
MUE;19.03.1994 00:00;0.1;0;32
MUE;20.03.1994 00:00;2;0;31
MUE;21.03.1994 00:00;1.3;0;30
MUE;22.03.1994 00:00;0;0;28
MUE;23.03.1994 00:00;0;0;26
MUE;24.03.1994 00:00;0;0;21
MUE;25.03.1994 00:00;10.3;0;10
MUE;26.03.1994 00:00;12.4;0;1
MUE;27.03.1994 00:00;0;0;1
MUE;28.03.1994 00:00;0;0;1
MUE;29.03.1994 00:00;0;0;1
MUE;30.03.1994 00:00;0;0;1
MUE;31.03.1994 00:00;0;0;1
MUE;01.04.1994 00:00;10.1;6;1
MUE;02.04.1994 00:00;12.3;13;6
MUE;03.04.1994 00:00;0.6;0;14
MUE;04.04.1994 00:00;16.1;11;4
MUE;05.04.1994 00:00;1.8;2;12
MUE;06.04.1994 00:00;6.7;6;2
MUE;07.04.1994 00:00;7.7;10;8
MUE;08.04.1994 00:00;1.2;1;11
MUE;09.04.1994 00:00;5.3;1;4
MUE;10.04.1994 00:00;3.3;2;5
MUE;11.04.1994 00:00;5.7;13;4
MUE;12.04.1994 00:00;12.8;18;17
MUE;13.04.1994 00:00;7.1;6;28
MUE;14.04.1994 00:00;24.1;21;26
MUE;15.04.1994 00:00;0.6;0;40
MUE;16.04.1994 00:00;0.3;0;30
MUE;17.04.1994 00:00;3;1;19
MUE;18.04.1994 00:00;0.9;0;14
MUE;19.04.1994 00:00;1.5;0;14
MUE;20.04.1994 00:00;1.3;0;9
MUE;21.04.1994 00:00;1.2;0;5
MUE;22.04.1994 00:00;0;0;3
MUE;23.04.1994 00:00;0;0;1
MUE;24.04.1994 00:00;0;0;0
MUE;25.04.1994 00:00;20;2;0
MUE;26.04.1994 00:00;0;0;2
MUE;27.04.1994 00:00;0.3;0;1
MUE;28.04.1994 00:00;0;0;1
MUE;29.04.1994 00:00;0;0;0
MUE;30.04.1994 00:00;0;0;0
MUE;01.05.1994 00:00;0.1;0;0
MUE;02.05.1994 00:00;0;0;0
MUE;03.05.1994 00:00;0;0;0
MUE;04.05.1994 00:00;7.2;0;0
MUE;05.05.1994 00:00;5;0;0
MUE;06.05.1994 00:00;0.8;0;0
MUE;07.05.1994 00:00;2;0;0
MUE;08.05.1994 00:00;13.5;0;0
MUE;09.05.1994 00:00;9.2;0;0
MUE;10.05.1994 00:00;0;0;0
MUE;11.05.1994 00:00;0;0;0
MUE;12.05.1994 00:00;0.4;0;0
MUE;13.05.1994 00:00;0;0;0
MUE;14.05.1994 00:00;0;0;0
MUE;15.05.1994 00:00;0;0;0
MUE;16.05.1994 00:00;0.1;0;0
MUE;17.05.1994 00:00;15.6;0;0
MUE;18.05.1994 00:00;49.9;0;0
MUE;19.05.1994 00:00;7.9;0;0
MUE;20.05.1994 00:00;4.4;0;0
MUE;21.05.1994 00:00;6.9;0;0
MUE;22.05.1994 00:00;0;0;0
MUE;23.05.1994 00:00;4.8;0;0
MUE;24.05.1994 00:00;19;0;0
MUE;25.05.1994 00:00;0;0;0
MUE;26.05.1994 00:00;20.5;0;0
MUE;27.05.1994 00:00;0;0;0
MUE;28.05.1994 00:00;22.8;0;0
MUE;29.05.1994 00:00;7.5;0;0
MUE;30.05.1994 00:00;18.3;0;0
MUE;31.05.1994 00:00;0;0;0
MUE;01.06.1994 00:00;0;0;0
MUE;02.06.1994 00:00;15.1;0;0
MUE;03.06.1994 00:00;3.5;0;0
MUE;04.06.1994 00:00;10.8;0;0
MUE;05.06.1994 00:00;11;0;0
MUE;06.06.1994 00:00;2.1;0;0
MUE;07.06.1994 00:00;0.3;0;0
MUE;08.06.1994 00:00;23.7;0;0
MUE;09.06.1994 00:00;7.8;0;0
MUE;10.06.1994 00:00;3.5;0;0
MUE;11.06.1994 00:00;6.9;0;0
MUE;12.06.1994 00:00;0.3;0;0
MUE;13.06.1994 00:00;0;0;0
MUE;14.06.1994 00:00;0;0;0
MUE;15.06.1994 00:00;0;0;0
MUE;16.06.1994 00:00;0;0;0
MUE;17.06.1994 00:00;0;0;0
MUE;18.06.1994 00:00;2.1;0;0
MUE;19.06.1994 00:00;7.7;0;0
MUE;20.06.1994 00:00;4.1;0;0
MUE;21.06.1994 00:00;0;0;0
MUE;22.06.1994 00:00;0;0;0
MUE;23.06.1994 00:00;0;0;0
MUE;24.06.1994 00:00;19.6;0;0
MUE;25.06.1994 00:00;0.6;0;0
MUE;26.06.1994 00:00;12.5;0;0
MUE;27.06.1994 00:00;0;0;0
MUE;28.06.1994 00:00;0;0;0
MUE;29.06.1994 00:00;4.4;0;0
MUE;30.06.1994 00:00;0;0;0
MUE;01.07.1994 00:00;0;0;0
MUE;02.07.1994 00:00;0;0;0
MUE;03.07.1994 00:00;0;0;0
MUE;04.07.1994 00:00;35.9;0;0
MUE;05.07.1994 00:00;6.9;0;0
MUE;06.07.1994 00:00;9.7;0;0
MUE;07.07.1994 00:00;0.6;0;0
MUE;08.07.1994 00:00;0.6;0;0
MUE;09.07.1994 00:00;0;0;0
MUE;10.07.1994 00:00;0;0;0
MUE;11.07.1994 00:00;0;0;0
MUE;12.07.1994 00:00;0;0;0
MUE;13.07.1994 00:00;0.7;0;0
MUE;14.07.1994 00:00;25.8;0;0
MUE;15.07.1994 00:00;0;0;0
MUE;16.07.1994 00:00;0;0;0
MUE;17.07.1994 00:00;1.8;0;0
MUE;18.07.1994 00:00;29.1;0;0
MUE;19.07.1994 00:00;32.1;0;0
MUE;20.07.1994 00:00;4.4;0;0
MUE;21.07.1994 00:00;0;0;0
MUE;22.07.1994 00:00;2.2;0;0
MUE;23.07.1994 00:00;5.2;0;0
MUE;24.07.1994 00:00;0;0;0
MUE;25.07.1994 00:00;0;0;0
MUE;26.07.1994 00:00;3.6;0;0
MUE;27.07.1994 00:00;0;0;0
MUE;28.07.1994 00:00;1.1;0;0
MUE;29.07.1994 00:00;1.3;0;0
MUE;30.07.1994 00:00;0.9;0;0
MUE;31.07.1994 00:00;0.7;0;0
MUE;01.08.1994 00:00;6.5;0;0
MUE;02.08.1994 00:00;0;0;0
MUE;03.08.1994 00:00;0;0;0
MUE;04.08.1994 00:00;0;0;0
MUE;05.08.1994 00:00;0.2;0;0
MUE;06.08.1994 00:00;25.3;0;0
MUE;07.08.1994 00:00;10.5;0;0
MUE;08.08.1994 00:00;8.4;0;0
MUE;09.08.1994 00:00;0;0;0
MUE;10.08.1994 00:00;12.9;0;0
MUE;11.08.1994 00:00;4.5;0;0
MUE;12.08.1994 00:00;1.9;0;0
MUE;13.08.1994 00:00;21.1;0;0
MUE;14.08.1994 00:00;0;0;0
MUE;15.08.1994 00:00;0;0;0
MUE;16.08.1994 00:00;0.2;0;0
MUE;17.08.1994 00:00;32;0;0
MUE;18.08.1994 00:00;1.3;0;0
MUE;19.08.1994 00:00;1.2;0;0
MUE;20.08.1994 00:00;0;0;0
MUE;21.08.1994 00:00;1.7;0;0
MUE;22.08.1994 00:00;0.8;0;0
MUE;23.08.1994 00:00;9;0;0
MUE;24.08.1994 00:00;20.4;0;0
MUE;25.08.1994 00:00;5.7;0;0
MUE;26.08.1994 00:00;0;0;0
MUE;27.08.1994 00:00;0;0;0
MUE;28.08.1994 00:00;0.7;0;0
MUE;29.08.1994 00:00;0;0;0
MUE;30.08.1994 00:00;12.3;0;0
MUE;31.08.1994 00:00;9.8;0;0
MUE;01.09.1994 00:00;16.8;0;0
MUE;02.09.1994 00:00;15.3;0;0
MUE;03.09.1994 00:00;0;0;0
MUE;04.09.1994 00:00;0;0;0
MUE;05.09.1994 00:00;0;0;0
MUE;06.09.1994 00:00;0;0;0
MUE;07.09.1994 00:00;1.6;0;0
MUE;08.09.1994 00:00;18.4;0;0
MUE;09.09.1994 00:00;1.4;0;0
MUE;10.09.1994 00:00;0;0;0
MUE;11.09.1994 00:00;0.2;0;0
MUE;12.09.1994 00:00;17.1;0;0
MUE;13.09.1994 00:00;5.2;0;0
MUE;14.09.1994 00:00;19.9;0;0
MUE;15.09.1994 00:00;6.5;0;0
MUE;16.09.1994 00:00;15.6;4;0
MUE;17.09.1994 00:00;3.1;1;4
MUE;18.09.1994 00:00;1;0;3
MUE;19.09.1994 00:00;0;0;0
MUE;20.09.1994 00:00;2.3;0;0
MUE;21.09.1994 00:00;0;0;0
MUE;22.09.1994 00:00;0;0;0
MUE;23.09.1994 00:00;0.6;0;0
MUE;24.09.1994 00:00;0;0;0
MUE;25.09.1994 00:00;0;0;0
MUE;26.09.1994 00:00;6.9;0;0
MUE;27.09.1994 00:00;0.4;0;0
MUE;28.09.1994 00:00;0;0;0
MUE;29.09.1994 00:00;0;0;0
MUE;30.09.1994 00:00;0;0;0
MUE;01.10.1994 00:00;0.1;0;0
MUE;02.10.1994 00:00;7;0;0
MUE;03.10.1994 00:00;7.2;0;0
MUE;04.10.1994 00:00;1.1;0;0
MUE;05.10.1994 00:00;0;0;0
MUE;06.10.1994 00:00;0;0;0
MUE;07.10.1994 00:00;0;0;0
MUE;08.10.1994 00:00;0;0;0
MUE;09.10.1994 00:00;0;0;0
MUE;10.10.1994 00:00;0;0;0
MUE;11.10.1994 00:00;0;0;0
MUE;12.10.1994 00:00;6.3;0;0
MUE;13.10.1994 00:00;0;0;0
MUE;14.10.1994 00:00;0;0;0
MUE;15.10.1994 00:00;0;0;0
MUE;16.10.1994 00:00;0;0;0
MUE;17.10.1994 00:00;0;0;0
MUE;18.10.1994 00:00;0;0;0
MUE;19.10.1994 00:00;0;0;0
MUE;20.10.1994 00:00;0;0;0
MUE;21.10.1994 00:00;0;0;0
MUE;22.10.1994 00:00;2;0;0
MUE;23.10.1994 00:00;12.1;0;0
MUE;24.10.1994 00:00;0;0;0
MUE;25.10.1994 00:00;1.4;0;0
MUE;26.10.1994 00:00;4;0;0
MUE;27.10.1994 00:00;0;0;4
MUE;28.10.1994 00:00;7.4;4;0
MUE;29.10.1994 00:00;1;0;4
MUE;30.10.1994 00:00;0.8;0;0
MUE;31.10.1994 00:00;0;0;0
MUE;01.11.1994 00:00;0;0;0
MUE;02.11.1994 00:00;0;0;0
MUE;03.11.1994 00:00;0.1;0;0
MUE;04.11.1994 00:00;0;0;0
MUE;05.11.1994 00:00;2;0;0
MUE;06.11.1994 00:00;8.1;0;0
MUE;07.11.1994 00:00;0;0;0
MUE;08.11.1994 00:00;0;0;0
MUE;09.11.1994 00:00;3;0;0
MUE;10.11.1994 00:00;4.7;1;0
MUE;11.11.1994 00:00;5.4;0;1
MUE;12.11.1994 00:00;0.5;0;1
MUE;13.11.1994 00:00;0.4;0;0
MUE;14.11.1994 00:00;0;0;0
MUE;15.11.1994 00:00;2;0;0
MUE;16.11.1994 00:00;0;0;0
MUE;17.11.1994 00:00;0;0;0
MUE;18.11.1994 00:00;21.3;0;0
MUE;19.11.1994 00:00;5.6;0;0
MUE;20.11.1994 00:00;0;0;0
MUE;21.11.1994 00:00;0;0;0
MUE;22.11.1994 00:00;0;0;0
MUE;23.11.1994 00:00;0;0;0
MUE;24.11.1994 00:00;0;0;0
MUE;25.11.1994 00:00;0;0;0
MUE;26.11.1994 00:00;0;0;0
MUE;27.11.1994 00:00;0;0;0
MUE;28.11.1994 00:00;0;0;0
MUE;29.11.1994 00:00;0;0;0
MUE;30.11.1994 00:00;0;0;0
MUE;01.12.1994 00:00;0;0;0
MUE;02.12.1994 00:00;0;0;0
MUE;03.12.1994 00:00;0;0;0
MUE;04.12.1994 00:00;0.2;0;0
MUE;05.12.1994 00:00;3.5;0;0
MUE;06.12.1994 00:00;1.2;0;0
MUE;07.12.1994 00:00;0;0;0
MUE;08.12.1994 00:00;1.3;0;0
MUE;09.12.1994 00:00;18;0;0
MUE;10.12.1994 00:00;4.9;0;0
MUE;11.12.1994 00:00;0;0;0
MUE;12.12.1994 00:00;0;0;0
MUE;13.12.1994 00:00;0;0;0
MUE;14.12.1994 00:00;1;1;0
MUE;15.12.1994 00:00;0;0;1
MUE;16.12.1994 00:00;0;0;0
MUE;17.12.1994 00:00;0;0;0
MUE;18.12.1994 00:00;0;0;0
MUE;19.12.1994 00:00;9.5;9;0
MUE;20.12.1994 00:00;11.6;18;10
MUE;21.12.1994 00:00;3.8;5;29
MUE;22.12.1994 00:00;0.9;2;30
MUE;23.12.1994 00:00;0;0;26
MUE;24.12.1994 00:00;0;0;23
MUE;25.12.1994 00:00;0;0;20
MUE;26.12.1994 00:00;0.3;1;20
MUE;27.12.1994 00:00;11.3;0;18
MUE;28.12.1994 00:00;3.7;0;15
MUE;29.12.1994 00:00;1.9;1;12
MUE;30.12.1994 00:00;26.4;28;10
MUE;31.12.1994 00:00;3.7;6;43
MUE;01.01.1995 00:00;55.6;14;47
MUE;02.01.1995 00:00;26.3;20;55
MUE;03.01.1995 00:00;0.8;0;61
MUE;04.01.1995 00:00;0;0;56
MUE;05.01.1995 00:00;0;0;55
MUE;06.01.1995 00:00;0;0;50
MUE;07.01.1995 00:00;0;0;47
MUE;08.01.1995 00:00;0;0;45
MUE;09.01.1995 00:00;2.3;5;45
MUE;10.01.1995 00:00;60.7;58;47
MUE;11.01.1995 00:00;50.4;25;100
MUE;12.01.1995 00:00;14.4;11;118
MUE;13.01.1995 00:00;0;0;121
MUE;14.01.1995 00:00;0;0;116
MUE;15.01.1995 00:00;0;0;111
MUE;16.01.1995 00:00;0;0;107
MUE;17.01.1995 00:00;0;0;103
MUE;18.01.1995 00:00;10.6;20;100
MUE;19.01.1995 00:00;0;0;117
MUE;20.01.1995 00:00;3;5;108
MUE;21.01.1995 00:00;0.7;1;108
MUE;22.01.1995 00:00;2.4;0;103
MUE;23.01.1995 00:00;17.8;22;90
MUE;24.01.1995 00:00;8.1;1;107
MUE;25.01.1995 00:00;8.7;0;95
MUE;26.01.1995 00:00;21.1;17;80
MUE;27.01.1995 00:00;1.3;0;95
MUE;28.01.1995 00:00;3.1;4;91
MUE;29.01.1995 00:00;3.7;3;89
MUE;30.01.1995 00:00;17.8;17;90
MUE;31.01.1995 00:00;0;0;103
MUE;01.02.1995 00:00;0;0;99
MUE;02.02.1995 00:00;0;0;95
MUE;03.02.1995 00:00;0;0;91
MUE;04.02.1995 00:00;9.9;2;90
MUE;05.02.1995 00:00;0;0;91
MUE;06.02.1995 00:00;0;0;89
MUE;07.02.1995 00:00;0;0;88
MUE;08.02.1995 00:00;7.3;5;87
MUE;09.02.1995 00:00;3.2;0;91
MUE;10.02.1995 00:00;1.4;2;92
MUE;11.02.1995 00:00;1.8;0;92
MUE;12.02.1995 00:00;0;0;88
MUE;13.02.1995 00:00;4.5;6;86
MUE;14.02.1995 00:00;0;0;91
MUE;15.02.1995 00:00;5.1;1;88
MUE;16.02.1995 00:00;9.5;6;86
MUE;17.02.1995 00:00;20.7;25;88
MUE;18.02.1995 00:00;33.2;13;108
MUE;19.02.1995 00:00;0;0;17
MUE;20.02.1995 00:00;0;0;105
MUE;21.02.1995 00:00;4.1;5;95
MUE;22.02.1995 00:00;10.8;2;94
MUE;23.02.1995 00:00;3;2;91
MUE;24.02.1995 00:00;19.8;22;93
MUE;25.02.1995 00:00;8.7;10;116
MUE;26.02.1995 00:00;13.2;23;119
MUE;27.02.1995 00:00;0;0;135
MUE;28.02.1995 00:00;0;0;125
MUE;01.03.1995 00:00;0;0;119
MUE;02.03.1995 00:00;0;0;112
MUE;03.03.1995 00:00;12.2;12;110
MUE;04.03.1995 00:00;3.8;5;121
MUE;05.03.1995 00:00;10.2;17;124
MUE;06.03.1995 00:00;4.8;6;137
MUE;07.03.1995 00:00;0;0;139
MUE;08.03.1995 00:00;3.1;4;127
MUE;09.03.1995 00:00;0;0;128
MUE;10.03.1995 00:00;0;0;122
MUE;11.03.1995 00:00;0;0;118
MUE;12.03.1995 00:00;0;0;109
MUE;13.03.1995 00:00;0;0;107
MUE;14.03.1995 00:00;0;0;105
MUE;15.03.1995 00:00;4.4;7;104
MUE;16.03.1995 00:00;3.5;0;109
MUE;17.03.1995 00:00;5.3;0;107
MUE;18.03.1995 00:00;8.9;0;103
MUE;19.03.1995 00:00;24;32;105
MUE;20.03.1995 00:00;8.1;21;125
MUE;21.03.1995 00:00;1.1;2;133
MUE;22.03.1995 00:00;0;0;128
MUE;23.03.1995 00:00;0;0;126
MUE;24.03.1995 00:00;0;0;109
MUE;25.03.1995 00:00;0;0;103
MUE;26.03.1995 00:00;0;0;100
MUE;27.03.1995 00:00;13.1;26;95
MUE;28.03.1995 00:00;4.7;7;120
MUE;29.03.1995 00:00;35.2;33;120
MUE;30.03.1995 00:00;0;0;140
MUE;31.03.1995 00:00;6.8;9;131
MUE;01.04.1995 00:00;5.5;0;137
MUE;02.04.1995 00:00;0;0;122
MUE;03.04.1995 00:00;0;0;111
MUE;04.04.1995 00:00;0;0;108
MUE;05.04.1995 00:00;0;0;103
MUE;06.04.1995 00:00;0;0;95
MUE;07.04.1995 00:00;0;0;88
MUE;08.04.1995 00:00;0;0;83
MUE;09.04.1995 00:00;0;0;80
MUE;10.04.1995 00:00;4.5;0;74
MUE;11.04.1995 00:00;0;0;71
MUE;12.04.1995 00:00;9.5;8;65
MUE;13.04.1995 00:00;0;0;68
MUE;14.04.1995 00:00;0.1;1;65
MUE;15.04.1995 00:00;0.1;1;64
MUE;16.04.1995 00:00;6.1;6;63
MUE;17.04.1995 00:00;0;0;68
MUE;18.04.1995 00:00;0;0;62
MUE;19.04.1995 00:00;14.9;18;57
MUE;20.04.1995 00:00;3.6;3;69
MUE;21.04.1995 00:00;13.3;0;68
MUE;22.04.1995 00:00;4.7;0;50
MUE;23.04.1995 00:00;0;0;44
MUE;24.04.1995 00:00;1.1;0;33
MUE;25.04.1995 00:00;30.8;12;28
MUE;26.04.1995 00:00;9;1;34
MUE;27.04.1995 00:00;4.7;0;28
MUE;28.04.1995 00:00;0;0;25
MUE;29.04.1995 00:00;14.4;0;17
MUE;30.04.1995 00:00;3.5;0;10
MUE;01.05.1995 00:00;0;0;7
MUE;02.05.1995 00:00;0;0;5
MUE;03.05.1995 00:00;0;0;4
MUE;04.05.1995 00:00;0;0;2
MUE;05.05.1995 00:00;0;0;1
MUE;06.05.1995 00:00;0;0;1
MUE;07.05.1995 00:00;0;0;1
MUE;08.05.1995 00:00;0.5;0;1
MUE;09.05.1995 00:00;1.5;0;0
MUE;10.05.1995 00:00;0;0;0
MUE;11.05.1995 00:00;1.4;0;0
MUE;12.05.1995 00:00;27.7;3;0
MUE;13.05.1995 00:00;26.9;18;3
MUE;14.05.1995 00:00;4.6;1;35
MUE;15.05.1995 00:00;0;0;19
MUE;16.05.1995 00:00;0.3;0;1
MUE;17.05.1995 00:00;0;0;0
MUE;18.05.1995 00:00;11.1;1;0
MUE;19.05.1995 00:00;3;4;1
MUE;20.05.1995 00:00;0.7;1;4
MUE;21.05.1995 00:00;0;0;1
MUE;22.05.1995 00:00;0;0;0
MUE;23.05.1995 00:00;0;0;0
MUE;24.05.1995 00:00;0;0;0
MUE;25.05.1995 00:00;6.7;0;0
MUE;26.05.1995 00:00;12.4;0;0
MUE;27.05.1995 00:00;0;0;0
MUE;28.05.1995 00:00;0;0;0
MUE;29.05.1995 00:00;10.6;0;0
MUE;30.05.1995 00:00;37.4;0;0
MUE;31.05.1995 00:00;22.5;0;0
MUE;01.06.1995 00:00;15.1;0;0
MUE;02.06.1995 00:00;0.7;0;0
MUE;03.06.1995 00:00;1.6;0;0
MUE;04.06.1995 00:00;7.1;0;0
MUE;05.06.1995 00:00;18.6;0;0
MUE;06.06.1995 00:00;0;0;0
MUE;07.06.1995 00:00;0;0;0
MUE;08.06.1995 00:00;6.6;0;0
MUE;09.06.1995 00:00;4.2;0;0
MUE;10.06.1995 00:00;24;2;0
MUE;11.06.1995 00:00;8.5;0;2
MUE;12.06.1995 00:00;15.7;0;0
MUE;13.06.1995 00:00;9.6;0;0
MUE;14.06.1995 00:00;2.7;0;0
MUE;15.06.1995 00:00;0;0;0
MUE;16.06.1995 00:00;0;0;0
MUE;17.06.1995 00:00;0.8;0;0
MUE;18.06.1995 00:00;0;0;0
MUE;19.06.1995 00:00;0;0;0
MUE;20.06.1995 00:00;0;0;0
MUE;21.06.1995 00:00;9.1;0;0
MUE;22.06.1995 00:00;0;0;0
MUE;23.06.1995 00:00;2.4;0;0
MUE;24.06.1995 00:00;3;0;0
MUE;25.06.1995 00:00;0;0;0
MUE;26.06.1995 00:00;0;0;0
MUE;27.06.1995 00:00;0;0;0
MUE;28.06.1995 00:00;0;0;0
MUE;29.06.1995 00:00;0;0;0
MUE;30.06.1995 00:00;0;0;0
MUE;01.07.1995 00:00;9.1;0;0
MUE;02.07.1995 00:00;24.8;0;0
MUE;03.07.1995 00:00;7.4;0;0
MUE;04.07.1995 00:00;0.7;0;0
MUE;05.07.1995 00:00;1.2;0;0
MUE;06.07.1995 00:00;0;0;0
MUE;07.07.1995 00:00;0;0;0
MUE;08.07.1995 00:00;0;0;0
MUE;09.07.1995 00:00;0;0;0
MUE;10.07.1995 00:00;0;0;0
MUE;11.07.1995 00:00;5.2;0;0
MUE;12.07.1995 00:00;0;0;0
MUE;13.07.1995 00:00;5.2;0;0
MUE;14.07.1995 00:00;6.1;0;0
MUE;15.07.1995 00:00;0.5;0;0
MUE;16.07.1995 00:00;3.6;0;0
MUE;17.07.1995 00:00;0;0;0
MUE;18.07.1995 00:00;0;0;0
MUE;19.07.1995 00:00;0;0;0
MUE;20.07.1995 00:00;0;0;0
MUE;21.07.1995 00:00;6.6;0;0
MUE;22.07.1995 00:00;10;0;0
MUE;23.07.1995 00:00;0;0;0
MUE;24.07.1995 00:00;0;0;0
MUE;25.07.1995 00:00;0;0;0
MUE;26.07.1995 00:00;1.6;0;0
MUE;27.07.1995 00:00;22.4;0;0
MUE;28.07.1995 00:00;0;0;0
MUE;29.07.1995 00:00;0;0;0
MUE;30.07.1995 00:00;11.1;0;0
MUE;31.07.1995 00:00;1.8;0;0
MUE;01.08.1995 00:00;0;0;0
MUE;02.08.1995 00:00;0;0;0
MUE;03.08.1995 00:00;0;0;0
MUE;04.08.1995 00:00;0;0;0
MUE;05.08.1995 00:00;0;0;0
MUE;06.08.1995 00:00;24;0;0
MUE;07.08.1995 00:00;19.1;0;0
MUE;08.08.1995 00:00;16.2;0;0
MUE;09.08.1995 00:00;0;0;0
MUE;10.08.1995 00:00;0;0;0
MUE;11.08.1995 00:00;16;0;0
MUE;12.08.1995 00:00;9.9;0;0
MUE;13.08.1995 00:00;13.2;0;0
MUE;14.08.1995 00:00;16.1;0;0
MUE;15.08.1995 00:00;0;0;0
MUE;16.08.1995 00:00;0;0;0
MUE;17.08.1995 00:00;0;0;0
MUE;18.08.1995 00:00;0;0;0
MUE;19.08.1995 00:00;27.2;0;0
MUE;20.08.1995 00:00;4.5;0;0
MUE;21.08.1995 00:00;4;0;0
MUE;22.08.1995 00:00;0;0;0
MUE;23.08.1995 00:00;6.8;0;0
MUE;24.08.1995 00:00;6.3;0;0
MUE;25.08.1995 00:00;6.4;0;0
MUE;26.08.1995 00:00;3.2;0;0
MUE;27.08.1995 00:00;25.3;0;0
MUE;28.08.1995 00:00;36.8;0;0
MUE;29.08.1995 00:00;5.8;0;0
MUE;30.08.1995 00:00;2;0;0
MUE;31.08.1995 00:00;0;0;0
MUE;01.09.1995 00:00;0;0;0
MUE;02.09.1995 00:00;0;0;0
MUE;03.09.1995 00:00;7.8;1;0
MUE;04.09.1995 00:00;8.5;0;0
MUE;05.09.1995 00:00;0;0;0
MUE;06.09.1995 00:00;0;0;0
MUE;07.09.1995 00:00;25.3;0;0
MUE;08.09.1995 00:00;4.9;0;0
MUE;09.09.1995 00:00;0;0;0
MUE;10.09.1995 00:00;0.4;0;0
MUE;11.09.1995 00:00;0.3;0;0
MUE;12.09.1995 00:00;9.2;0;0
MUE;13.09.1995 00:00;32;0;0
MUE;14.09.1995 00:00;2.8;0;0
MUE;15.09.1995 00:00;0.4;0;0
MUE;16.09.1995 00:00;7;0;0
MUE;17.09.1995 00:00;0;0;0
MUE;18.09.1995 00:00;0;0;0
MUE;19.09.1995 00:00;5.3;0;0
MUE;20.09.1995 00:00;12.2;0;0
MUE;21.09.1995 00:00;2.9;0;0
MUE;22.09.1995 00:00;0.3;0;0
MUE;23.09.1995 00:00;0;0;0
MUE;24.09.1995 00:00;6.5;1;0
MUE;25.09.1995 00:00;8.2;0;1
MUE;26.09.1995 00:00;0;0;1
MUE;27.09.1995 00:00;18.7;0;0
MUE;28.09.1995 00:00;0.2;1;0
MUE;29.09.1995 00:00;0;0;1
MUE;30.09.1995 00:00;0.1;0;0
MUE;01.10.1995 00:00;0;0;0
MUE;02.10.1995 00:00;0;0;0
MUE;03.10.1995 00:00;0;0;0
MUE;04.10.1995 00:00;0;0;0
MUE;05.10.1995 00:00;0;0;0
MUE;06.10.1995 00:00;0;0;0
MUE;07.10.1995 00:00;0;0;0
MUE;08.10.1995 00:00;0;0;0
MUE;09.10.1995 00:00;0;0;0
MUE;10.10.1995 00:00;0;0;0
MUE;11.10.1995 00:00;0;0;0
MUE;12.10.1995 00:00;0;0;0
MUE;13.10.1995 00:00;0;0;0
MUE;14.10.1995 00:00;0;0;0
MUE;15.10.1995 00:00;0;0;0
MUE;16.10.1995 00:00;0;0;0
MUE;17.10.1995 00:00;0;0;0
MUE;18.10.1995 00:00;0;0;0
MUE;19.10.1995 00:00;0;0;0
MUE;20.10.1995 00:00;0;0;0
MUE;21.10.1995 00:00;0;0;0
MUE;22.10.1995 00:00;0;0;0
MUE;23.10.1995 00:00;0;0;0
MUE;24.10.1995 00:00;0;0;0
MUE;25.10.1995 00:00;0;0;0
MUE;26.10.1995 00:00;0;0;0
MUE;27.10.1995 00:00;0.6;0;0
MUE;28.10.1995 00:00;0;0;0
MUE;29.10.1995 00:00;1.1;0;0
MUE;30.10.1995 00:00;2.4;0;0
MUE;31.10.1995 00:00;0;0;0
MUE;01.11.1995 00:00;13.8;10;0
MUE;02.11.1995 00:00;0;0;10
MUE;03.11.1995 00:00;11.6;7;6
MUE;04.11.1995 00:00;1.5;2;13
MUE;05.11.1995 00:00;0;0;14
MUE;06.11.1995 00:00;0;0;12
MUE;07.11.1995 00:00;0;0;11
MUE;08.11.1995 00:00;0;0;8
MUE;09.11.1995 00:00;0;0;6
MUE;10.11.1995 00:00;0;0;3
MUE;11.11.1995 00:00;0;0;2
MUE;12.11.1995 00:00;0.8;0;1
MUE;13.11.1995 00:00;5.8;0;0
MUE;14.11.1995 00:00;1.2;0;0
MUE;15.11.1995 00:00;0.2;0;0
MUE;16.11.1995 00:00;1.5;0;0
MUE;17.11.1995 00:00;20.4;29;0
MUE;18.11.1995 00:00;1.2;3;29
MUE;19.11.1995 00:00;6.8;12;19
MUE;20.11.1995 00:00;1;0;27
MUE;21.11.1995 00:00;0;0;18
MUE;22.11.1995 00:00;0;0;7
MUE;23.11.1995 00:00;0;0;7
MUE;24.11.1995 00:00;0;0;6
MUE;25.11.1995 00:00;0;0;6
MUE;26.11.1995 00:00;0;0;6
MUE;27.11.1995 00:00;3.1;6;5
MUE;28.11.1995 00:00;2.9;3;10
MUE;29.11.1995 00:00;0;0;13
MUE;30.11.1995 00:00;0;0;10
MUE;01.12.1995 00:00;0;0;10
MUE;02.12.1995 00:00;0;0;9
MUE;03.12.1995 00:00;0.2;0;8
MUE;04.12.1995 00:00;0.9;3;7
MUE;05.12.1995 00:00;0;0;10
MUE;06.12.1995 00:00;0;0;10
MUE;07.12.1995 00:00;0;0;10
MUE;08.12.1995 00:00;0;0;10
MUE;09.12.1995 00:00;0;0;10
MUE;10.12.1995 00:00;0;0;10
MUE;11.12.1995 00:00;0;0;9
MUE;12.12.1995 00:00;1.1;2;9
MUE;13.12.1995 00:00;2.9;3;10
MUE;14.12.1995 00:00;0.6;0;14
MUE;15.12.1995 00:00;0;0;14
MUE;16.12.1995 00:00;0;0;13
MUE;17.12.1995 00:00;1.1;1;12
MUE;18.12.1995 00:00;9.4;9;12
MUE;19.12.1995 00:00;0;0;20
MUE;20.12.1995 00:00;6.4;0;18
MUE;21.12.1995 00:00;1.1;0;12
MUE;22.12.1995 00:00;2.8;0;11
MUE;23.12.1995 00:00;3.2;0;10
MUE;24.12.1995 00:00;6.4;0;9
MUE;25.12.1995 00:00;13;0;6
MUE;26.12.1995 00:00;14.9;11;3
MUE;27.12.1995 00:00;1.6;2;22
MUE;28.12.1995 00:00;3.4;4;25
MUE;29.12.1995 00:00;4.3;1;25
MUE;30.12.1995 00:00;0.5;2;28
MUE;31.12.1995 00:00;8.8;13;29
MUE;01.01.1996 00:00;0;0;0
MUE;02.01.1996 00:00;3.8;0;0
MUE;03.01.1996 00:00;0;0;0
MUE;04.01.1996 00:00;0;0;0
MUE;05.01.1996 00:00;0;0;0
MUE;06.01.1996 00:00;0;0;0
MUE;07.01.1996 00:00;7.8;0;0
MUE;08.01.1996 00:00;0;0;0
MUE;09.01.1996 00:00;0;0;0
MUE;10.01.1996 00:00;0;0;0
MUE;11.01.1996 00:00;0;0;0
MUE;12.01.1996 00:00;0;0;0
MUE;13.01.1996 00:00;0;0;0
MUE;14.01.1996 00:00;0;0;0
MUE;15.01.1996 00:00;0;0;0
MUE;16.01.1996 00:00;0;0;0
MUE;17.01.1996 00:00;0;0;0
MUE;18.01.1996 00:00;0;0;0
MUE;19.01.1996 00:00;0;0;0
MUE;20.01.1996 00:00;0;0;0
MUE;21.01.1996 00:00;0;0;0
MUE;22.01.1996 00:00;0;0;0
MUE;23.01.1996 00:00;0;0;0
MUE;24.01.1996 00:00;0;0;0
MUE;25.01.1996 00:00;0;0;0
MUE;26.01.1996 00:00;0;0;0
MUE;27.01.1996 00:00;0;0;0
MUE;28.01.1996 00:00;0;0;0
MUE;29.01.1996 00:00;0;0;0
MUE;30.01.1996 00:00;0;0;0
MUE;31.01.1996 00:00;0;0;0
MUE;01.02.1996 00:00;0;0;0
MUE;02.02.1996 00:00;0.1;0;0
MUE;03.02.1996 00:00;0.5;0;0
MUE;04.02.1996 00:00;2.1;0;0
MUE;05.02.1996 00:00;0;0;0
MUE;06.02.1996 00:00;0;0;0
MUE;07.02.1996 00:00;0.2;0;0
MUE;08.02.1996 00:00;9.2;0;0
MUE;09.02.1996 00:00;0;0;0
MUE;10.02.1996 00:00;0;0;0
MUE;11.02.1996 00:00;0.8;0;0
MUE;12.02.1996 00:00;12.5;0;0
MUE;13.02.1996 00:00;14.3;0;0
MUE;14.02.1996 00:00;2.9;0;0
MUE;15.02.1996 00:00;0;0;0
MUE;16.02.1996 00:00;9.4;0;0
MUE;17.02.1996 00:00;4;0;0
MUE;18.02.1996 00:00;28;0;0
MUE;19.02.1996 00:00;6.5;0;0
MUE;20.02.1996 00:00;2;0;0
MUE;21.02.1996 00:00;2.2;0;0
MUE;22.02.1996 00:00;0.4;0;0
MUE;23.02.1996 00:00;4.1;0;0
MUE;24.02.1996 00:00;0;0;0
MUE;25.02.1996 00:00;0;0;0
MUE;26.02.1996 00:00;0;0;0
MUE;27.02.1996 00:00;0;0;0
MUE;28.02.1996 00:00;0;0;0
MUE;29.02.1996 00:00;0;0;0
MUE;01.03.1996 00:00;1;0;0
MUE;02.03.1996 00:00;0;0;0
MUE;03.03.1996 00:00;0;0;0
MUE;04.03.1996 00:00;0;0;0
MUE;05.03.1996 00:00;0;0;0
MUE;06.03.1996 00:00;0;0;0
MUE;07.03.1996 00:00;0;0;0
MUE;08.03.1996 00:00;0;0;0
MUE;09.03.1996 00:00;0;0;0
MUE;10.03.1996 00:00;0;0;0
MUE;11.03.1996 00:00;0;0;0
MUE;12.03.1996 00:00;0;0;0
MUE;13.03.1996 00:00;0;0;0
MUE;14.03.1996 00:00;0;0;0
MUE;15.03.1996 00:00;0;0;0
MUE;16.03.1996 00:00;3.7;0;0
MUE;17.03.1996 00:00;0.2;0;0
MUE;18.03.1996 00:00;0;0;0
MUE;19.03.1996 00:00;0;0;0
MUE;20.03.1996 00:00;0;0;0
MUE;21.03.1996 00:00;17.9;0;0
MUE;22.03.1996 00:00;14.9;0;0
MUE;23.03.1996 00:00;0;0;0
MUE;24.03.1996 00:00;0;0;0
MUE;25.03.1996 00:00;0;0;0
MUE;26.03.1996 00:00;11.4;0;0
MUE;27.03.1996 00:00;10.3;0;0
MUE;28.03.1996 00:00;0;0;0
MUE;29.03.1996 00:00;0.7;0;0
MUE;30.03.1996 00:00;6.1;0;0
MUE;31.03.1996 00:00;0;12;38
MUE;01.04.1996 00:00;11.4;12;50
MUE;02.04.1996 00:00;7.3;5;50
MUE;03.04.1996 00:00;4.9;0;49
MUE;04.04.1996 00:00;0.2;0;39
MUE;05.04.1996 00:00;0;0;28
MUE;06.04.1996 00:00;0;0;24
MUE;07.04.1996 00:00;0;0;28
MUE;08.04.1996 00:00;1.8;0;22
MUE;09.04.1996 00:00;0;0;18
MUE;10.04.1996 00:00;0.9;0;13
MUE;11.04.1996 00:00;10.2;0;15
MUE;12.04.1996 00:00;0.4;0;15
MUE;13.04.1996 00:00;12.2;0;20
MUE;14.04.1996 00:00;4.9;0;17
MUE;15.04.1996 00:00;0;0;13
MUE;16.04.1996 00:00;0;0;12
MUE;17.04.1996 00:00;8.8;0;10
MUE;18.04.1996 00:00;0;0;8
MUE;19.04.1996 00:00;0;0;3
MUE;20.04.1996 00:00;0;0;0
MUE;21.04.1996 00:00;0;0;0
MUE;22.04.1996 00:00;0;0;0
MUE;23.04.1996 00:00;3.9;0;0
MUE;24.04.1996 00:00;2.4;0;0
MUE;25.04.1996 00:00;0.2;0;0
MUE;26.04.1996 00:00;0;0;0
MUE;27.04.1996 00:00;0;0;0
MUE;28.04.1996 00:00;4.5;0;0
MUE;29.04.1996 00:00;10.5;0;0
MUE;30.04.1996 00:00;6.5;0;0
MUE;01.05.1996 00:00;11.6;22;0
MUE;02.05.1996 00:00;36.7;0;22
MUE;03.05.1996 00:00;0.5;0;10
MUE;04.05.1996 00:00;9;0;2
MUE;05.05.1996 00:00;0;0;0
MUE;06.05.1996 00:00;0;0;0
MUE;07.05.1996 00:00;0;0;0
MUE;08.05.1996 00:00;4.4;0;0
MUE;09.05.1996 00:00;21.4;0;0
MUE;10.05.1996 00:00;3.8;0;0
MUE;11.05.1996 00:00;0.8;0;0
MUE;12.05.1996 00:00;23.3;0;0
MUE;13.05.1996 00:00;3;0;0
MUE;14.05.1996 00:00;0;0;0
MUE;15.05.1996 00:00;0;0;0
MUE;16.05.1996 00:00;2.9;0;0
MUE;17.05.1996 00:00;0;0;0
MUE;18.05.1996 00:00;0.2;5;0
MUE;19.05.1996 00:00;33.1;0;5
MUE;20.05.1996 00:00;12.2;1;1
MUE;21.05.1996 00:00;8.2;0;1
MUE;22.05.1996 00:00;0.6;0;0
MUE;23.05.1996 00:00;0.3;0;0
MUE;24.05.1996 00:00;6.6;0;0
MUE;25.05.1996 00:00;6.7;0;0
MUE;26.05.1996 00:00;2.2;0;0
MUE;27.05.1996 00:00;22.3;0;0
MUE;28.05.1996 00:00;5.2;0;0
MUE;29.05.1996 00:00;0;0;0
MUE;30.05.1996 00:00;0;0;0
MUE;31.05.1996 00:00;0;0;0
MUE;01.06.1996 00:00;2.3;0;0
MUE;02.06.1996 00:00;0.2;0;0
MUE;03.06.1996 00:00;4;0;0
MUE;04.06.1996 00:00;0;0;0
MUE;05.06.1996 00:00;0;0;0
MUE;06.06.1996 00:00;0;0;0
MUE;07.06.1996 00:00;7.1;0;0
MUE;08.06.1996 00:00;0.5;0;0
MUE;09.06.1996 00:00;2.7;0;0
MUE;10.06.1996 00:00;3.7;0;0
MUE;11.06.1996 00:00;1.2;0;0
MUE;12.06.1996 00:00;4.2;0;0
MUE;13.06.1996 00:00;0;0;0
MUE;14.06.1996 00:00;0;0;0
MUE;15.06.1996 00:00;0;0;0
MUE;16.06.1996 00:00;0;0;0
MUE;17.06.1996 00:00;0;0;0
MUE;18.06.1996 00:00;0;0;0
MUE;19.06.1996 00:00;0;0;0
MUE;20.06.1996 00:00;4.9;0;0
MUE;21.06.1996 00:00;15.6;0;0
MUE;22.06.1996 00:00;13.4;0;0
MUE;23.06.1996 00:00;4;0;0
MUE;24.06.1996 00:00;6.9;0;0
MUE;25.06.1996 00:00;0.5;0;0
MUE;26.06.1996 00:00;3.1;0;0
MUE;27.06.1996 00:00;0;0;0
MUE;28.06.1996 00:00;0;0;0
MUE;29.06.1996 00:00;0;0;0
MUE;30.06.1996 00:00;0;0;0
MUE;01.07.1996 00:00;17.1;0;0
MUE;02.07.1996 00:00;7.4;0;0
MUE;03.07.1996 00:00;0;0;0
MUE;04.07.1996 00:00;2.6;0;0
MUE;05.07.1996 00:00;8.9;0;0
MUE;06.07.1996 00:00;11.4;0;0
MUE;07.07.1996 00:00;35.5;0;0
MUE;08.07.1996 00:00;31.8;0;0
MUE;09.07.1996 00:00;0.3;0;0
MUE;10.07.1996 00:00;5.8;0;0
MUE;11.07.1996 00:00;0;0;0
MUE;12.07.1996 00:00;4.6;0;0
MUE;13.07.1996 00:00;0;0;0
MUE;14.07.1996 00:00;0;0;0
MUE;15.07.1996 00:00;0.4;0;0
MUE;16.07.1996 00:00;0;0;0
MUE;17.07.1996 00:00;0;0;0
MUE;18.07.1996 00:00;0;0;0
MUE;19.07.1996 00:00;0;0;0
MUE;20.07.1996 00:00;0;0;0
MUE;21.07.1996 00:00;0;0;0
MUE;22.07.1996 00:00;0;0;0
MUE;23.07.1996 00:00;10;0;0
MUE;24.07.1996 00:00;5.5;0;0
MUE;25.07.1996 00:00;0;0;0
MUE;26.07.1996 00:00;0;0;0
MUE;27.07.1996 00:00;7.5;0;0
MUE;28.07.1996 00:00;10.8;0;0
MUE;29.07.1996 00:00;5.6;0;0
MUE;30.07.1996 00:00;12.7;0;0
MUE;31.07.1996 00:00;0;0;0
MUE;01.08.1996 00:00;3.1;0;0
MUE;02.08.1996 00:00;24;0;0
MUE;03.08.1996 00:00;10.4;0;0
MUE;04.08.1996 00:00;0;0;0
MUE;05.08.1996 00:00;9;0;0
MUE;06.08.1996 00:00;2.6;0;0
MUE;07.08.1996 00:00;23.6;0;0
MUE;08.08.1996 00:00;0;0;0
MUE;09.08.1996 00:00;0.1;0;0
MUE;10.08.1996 00:00;13.4;0;0
MUE;11.08.1996 00:00;19.7;0;0
MUE;12.08.1996 00:00;9.9;0;0
MUE;13.08.1996 00:00;1.8;0;0
MUE;14.08.1996 00:00;1.7;0;0
MUE;15.08.1996 00:00;3.5;0;0
MUE;16.08.1996 00:00;0;0;0
MUE;17.08.1996 00:00;0;0;0
MUE;18.08.1996 00:00;0;0;0
MUE;19.08.1996 00:00;14.3;0;0
MUE;20.08.1996 00:00;14.9;0;0
MUE;21.08.1996 00:00;5.2;0;0
MUE;22.08.1996 00:00;4.1;0;0
MUE;23.08.1996 00:00;9.8;0;0
MUE;24.08.1996 00:00;8.4;0;0
MUE;25.08.1996 00:00;0;0;0
MUE;26.08.1996 00:00;6.1;0;0
MUE;27.08.1996 00:00;24;0;0
MUE;28.08.1996 00:00;3.5;0;0
MUE;29.08.1996 00:00;0.9;0;0
MUE;30.08.1996 00:00;1;0;0
MUE;31.08.1996 00:00;11;0;0
MUE;01.09.1996 00:00;15;0;0
MUE;02.09.1996 00:00;12.2;0;0
MUE;03.09.1996 00:00;0;0;0
MUE;04.09.1996 00:00;0;0;0
MUE;05.09.1996 00:00;0;0;0
MUE;06.09.1996 00:00;0;0;0
MUE;07.09.1996 00:00;0;0;0
MUE;08.09.1996 00:00;0;0;0
MUE;09.09.1996 00:00;0;0;0
MUE;10.09.1996 00:00;0;0;0
MUE;11.09.1996 00:00;0;0;0
MUE;12.09.1996 00:00;5.8;0;0
MUE;13.09.1996 00:00;16.1;0;0
MUE;14.09.1996 00:00;0;0;0
MUE;15.09.1996 00:00;0;0;0
MUE;16.09.1996 00:00;0;0;0
MUE;17.09.1996 00:00;0;0;0
MUE;18.09.1996 00:00;0.1;0;0
MUE;19.09.1996 00:00;0.1;0;0
MUE;20.09.1996 00:00;1.5;0;0
MUE;21.09.1996 00:00;8.4;0;0
MUE;22.09.1996 00:00;8.5;0;0
MUE;23.09.1996 00:00;8.1;0;0
MUE;24.09.1996 00:00;0.7;0;0
MUE;25.09.1996 00:00;0;0;0
MUE;26.09.1996 00:00;0;0;0
MUE;27.09.1996 00:00;15.2;0;0
MUE;28.09.1996 00:00;0;0;0
MUE;29.09.1996 00:00;0;0;0
MUE;30.09.1996 00:00;0;1;0
MUE;01.10.1996 00:00;11.7;0;1
MUE;02.10.1996 00:00;3.5;0;0
MUE;03.10.1996 00:00;0;0;0
MUE;04.10.1996 00:00;0;0;0
MUE;05.10.1996 00:00;9.2;0;0
MUE;06.10.1996 00:00;0;0;0
MUE;07.10.1996 00:00;0.3;0;0
MUE;08.10.1996 00:00;0.2;0;0
MUE;09.10.1996 00:00;0;0;0
MUE;10.10.1996 00:00;1.1;0;0
MUE;11.10.1996 00:00;0;0;0
MUE;12.10.1996 00:00;0;0;0
MUE;13.10.1996 00:00;0;0;0
MUE;14.10.1996 00:00;0;0;0
MUE;15.10.1996 00:00;23.8;8;0
MUE;16.10.1996 00:00;31.8;7;8
MUE;17.10.1996 00:00;8.2;0;9
MUE;18.10.1996 00:00;0.6;0;0
MUE;19.10.1996 00:00;4.8;0;0
MUE;20.10.1996 00:00;7.3;0;0
MUE;21.10.1996 00:00;21;0;0
MUE;22.10.1996 00:00;0;0;0
MUE;23.10.1996 00:00;0;0;0
MUE;24.10.1996 00:00;0;0;0
MUE;25.10.1996 00:00;3;0;0
MUE;26.10.1996 00:00;2.5;0;0
MUE;27.10.1996 00:00;0;0;0
MUE;28.10.1996 00:00;0;2;0
MUE;29.10.1996 00:00;21.2;0;2
MUE;30.10.1996 00:00;0;0;0
MUE;31.10.1996 00:00;22;0;0
MUE;01.11.1996 00:00;0.1;0;0
MUE;02.11.1996 00:00;0;0;0
MUE;03.11.1996 00:00;0;0;0
MUE;04.11.1996 00:00;0;0;0
MUE;05.11.1996 00:00;4.6;0;0
MUE;06.11.1996 00:00;0.1;0;0
MUE;07.11.1996 00:00;9.5;0;0
MUE;08.11.1996 00:00;0;0;0
MUE;09.11.1996 00:00;0;0;0
MUE;10.11.1996 00:00;0;0;0
MUE;11.11.1996 00:00;0.2;0;0
MUE;12.11.1996 00:00;0.2;14;0
MUE;13.11.1996 00:00;26.5;0;14
MUE;14.11.1996 00:00;2.1;0;13
MUE;15.11.1996 00:00;0;0;10
MUE;16.11.1996 00:00;0;1;7
MUE;17.11.1996 00:00;0.4;0;1
MUE;18.11.1996 00:00;10.3;9;0
MUE;19.11.1996 00:00;2.3;14;9
MUE;20.11.1996 00:00;10.6;5;27
MUE;21.11.1996 00:00;9;0;21
MUE;22.11.1996 00:00;0;23;20
MUE;23.11.1996 00:00;24.8;5;42
MUE;24.11.1996 00:00;3.4;27;46
MUE;25.11.1996 00:00;20.3;20;69
MUE;26.11.1996 00:00;14.5;16;75
MUE;27.11.1996 00:00;11.4;5;86
MUE;28.11.1996 00:00;4;30;82
MUE;29.11.1996 00:00;29.8;22;110
MUE;30.11.1996 00:00;22.9;0;125
MUE;01.12.1996 00:00;0.2;0;116
MUE;02.12.1996 00:00;22.9;0;84
MUE;03.12.1996 00:00;0;0;80
MUE;04.12.1996 00:00;0;0;78
MUE;05.12.1996 00:00;0;0;73
MUE;06.12.1996 00:00;0;0;69
MUE;07.12.1996 00:00;0;0;65
MUE;08.12.1996 00:00;0;2;55
MUE;09.12.1996 00:00;1.1;0;55
MUE;10.12.1996 00:00;0;0;55
MUE;11.12.1996 00:00;0;0;54
MUE;12.12.1996 00:00;0;2;53
MUE;13.12.1996 00:00;17.3;7;54
MUE;14.12.1996 00:00;9.6;0;61
MUE;15.12.1996 00:00;0;7;50
MUE;16.12.1996 00:00;0;0;56
MUE;17.12.1996 00:00;0;0;54
MUE;18.12.1996 00:00;0;2;52
MUE;19.12.1996 00:00;2.8;1;50
MUE;20.12.1996 00:00;9.5;0;50
MUE;21.12.1996 00:00;0;0;50
MUE;22.12.1996 00:00;4.1;2;50
MUE;23.12.1996 00:00;4.9;2;52
MUE;24.12.1996 00:00;4.7;3;54
MUE;25.12.1996 00:00;2.6;0;56
MUE;26.12.1996 00:00;0;0;57
MUE;27.12.1996 00:00;0;0;57
MUE;28.12.1996 00:00;0;0;54
MUE;29.12.1996 00:00;0;3;54
MUE;30.12.1996 00:00;2.6;0;56
MUE;31.12.1996 00:00;0;0;55
MUE;01.01.1997 00:00;0;0;55
MUE;02.01.1997 00:00;0;1;54
MUE;03.01.1997 00:00;1;0;54
MUE;04.01.1997 00:00;0;0;54
MUE;05.01.1997 00:00;1;0;53
MUE;06.01.1997 00:00;0;0;53
MUE;07.01.1997 00:00;0;0;52
MUE;08.01.1997 00:00;0;8;52
MUE;09.01.1997 00:00;5.2;1;56
MUE;10.01.1997 00:00;1;0;62
MUE;11.01.1997 00:00;0;0;58
MUE;12.01.1997 00:00;0;0;58
MUE;13.01.1997 00:00;0;0;58
MUE;14.01.1997 00:00;0;0;57
MUE;15.01.1997 00:00;0;0;57
MUE;16.01.1997 00:00;0;0;57
MUE;17.01.1997 00:00;0;0;56
MUE;18.01.1997 00:00;0;9;55
MUE;19.01.1997 00:00;6.4;17;64
MUE;20.01.1997 00:00;32.4;0;78
MUE;21.01.1997 00:00;0.3;0;69
MUE;22.01.1997 00:00;0;0;64
MUE;23.01.1997 00:00;0;0;61
MUE;24.01.1997 00:00;0;0;59
MUE;25.01.1997 00:00;0;0;59
MUE;26.01.1997 00:00;0;0;58
MUE;27.01.1997 00:00;0;0;58
MUE;28.01.1997 00:00;0;0;58
MUE;29.01.1997 00:00;0;0;58
MUE;30.01.1997 00:00;0;0;58
MUE;31.01.1997 00:00;0;0;58
MUE;01.02.1997 00:00;0;0;57
MUE;02.02.1997 00:00;0;0;57
MUE;03.02.1997 00:00;0;0;57
MUE;04.02.1997 00:00;0;25;57
MUE;05.02.1997 00:00;22.5;0;80
MUE;06.02.1997 00:00;0;0;78
MUE;07.02.1997 00:00;0;0;70
MUE;08.02.1997 00:00;0;0;65
MUE;09.02.1997 00:00;0;1;60
MUE;10.02.1997 00:00;0;0;60
MUE;11.02.1997 00:00;3.8;1;60
MUE;12.02.1997 00:00;0.7;7;60
MUE;13.02.1997 00:00;4.2;2;67
MUE;14.02.1997 00:00;3.3;3;69
MUE;15.02.1997 00:00;3.8;0;72
MUE;16.02.1997 00:00;0;0;72
MUE;17.02.1997 00:00;0;19;72
MUE;18.02.1997 00:00;16.1;1;80
MUE;19.02.1997 00:00;0.4;0;80
MUE;20.02.1997 00:00;0;0;76
MUE;21.02.1997 00:00;0;0;76
MUE;22.02.1997 00:00;0;0;75
MUE;23.02.1997 00:00;0;0;75
MUE;24.02.1997 00:00;0.3;0;62
MUE;25.02.1997 00:00;2.5;20;61
MUE;26.02.1997 00:00;21.2;0;80
MUE;27.02.1997 00:00;0.2;0;73
MUE;28.02.1997 00:00;0;0;73
MUE;01.03.1997 00:00;0;0;70
MUE;02.03.1997 00:00;0;0;69
MUE;03.03.1997 00:00;0;0;62
MUE;04.03.1997 00:00;0.1;2;60
MUE;05.03.1997 00:00;15.1;0;60
MUE;06.03.1997 00:00;2.8;0;59
MUE;07.03.1997 00:00;0;0;57
MUE;08.03.1997 00:00;0;0;55
MUE;09.03.1997 00:00;0;0;48
MUE;10.03.1997 00:00;0;0;46
MUE;11.03.1997 00:00;0;0;45
MUE;12.03.1997 00:00;0;0;44
MUE;13.03.1997 00:00;0;7;42
MUE;14.03.1997 00:00;8.3;1;45
MUE;15.03.1997 00:00;0.2;0;40
MUE;16.03.1997 00:00;0;0;39
MUE;17.03.1997 00:00;0;4;39
MUE;18.03.1997 00:00;3.5;21;41
MUE;19.03.1997 00:00;27.1;2;61
MUE;20.03.1997 00:00;1;0;57
MUE;21.03.1997 00:00;0;0;57
MUE;22.03.1997 00:00;0;18;54
MUE;23.03.1997 00:00;10.7;0;70
MUE;24.03.1997 00:00;2.8;1;57
MUE;25.03.1997 00:00;0.9;0;50
MUE;26.03.1997 00:00;0;0;40
MUE;27.03.1997 00:00;0;18;35
MUE;28.03.1997 00:00;24.2;4;52
MUE;29.03.1997 00:00;6.9;0;54
MUE;30.03.1997 00:00;0;0;45
MUE;31.03.1997 00:00;0;0;41
MUE;01.04.1997 00:00;0;0;38
MUE;02.04.1997 00:00;2.5;1;35
MUE;03.04.1997 00:00;1.2;4;34
MUE;04.04.1997 00:00;4;1;37
MUE;05.04.1997 00:00;2.6;1;35
MUE;06.04.1997 00:00;4.7;0;33
MUE;07.04.1997 00:00;0;0;30
MUE;08.04.1997 00:00;0;0;28
MUE;09.04.1997 00:00;0;0;27
MUE;10.04.1997 00:00;0;0;25
MUE;11.04.1997 00:00;10.7;0;25
MUE;12.04.1997 00:00;0;0;25
MUE;13.04.1997 00:00;0;0;10
MUE;14.04.1997 00:00;0;0;8
MUE;15.04.1997 00:00;0;0;5
MUE;16.04.1997 00:00;0;0;3
MUE;17.04.1997 00:00;0;0;1
MUE;18.04.1997 00:00;0;2;1
MUE;19.04.1997 00:00;0.3;12;2
MUE;20.04.1997 00:00;11.7;0;14
MUE;21.04.1997 00:00;0;0;5
MUE;22.04.1997 00:00;0;0;1
MUE;23.04.1997 00:00;0;0;0
MUE;24.04.1997 00:00;0;0;0
MUE;25.04.1997 00:00;3.9;0;0
MUE;26.04.1997 00:00;1.5;0;0
MUE;27.04.1997 00:00;15.3;0;0
MUE;28.04.1997 00:00;3.6;15;0
MUE;29.04.1997 00:00;29.2;3;15
MUE;30.04.1997 00:00;5.9;0;3
MUE;01.05.1997 00:00;0;0;0
MUE;02.05.1997 00:00;0;0;0
MUE;03.05.1997 00:00;0;0;0
MUE;04.05.1997 00:00;0;0;0
MUE;05.05.1997 00:00;3.9;10;0
MUE;06.05.1997 00:00;13.4;17;10
MUE;07.05.1997 00:00;12.2;0;17
MUE;08.05.1997 00:00;0;3;0
MUE;09.05.1997 00:00;9.9;0;3
MUE;10.05.1997 00:00;0;0;0
MUE;11.05.1997 00:00;0;0;0
MUE;12.05.1997 00:00;0;0;0
MUE;13.05.1997 00:00;0;0;0
MUE;14.05.1997 00:00;0;0;0
MUE;15.05.1997 00:00;0;0;0
MUE;16.05.1997 00:00;0;0;0
MUE;17.05.1997 00:00;0;0;0
MUE;18.05.1997 00:00;10.4;0;0
MUE;19.05.1997 00:00;0;0;0
MUE;20.05.1997 00:00;10.1;0;0
MUE;21.05.1997 00:00;3.2;0;0
MUE;22.05.1997 00:00;3.6;0;0
MUE;23.05.1997 00:00;0;0;0
MUE;24.05.1997 00:00;6.5;0;0
MUE;25.05.1997 00:00;5.7;0;0
MUE;26.05.1997 00:00;0;0;0
MUE;27.05.1997 00:00;0;0;0
MUE;28.05.1997 00:00;0;0;0
MUE;29.05.1997 00:00;0;0;0
MUE;30.05.1997 00:00;0;0;0
MUE;31.05.1997 00:00;7.8;0;0
MUE;01.06.1997 00:00;3.1;0;0
MUE;02.06.1997 00:00;1.4;0;0
MUE;03.06.1997 00:00;12.8;0;0
MUE;04.06.1997 00:00;0;0;0
MUE;05.06.1997 00:00;0;0;0
MUE;06.06.1997 00:00;0;0;0
MUE;07.06.1997 00:00;18.5;0;0
MUE;08.06.1997 00:00;8.9;0;0
MUE;09.06.1997 00:00;0;0;0
MUE;10.06.1997 00:00;0;0;0
MUE;11.06.1997 00:00;16.7;0;0
MUE;12.06.1997 00:00;1.5;0;0
MUE;13.06.1997 00:00;1.6;0;0
MUE;14.06.1997 00:00;3.3;0;0
MUE;15.06.1997 00:00;0;0;0
MUE;16.06.1997 00:00;7;0;0
MUE;17.06.1997 00:00;0.9;0;0
MUE;18.06.1997 00:00;0;0;0
MUE;19.06.1997 00:00;9.4;0;0
MUE;20.06.1997 00:00;0.6;0;0
MUE;21.06.1997 00:00;21.1;0;0
MUE;22.06.1997 00:00;14.2;0;0
MUE;23.06.1997 00:00;0.6;0;0
MUE;24.06.1997 00:00;5.1;0;0
MUE;25.06.1997 00:00;1.3;0;0
MUE;26.06.1997 00:00;0.5;0;0
MUE;27.06.1997 00:00;10.2;0;0
MUE;28.06.1997 00:00;7.6;0;0
MUE;29.06.1997 00:00;36.6;0;0
MUE;30.06.1997 00:00;1.5;0;0
MUE;01.07.1997 00:00;0;0;0
MUE;02.07.1997 00:00;0.1;0;0
MUE;03.07.1997 00:00;3.9;0;0
MUE;04.07.1997 00:00;19.4;0;0
MUE;05.07.1997 00:00;32.8;0;0
MUE;06.07.1997 00:00;12.7;0;0
MUE;07.07.1997 00:00;0;0;0
MUE;08.07.1997 00:00;0;0;0
MUE;09.07.1997 00:00;12.1;0;0
MUE;10.07.1997 00:00;5.6;0;0
MUE;11.07.1997 00:00;7.6;0;0
MUE;12.07.1997 00:00;0;0;0
MUE;13.07.1997 00:00;7;0;0
MUE;14.07.1997 00:00;20.7;0;0
MUE;15.07.1997 00:00;0;0;0
MUE;16.07.1997 00:00;0;0;0
MUE;17.07.1997 00:00;24.1;0;0
MUE;18.07.1997 00:00;25.5;0;0
MUE;19.07.1997 00:00;9.4;0;0
MUE;20.07.1997 00:00;10.4;0;0
MUE;21.07.1997 00:00;0;0;0
MUE;22.07.1997 00:00;0;0;0
MUE;23.07.1997 00:00;6.8;0;0
MUE;24.07.1997 00:00;25.7;0;0
MUE;25.07.1997 00:00;16.3;0;0
MUE;26.07.1997 00:00;8.2;0;0
MUE;27.07.1997 00:00;0;0;0
MUE;28.07.1997 00:00;0;0;0
MUE;29.07.1997 00:00;2.5;0;0
MUE;30.07.1997 00:00;0;0;0
MUE;31.07.1997 00:00;11;0;0
MUE;01.08.1997 00:00;14;0;0
MUE;02.08.1997 00:00;2.6;0;0
MUE;03.08.1997 00:00;0;0;0
MUE;04.08.1997 00:00;1.3;0;0
MUE;05.08.1997 00:00;0.5;0;0
MUE;06.08.1997 00:00;6.6;0;0
MUE;07.08.1997 00:00;12.6;0;0
MUE;08.08.1997 00:00;0;0;0
MUE;09.08.1997 00:00;0;0;0
MUE;10.08.1997 00:00;0;0;0
MUE;11.08.1997 00:00;0;0;0
MUE;12.08.1997 00:00;0;0;0
MUE;13.08.1997 00:00;2.8;0;0
MUE;14.08.1997 00:00;0;0;0
MUE;15.08.1997 00:00;9.7;0;0
MUE;16.08.1997 00:00;5.7;0;0
MUE;17.08.1997 00:00;5.6;0;0
MUE;18.08.1997 00:00;0;0;0
MUE;19.08.1997 00:00;0;0;0
MUE;20.08.1997 00:00;3.5;0;0
MUE;21.08.1997 00:00;0;0;0
MUE;22.08.1997 00:00;0;0;0
MUE;23.08.1997 00:00;0;0;0
MUE;24.08.1997 00:00;0.2;0;0
MUE;25.08.1997 00:00;12.5;0;0
MUE;26.08.1997 00:00;4.8;0;0
MUE;27.08.1997 00:00;0.4;0;0
MUE;28.08.1997 00:00;44.4;0;0
MUE;29.08.1997 00:00;14.2;0;0
MUE;30.08.1997 00:00;5.2;0;0
MUE;31.08.1997 00:00;0;0;0
MUE;01.09.1997 00:00;0;0;0
MUE;02.09.1997 00:00;12.5;0;0
MUE;03.09.1997 00:00;0;0;0
MUE;04.09.1997 00:00;0;0;0
MUE;05.09.1997 00:00;0;0;0
MUE;06.09.1997 00:00;11.9;0;0
MUE;07.09.1997 00:00;0;0;0
MUE;08.09.1997 00:00;0;0;0
MUE;09.09.1997 00:00;0;0;0
MUE;10.09.1997 00:00;0;0;0
MUE;11.09.1997 00:00;0;0;0
MUE;12.09.1997 00:00;24.9;0;0
MUE;13.09.1997 00:00;12.9;0;0
MUE;14.09.1997 00:00;0;0;0
MUE;15.09.1997 00:00;0;0;0
MUE;16.09.1997 00:00;0;0;0
MUE;17.09.1997 00:00;0;0;0
MUE;18.09.1997 00:00;0;0;0
MUE;19.09.1997 00:00;0;0;0
MUE;20.09.1997 00:00;0;0;0
MUE;21.09.1997 00:00;0;0;0
MUE;22.09.1997 00:00;3.9;0;0
MUE;23.09.1997 00:00;0;0;0
MUE;24.09.1997 00:00;0;0;0
MUE;25.09.1997 00:00;0;0;0
MUE;26.09.1997 00:00;0;0;0
MUE;27.09.1997 00:00;0;0;0
MUE;28.09.1997 00:00;0;0;0
MUE;29.09.1997 00:00;0;0;0
MUE;30.09.1997 00:00;0;0;0
MUE;01.10.1997 00:00;0;0;0
MUE;02.10.1997 00:00;0;0;0
MUE;03.10.1997 00:00;0;0;0
MUE;04.10.1997 00:00;0;0;0
MUE;05.10.1997 00:00;0;0;0
MUE;06.10.1997 00:00;0;0;0
MUE;07.10.1997 00:00;0.8;0;0
MUE;08.10.1997 00:00;0;0;0
MUE;09.10.1997 00:00;0;0;0
MUE;10.10.1997 00:00;23.6;0;0
MUE;11.10.1997 00:00;14.6;0;0
MUE;12.10.1997 00:00;20.2;0;0
MUE;13.10.1997 00:00;8.9;3;0
MUE;14.10.1997 00:00;2.3;2;3
MUE;15.10.1997 00:00;1.5;2;5
MUE;16.10.1997 00:00;0.8;0;7
MUE;17.10.1997 00:00;0;0;2
MUE;18.10.1997 00:00;0;0;0
MUE;19.10.1997 00:00;0;0;0
MUE;20.10.1997 00:00;0;0;0
MUE;21.10.1997 00:00;0;0;0
MUE;22.10.1997 00:00;1;0;0
MUE;23.10.1997 00:00;0.4;0;0
MUE;24.10.1997 00:00;0.2;0;0
MUE;25.10.1997 00:00;0;0;0
MUE;26.10.1997 00:00;0;0;0
MUE;27.10.1997 00:00;0;0;0
MUE;28.10.1997 00:00;0;0;0
MUE;29.10.1997 00:00;0;0;0
MUE;30.10.1997 00:00;0;0;0
MUE;31.10.1997 00:00;0;0;0
MUE;01.11.1997 00:00;0;0;0
MUE;02.11.1997 00:00;0;0;0
MUE;03.11.1997 00:00;0;0;0
MUE;04.11.1997 00:00;1.5;0;0
MUE;05.11.1997 00:00;0;0;0
MUE;06.11.1997 00:00;6;0;0
MUE;07.11.1997 00:00;0;0;0
MUE;08.11.1997 00:00;4.5;0;0
MUE;09.11.1997 00:00;5.2;1;0
MUE;10.11.1997 00:00;0.8;0;1
MUE;11.11.1997 00:00;0;7;0
MUE;12.11.1997 00:00;11;0;7
MUE;13.11.1997 00:00;0;0;6
MUE;14.11.1997 00:00;0;0;1
MUE;15.11.1997 00:00;3.6;0;1
MUE;16.11.1997 00:00;3.2;0;1
MUE;17.11.1997 00:00;0;0;1
MUE;18.11.1997 00:00;0;1;1
MUE;19.11.1997 00:00;0.7;1;2
MUE;20.11.1997 00:00;0.1;0;2
MUE;21.11.1997 00:00;0;0;1
MUE;22.11.1997 00:00;0;0;1
MUE;23.11.1997 00:00;0;0;1
MUE;24.11.1997 00:00;0;0;1
MUE;25.11.1997 00:00;0;0;0
MUE;26.11.1997 00:00;0;0;0
MUE;27.11.1997 00:00;0;0;0
MUE;28.11.1997 00:00;2.5;2;0
MUE;29.11.1997 00:00;0.7;0;2
MUE;30.11.1997 00:00;5;13;0
MUE;01.12.1997 00:00;8;7;13
MUE;02.12.1997 00:00;12.7;12;19
MUE;03.12.1997 00:00;6.2;9;30
MUE;04.12.1997 00:00;0;0;32
MUE;05.12.1997 00:00;0;0;29
MUE;06.12.1997 00:00;0;0;25
MUE;07.12.1997 00:00;0;0;20
MUE;08.12.1997 00:00;0;0;20
MUE;09.12.1997 00:00;0.2;0;19
MUE;10.12.1997 00:00;5.5;0;15
MUE;11.12.1997 00:00;27.4;0;10
MUE;12.12.1997 00:00;22;30;40
MUE;13.12.1997 00:00;0.6;1;41
MUE;14.12.1997 00:00;9.8;15;48
MUE;15.12.1997 00:00;0;0;45
MUE;16.12.1997 00:00;0;0;35
MUE;17.12.1997 00:00;0;0;33
MUE;18.12.1997 00:00;0;4;25
MUE;19.12.1997 00:00;2.8;18;26
MUE;20.12.1997 00:00;15.5;14;35
MUE;21.12.1997 00:00;9.4;0;48
MUE;22.12.1997 00:00;0;0;48
MUE;23.12.1997 00:00;0;0;46
MUE;24.12.1997 00:00;0;0;39
MUE;25.12.1997 00:00;10.8;10;38
MUE;26.12.1997 00:00;6.8;13;40
MUE;27.12.1997 00:00;7;10;52
MUE;28.12.1997 00:00;0.9;0;62
MUE;29.12.1997 00:00;0;0;49
MUE;30.12.1997 00:00;0;0;45
MUE;31.12.1997 00:00;0;0;40
MUE;01.01.1998 00:00;0;2;38
MUE;02.01.1998 00:00;3.8;0;40
MUE;03.01.1998 00:00;3.2;3;38
MUE;04.01.1998 00:00;4;3;38
MUE;05.01.1998 00:00;1.5;0;37
MUE;06.01.1998 00:00;0.4;0;36
MUE;07.01.1998 00:00;0;0;35
MUE;08.01.1998 00:00;0;0;35
MUE;09.01.1998 00:00;0;0;34
MUE;10.01.1998 00:00;0;0;33
MUE;11.01.1998 00:00;0;0;33
MUE;12.01.1998 00:00;0;0;33
MUE;13.01.1998 00:00;0;7;33
MUE;14.01.1998 00:00;6.5;0;40
MUE;15.01.1998 00:00;0;20;40
MUE;16.01.1998 00:00;13.8;2;58
MUE;17.01.1998 00:00;1.2;4;56
MUE;18.01.1998 00:00;3;48;58
MUE;19.01.1998 00:00;40.8;38;95
MUE;20.01.1998 00:00;22.2;1;137
MUE;21.01.1998 00:00;0.2;2;100
MUE;22.01.1998 00:00;0.3;0;100
MUE;23.01.1998 00:00;0;0;99
MUE;24.01.1998 00:00;0;0;89
MUE;25.01.1998 00:00;0;0;81
MUE;26.01.1998 00:00;0;0;81
MUE;27.01.1998 00:00;0;0;81
MUE;28.01.1998 00:00;0;0;77
MUE;29.01.1998 00:00;0;0;77
MUE;30.01.1998 00:00;0;0;75
MUE;31.01.1998 00:00;0;0;75
MUE;01.02.1998 00:00;0;0;67
MUE;02.02.1998 00:00;0;0;66
MUE;03.02.1998 00:00;0;0;65
MUE;04.02.1998 00:00;0;0;65
MUE;05.02.1998 00:00;0;0;63
MUE;06.02.1998 00:00;0;0;61
MUE;07.02.1998 00:00;0;0;60
MUE;08.02.1998 00:00;0;0;60
MUE;09.02.1998 00:00;0;0;59
MUE;10.02.1998 00:00;0;0;57
MUE;11.02.1998 00:00;0;0;55
MUE;12.02.1998 00:00;0;0;55
MUE;13.02.1998 00:00;0;0;53
MUE;14.02.1998 00:00;0;0;51
MUE;15.02.1998 00:00;0;0;49
MUE;16.02.1998 00:00;0;0;47
MUE;17.02.1998 00:00;0;0;45
MUE;18.02.1998 00:00;0;0;42
MUE;19.02.1998 00:00;0;0;40
MUE;20.02.1998 00:00;0;0;39
MUE;21.02.1998 00:00;0;27;38
MUE;22.02.1998 00:00;32.5;0;65
MUE;23.02.1998 00:00;0;0;65
MUE;24.02.1998 00:00;0;0;62
MUE;25.02.1998 00:00;0;0;57
MUE;26.02.1998 00:00;0;0;50
MUE;27.02.1998 00:00;0;0;46
MUE;28.02.1998 00:00;0;0;46
MUE;01.03.1998 00:00;0.5;0;46
MUE;02.03.1998 00:00;0;0;46
MUE;03.03.1998 00:00;0;0;38
MUE;04.03.1998 00:00;2.5;0;34
MUE;05.03.1998 00:00;1;0;34
MUE;06.03.1998 00:00;5;2;33
MUE;07.03.1998 00:00;2;30;33
MUE;08.03.1998 00:00;16.3;3;58
MUE;09.03.1998 00:00;2;0;40
MUE;10.03.1998 00:00;0;9;38
MUE;11.03.1998 00:00;4.4;27;43
MUE;12.03.1998 00:00;13.6;0;68
MUE;13.03.1998 00:00;0;0;55
MUE;14.03.1998 00:00;0;4;45
MUE;15.03.1998 00:00;1.6;0;49
MUE;16.03.1998 00:00;0;0;42
MUE;17.03.1998 00:00;0;0;39
MUE;18.03.1998 00:00;0;0;28
MUE;19.03.1998 00:00;0;1;28
MUE;20.03.1998 00:00;0.2;0;28
MUE;21.03.1998 00:00;0;0;28
MUE;22.03.1998 00:00;0;22;28
MUE;23.03.1998 00:00;14;2;42
MUE;24.03.1998 00:00;0.5;0;42
MUE;25.03.1998 00:00;0;0;41
MUE;26.03.1998 00:00;0;0;32
MUE;27.03.1998 00:00;0;0;29
MUE;28.03.1998 00:00;0;0;28
MUE;29.03.1998 00:00;0;0;23
MUE;30.03.1998 00:00;0;0;20
MUE;31.03.1998 00:00;0;1;15
MUE;01.04.1998 00:00;31.7;0;10
MUE;02.04.1998 00:00;0.1;0;10
MUE;03.04.1998 00:00;0;3;9
MUE;04.04.1998 00:00;6.4;8;9
MUE;05.04.1998 00:00;8.1;0;12
MUE;06.04.1998 00:00;0;2;8
MUE;07.04.1998 00:00;0.8;0;10
MUE;08.04.1998 00:00;0;1;3
MUE;09.04.1998 00:00;0.6;18;3
MUE;10.04.1998 00:00;18.5;23;19
MUE;11.04.1998 00:00;19.4;4;26
MUE;12.04.1998 00:00;0.4;17;11
MUE;13.04.1998 00:00;15.7;0;28
MUE;14.04.1998 00:00;0;5;16
MUE;15.04.1998 00:00;3.9;0;19
MUE;16.04.1998 00:00;0;7;17
MUE;17.04.1998 00:00;5.7;4;20
MUE;18.04.1998 00:00;5.8;2;22
MUE;19.04.1998 00:00;3.9;0;22
MUE;20.04.1998 00:00;0.1;0;13
MUE;21.04.1998 00:00;0;0;6
MUE;22.04.1998 00:00;0;0;3
MUE;23.04.1998 00:00;4.2;0;0
MUE;24.04.1998 00:00;0.4;0;0
MUE;25.04.1998 00:00;2.1;0;0
MUE;26.04.1998 00:00;0;12;0
MUE;27.04.1998 00:00;14.8;0;12
MUE;28.04.1998 00:00;7.8;0;0
MUE;29.04.1998 00:00;0;0;0
MUE;30.04.1998 00:00;0;0;0
MUE;01.05.1998 00:00;13;0;0
MUE;02.05.1998 00:00;5.1;0;0
MUE;03.05.1998 00:00;0;0;0
MUE;04.05.1998 00:00;1.7;0;0
MUE;05.05.1998 00:00;0;0;0
MUE;06.05.1998 00:00;0;0;0
MUE;07.05.1998 00:00;0;0;0
MUE;08.05.1998 00:00;0;0;0
MUE;09.05.1998 00:00;0;0;0
MUE;10.05.1998 00:00;0;0;0
MUE;11.05.1998 00:00;0;0;0
MUE;12.05.1998 00:00;0;0;0
MUE;13.05.1998 00:00;0.7;0;0
MUE;14.05.1998 00:00;4.1;0;0
MUE;15.05.1998 00:00;0;0;0
MUE;16.05.1998 00:00;0;0;0
MUE;17.05.1998 00:00;0;0;0
MUE;18.05.1998 00:00;0;0;0
MUE;19.05.1998 00:00;0;0;0
MUE;20.05.1998 00:00;0;0;0
MUE;21.05.1998 00:00;14.3;0;0
MUE;22.05.1998 00:00;0;0;0
MUE;23.05.1998 00:00;0;0;0
MUE;24.05.1998 00:00;6.6;0;0
MUE;25.05.1998 00:00;0.4;0;0
MUE;26.05.1998 00:00;3.4;0;0
MUE;27.05.1998 00:00;0.4;0;0
MUE;28.05.1998 00:00;7.8;0;0
MUE;29.05.1998 00:00;5.3;0;0
MUE;30.05.1998 00:00;10.6;0;0
MUE;31.05.1998 00:00;7.6;0;0
MUE;01.06.1998 00:00;0;0;0
MUE;02.06.1998 00:00;13.9;0;0
MUE;03.06.1998 00:00;7.2;0;0
MUE;04.06.1998 00:00;0.7;0;0
MUE;05.06.1998 00:00;0;0;0
MUE;06.06.1998 00:00;9.8;0;0
MUE;07.06.1998 00:00;23.9;0;0
MUE;08.06.1998 00:00;0;0;0
MUE;09.06.1998 00:00;0;0;0
MUE;10.06.1998 00:00;29.8;10;0
MUE;11.06.1998 00:00;37.1;0;10
MUE;12.06.1998 00:00;13.2;0;1
MUE;13.06.1998 00:00;0;0;0
MUE;14.06.1998 00:00;4.1;0;0
MUE;15.06.1998 00:00;1.7;0;0
MUE;16.06.1998 00:00;0;0;0
MUE;17.06.1998 00:00;0;0;0
MUE;18.06.1998 00:00;0;0;0
MUE;19.06.1998 00:00;0;0;0
MUE;20.06.1998 00:00;0;0;0
MUE;21.06.1998 00:00;0;0;0
MUE;22.06.1998 00:00;4.2;0;0
MUE;23.06.1998 00:00;0;0;0
MUE;24.06.1998 00:00;0;0;0
MUE;25.06.1998 00:00;2.4;0;0
MUE;26.06.1998 00:00;21.8;0;0
MUE;27.06.1998 00:00;4.3;0;0
MUE;28.06.1998 00:00;0.1;0;0
MUE;29.06.1998 00:00;0;0;0
MUE;30.06.1998 00:00;0;0;0
MUE;01.07.1998 00:00;27.5;0;0
MUE;02.07.1998 00:00;15.1;0;0
MUE;03.07.1998 00:00;21.8;0;0
MUE;04.07.1998 00:00;0;0;0
MUE;05.07.1998 00:00;0;0;0
MUE;06.07.1998 00:00;0;0;0
MUE;07.07.1998 00:00;30.2;0;0
MUE;08.07.1998 00:00;3.5;0;0
MUE;09.07.1998 00:00;0.6;0;0
MUE;10.07.1998 00:00;0;0;0
MUE;11.07.1998 00:00;0;0;0
MUE;12.07.1998 00:00;0;0;0
MUE;13.07.1998 00:00;27.1;0;0
MUE;14.07.1998 00:00;0;0;0
MUE;15.07.1998 00:00;0;0;0
MUE;16.07.1998 00:00;0.8;0;0
MUE;17.07.1998 00:00;0;0;0
MUE;18.07.1998 00:00;0;0;0
MUE;19.07.1998 00:00;0.3;0;0
MUE;20.07.1998 00:00;2.7;0;0
MUE;21.07.1998 00:00;0.9;0;0
MUE;22.07.1998 00:00;6.1;0;0
MUE;23.07.1998 00:00;0.3;0;0
MUE;24.07.1998 00:00;0;0;0
MUE;25.07.1998 00:00;0;0;0
MUE;26.07.1998 00:00;0;0;0
MUE;27.07.1998 00:00;11.9;0;0
MUE;28.07.1998 00:00;0;0;0
MUE;29.07.1998 00:00;0;0;0
MUE;30.07.1998 00:00;1.3;0;0
MUE;31.07.1998 00:00;2.8;0;0
MUE;01.08.1998 00:00;4.2;0;0
MUE;02.08.1998 00:00;7.3;0;0
MUE;03.08.1998 00:00;0;0;0
MUE;04.08.1998 00:00;1.6;0;0
MUE;05.08.1998 00:00;0;0;0
MUE;06.08.1998 00:00;0;0;0
MUE;07.08.1998 00:00;0;0;0
MUE;08.08.1998 00:00;0;0;0
MUE;09.08.1998 00:00;0;0;0
MUE;10.08.1998 00:00;0;0;0
MUE;11.08.1998 00:00;0;0;0
MUE;12.08.1998 00:00;0.7;0;0
MUE;13.08.1998 00:00;3.5;0;0
MUE;14.08.1998 00:00;0;0;0
MUE;15.08.1998 00:00;0;0;0
MUE;16.08.1998 00:00;10;0;0
MUE;17.08.1998 00:00;16;0;0
MUE;18.08.1998 00:00;5.7;0;0
MUE;19.08.1998 00:00;0;0;0
MUE;20.08.1998 00:00;0.3;0;0
MUE;21.08.1998 00:00;19.7;0;0
MUE;22.08.1998 00:00;17;0;0
MUE;23.08.1998 00:00;0;0;0
MUE;24.08.1998 00:00;14.5;0;0
MUE;25.08.1998 00:00;0;0;0
MUE;26.08.1998 00:00;0;0;0
MUE;27.08.1998 00:00;10.9;0;0
MUE;28.08.1998 00:00;0;0;0
MUE;29.08.1998 00:00;0;0;0
MUE;30.08.1998 00:00;0;0;0
MUE;31.08.1998 00:00;0;0;0
MUE;01.09.1998 00:00;0.1;0;0
MUE;02.09.1998 00:00;0.3;0;0
MUE;03.09.1998 00:00;8.9;0;0
MUE;04.09.1998 00:00;22;0;0
MUE;05.09.1998 00:00;10.6;0;0
MUE;06.09.1998 00:00;0;0;0
MUE;07.09.1998 00:00;9.7;0;0
MUE;08.09.1998 00:00;0.2;0;0
MUE;09.09.1998 00:00;0;0;0
MUE;10.09.1998 00:00;16.3;0;0
MUE;11.09.1998 00:00;37.9;0;0
MUE;12.09.1998 00:00;3.8;9;0
MUE;13.09.1998 00:00;18;0;9
MUE;14.09.1998 00:00;1.6;0;3
MUE;15.09.1998 00:00;3.7;0;0
MUE;16.09.1998 00:00;1.3;0;0
MUE;17.09.1998 00:00;0.3;0;0
MUE;18.09.1998 00:00;0;0;0
MUE;19.09.1998 00:00;0;0;0
MUE;20.09.1998 00:00;0;0;0
MUE;21.09.1998 00:00;0;0;0
MUE;22.09.1998 00:00;0;0;0
MUE;23.09.1998 00:00;0;0;0
MUE;24.09.1998 00:00;0;0;0
MUE;25.09.1998 00:00;0;0;0
MUE;26.09.1998 00:00;0.2;0;0
MUE;27.09.1998 00:00;2.4;0;0
MUE;28.09.1998 00:00;4.3;0;0
MUE;29.09.1998 00:00;0.4;0;0
MUE;30.09.1998 00:00;14.3;0;0
MUE;01.10.1998 00:00;13.1;0;0
MUE;02.10.1998 00:00;1.9;0;0
MUE;03.10.1998 00:00;8.5;0;0
MUE;04.10.1998 00:00;0.7;0;0
MUE;05.10.1998 00:00;0;0;0
MUE;06.10.1998 00:00;8.5;0;0
MUE;07.10.1998 00:00;11.2;0;0
MUE;08.10.1998 00:00;0.8;0;0
MUE;09.10.1998 00:00;0;0;0
MUE;10.10.1998 00:00;0.6;0;0
MUE;11.10.1998 00:00;7.1;2;0
MUE;12.10.1998 00:00;7.9;0;2
MUE;13.10.1998 00:00;0;0;1
MUE;14.10.1998 00:00;0.7;0;0
MUE;15.10.1998 00:00;0;0;0
MUE;16.10.1998 00:00;0;0;0
MUE;17.10.1998 00:00;2.1;0;0
MUE;18.10.1998 00:00;2.5;0;0
MUE;19.10.1998 00:00;5.6;0;0
MUE;20.10.1998 00:00;0;0;0
MUE;21.10.1998 00:00;0;0;0
MUE;22.10.1998 00:00;0;0;0
MUE;23.10.1998 00:00;6.5;0;0
MUE;24.10.1998 00:00;28.4;12;0
MUE;25.10.1998 00:00;19.3;14;12
MUE;26.10.1998 00:00;16.6;0;24
MUE;27.10.1998 00:00;0.5;0;21
MUE;28.10.1998 00:00;0;8;8
MUE;29.10.1998 00:00;17.9;9;15
MUE;30.10.1998 00:00;11.8;0;10
MUE;31.10.1998 00:00;9.7;0;5
MUE;01.11.1998 00:00;19.2;0;2
MUE;02.11.1998 00:00;1.2;3;1
MUE;03.11.1998 00:00;5.4;12;4
MUE;04.11.1998 00:00;10.2;0;16
MUE;05.11.1998 00:00;0;0;7
MUE;06.11.1998 00:00;0;0;4
MUE;07.11.1998 00:00;0;0;3
MUE;08.11.1998 00:00;0;0;0
MUE;09.11.1998 00:00;0.4;2;0
MUE;10.11.1998 00:00;21.2;0;2
MUE;11.11.1998 00:00;0;6;0
MUE;12.11.1998 00:00;2;0;6
MUE;13.11.1998 00:00;0;18;2
MUE;14.11.1998 00:00;10.4;17;20
MUE;15.11.1998 00:00;9.7;17;32
MUE;16.11.1998 00:00;8.9;0;39
MUE;17.11.1998 00:00;0;0;29
MUE;18.11.1998 00:00;0;0;29
MUE;19.11.1998 00:00;0;3;28
MUE;20.11.1998 00:00;0.9;0;27
MUE;21.11.1998 00:00;0;0;25
MUE;22.11.1998 00:00;0;0;23
MUE;23.11.1998 00:00;0;0;22
MUE;24.11.1998 00:00;0;15;21
MUE;25.11.1998 00:00;8.7;7;35
MUE;26.11.1998 00:00;4.8;20;42
MUE;27.11.1998 00:00;12.9;0;52
MUE;28.11.1998 00:00;0;13;49
MUE;29.11.1998 00:00;7.6;1;56
MUE;30.11.1998 00:00;2.3;0;49
MUE;01.12.1998 00:00;0;0;47
MUE;02.12.1998 00:00;0;3;42
MUE;03.12.1998 00:00;0;28;45
MUE;04.12.1998 00:00;1.8;16;64
MUE;05.12.1998 00:00;17.4;4;67
MUE;06.12.1998 00:00;9.5;0;68
MUE;07.12.1998 00:00;3.3;0;67
MUE;08.12.1998 00:00;0.2;3;65
MUE;09.12.1998 00:00;3.4;8;62
MUE;10.12.1998 00:00;3.4;3;68
MUE;11.12.1998 00:00;2.1;0;67
MUE;12.12.1998 00:00;19.2;0;54
MUE;13.12.1998 00:00;0;0;48
MUE;14.12.1998 00:00;0;0;46
MUE;15.12.1998 00:00;0;0;45
MUE;16.12.1998 00:00;0;0;45
MUE;17.12.1998 00:00;0;0;43
MUE;18.12.1998 00:00;0;0;42
MUE;19.12.1998 00:00;0;12;42
MUE;20.12.1998 00:00;6.7;5;54
MUE;21.12.1998 00:00;1.6;0;56
MUE;22.12.1998 00:00;0;0;54
MUE;23.12.1998 00:00;0;7;53
MUE;24.12.1998 00:00;3;0;59
MUE;25.12.1998 00:00;0;0;56
MUE;26.12.1998 00:00;0;0;54
MUE;27.12.1998 00:00;0;0;50
MUE;28.12.1998 00:00;0;0;48
MUE;29.12.1998 00:00;0;0;47
MUE;30.12.1998 00:00;0;0;47
MUE;31.12.1998 00:00;0;0;47
MUE;01.01.1999 00:00;0;2;45
MUE;02.01.1999 00:00;0.7;2;46
MUE;03.01.1999 00:00;4.5;0;48
MUE;04.01.1999 00:00;0;0;44
MUE;05.01.1999 00:00;0;0;42
MUE;06.01.1999 00:00;0;2;42
MUE;07.01.1999 00:00;3.1;16;43
MUE;08.01.1999 00:00;10.1;1;59
MUE;09.01.1999 00:00;0;0;57
MUE;10.01.1999 00:00;0;9;50
MUE;11.01.1999 00:00;9.8;6;58
MUE;12.01.1999 00:00;3.3;10;60
MUE;13.01.1999 00:00;8.5;5;69
MUE;14.01.1999 00:00;3.8;0;70
MUE;15.01.1999 00:00;0;0;64
MUE;16.01.1999 00:00;0;0;62
MUE;17.01.1999 00:00;0;0;59
MUE;18.01.1999 00:00;0;0;58
MUE;19.01.1999 00:00;0;0;57
MUE;20.01.1999 00:00;0;0;57
MUE;21.01.1999 00:00;0;0;57
MUE;22.01.1999 00:00;0;0;56
MUE;23.01.1999 00:00;0;0;55
MUE;24.01.1999 00:00;0;0;55
MUE;25.01.1999 00:00;0;27;55
MUE;26.01.1999 00:00;28.9;21;82
MUE;27.01.1999 00:00;19.4;94;101
MUE;28.01.1999 00:00;68.4;8;134
MUE;29.01.1999 00:00;7.2;1;140
MUE;30.01.1999 00:00;0.3;0;122
MUE;31.01.1999 00:00;0;0;120
MUE;01.02.1999 00:00;0;0;119
MUE;02.02.1999 00:00;0;0;114
MUE;03.02.1999 00:00;0;0;110
MUE;04.02.1999 00:00;0;37;108
MUE;05.02.1999 00:00;26.5;41;135
MUE;06.02.1999 00:00;31.7;39;165
MUE;07.02.1999 00:00;25.8;15;170
MUE;08.02.1999 00:00;9.2;25;177
MUE;09.02.1999 00:00;33.2;6;182
MUE;10.02.1999 00:00;2.6;1;180
MUE;11.02.1999 00:00;1.5;0;181
MUE;12.02.1999 00:00;0;0;168
MUE;13.02.1999 00:00;0;8;163
MUE;14.02.1999 00:00;3.3;0;168
MUE;15.02.1999 00:00;0;11;161
MUE;16.02.1999 00:00;10.8;58;171
MUE;17.02.1999 00:00;40.8;41;198
MUE;18.02.1999 00:00;27.7;28;202
MUE;19.02.1999 00:00;30.5;10;225
MUE;20.02.1999 00:00;27.5;25;202
MUE;21.02.1999 00:00;28.5;0;210
MUE;22.02.1999 00:00;30;0;214
MUE;23.02.1999 00:00;15;0;219
MUE;24.02.1999 00:00;12.5;0;220
MUE;25.02.1999 00:00;0;0;203
MUE;26.02.1999 00:00;0;0;195
MUE;27.02.1999 00:00;0;0;185
MUE;28.02.1999 00:00;0;1;180
MUE;01.03.1999 00:00;0.3;0;180
MUE;02.03.1999 00:00;0;2;179
MUE;03.03.1999 00:00;1.9;36;180
MUE;04.03.1999 00:00;23.5;10;216
MUE;05.03.1999 00:00;11.8;5;220
MUE;06.03.1999 00:00;6.8;0;218
MUE;07.03.1999 00:00;0;2;202
MUE;08.03.1999 00:00;0.3;0;194
MUE;09.03.1999 00:00;0;0;190
MUE;10.03.1999 00:00;0;0;185
MUE;11.03.1999 00:00;1.3;0;180
MUE;12.03.1999 00:00;0;0;175
MUE;13.03.1999 00:00;0;0;174
MUE;14.03.1999 00:00;0;0;173
MUE;15.03.1999 00:00;0;0;170
MUE;16.03.1999 00:00;0;0;168
MUE;17.03.1999 00:00;0;0;165
MUE;18.03.1999 00:00;0;4;164
MUE;19.03.1999 00:00;1.9;0;167
MUE;20.03.1999 00:00;0;4;166
MUE;21.03.1999 00:00;2.3;28;166
MUE;22.03.1999 00:00;20.6;15;194
MUE;23.03.1999 00:00;8.8;0;200
MUE;24.03.1999 00:00;0;0;180
MUE;25.03.1999 00:00;0;6;173
MUE;26.03.1999 00:00;6;7;170
MUE;27.03.1999 00:00;12;1;176
MUE;28.03.1999 00:00;0.5;0;176
MUE;29.03.1999 00:00;0;0;174
MUE;30.03.1999 00:00;0;0;170
MUE;31.03.1999 00:00;0;0;168
MUE;01.04.1999 00:00;0;0;165
MUE;02.04.1999 00:00;2.7;0;163
MUE;03.04.1999 00:00;1.6;0;158
MUE;04.04.1999 00:00;0;0;155
MUE;05.04.1999 00:00;0;0;151
MUE;06.04.1999 00:00;2.8;32;140
MUE;07.04.1999 00:00;36.2;2;172
MUE;08.04.1999 00:00;2.2;0;174
MUE;09.04.1999 00:00;0;0;151
MUE;10.04.1999 00:00;0;6;145
MUE;11.04.1999 00:00;6.5;12;151
MUE;12.04.1999 00:00;7.2;4;157
MUE;13.04.1999 00:00;4.7;5;154
MUE;14.04.1999 00:00;3.4;37;155
MUE;15.04.1999 00:00;23.8;34;189
MUE;16.04.1999 00:00;27.4;1;200
MUE;17.04.1999 00:00;0.3;12;184
MUE;18.04.1999 00:00;7.7;1;187
MUE;19.04.1999 00:00;2.4;0;175
MUE;20.04.1999 00:00;0.2;0;174
MUE;21.04.1999 00:00;7.6;0;161
MUE;22.04.1999 00:00;0;4;156
MUE;23.04.1999 00:00;6.7;1;150
MUE;24.04.1999 00:00;4.6;0;150
MUE;25.04.1999 00:00;0;0;146
MUE;26.04.1999 00:00;0;0;132
MUE;27.04.1999 00:00;0;0;125
MUE;28.04.1999 00:00;0;0;120
MUE;29.04.1999 00:00;10.9;0;112
MUE;30.04.1999 00:00;0;0;106
MUE;01.05.1999 00:00;0;0;101
MUE;02.05.1999 00:00;0;0;95
MUE;03.05.1999 00:00;0;0;82
MUE;04.05.1999 00:00;0.8;0;69
MUE;05.05.1999 00:00;2.4;0;65
MUE;06.05.1999 00:00;1.4;0;58
MUE;07.05.1999 00:00;0;0;51
MUE;08.05.1999 00:00;17.6;0;48
MUE;09.05.1999 00:00;0;0;35
MUE;10.05.1999 00:00;2.8;0;25
MUE;11.05.1999 00:00;20.5;0;18
MUE;12.05.1999 00:00;20.6;0;5
MUE;13.05.1999 00:00;14.7;0;0
MUE;14.05.1999 00:00;19.6;0;0
MUE;15.05.1999 00:00;4.6;0;0
MUE;16.05.1999 00:00;0.3;0;0
MUE;17.05.1999 00:00;0;0;0
MUE;18.05.1999 00:00;0;0;0
MUE;19.05.1999 00:00;18.1;0;0
MUE;20.05.1999 00:00;15.3;0;0
MUE;21.05.1999 00:00;37.8;0;0
MUE;22.05.1999 00:00;2.5;0;0
MUE;23.05.1999 00:00;0;0;0
MUE;24.05.1999 00:00;2.1;0;0
MUE;25.05.1999 00:00;5.9;0;0
MUE;26.05.1999 00:00;0;0;0
MUE;27.05.1999 00:00;0;0;0
MUE;28.05.1999 00:00;0;0;0
MUE;29.05.1999 00:00;4.4;0;0
MUE;30.05.1999 00:00;0;0;0
MUE;31.05.1999 00:00;1;0;0
MUE;01.06.1999 00:00;0.2;0;0
MUE;02.06.1999 00:00;13.5;0;0
MUE;03.06.1999 00:00;17.1;0;0
MUE;04.06.1999 00:00;0;0;0
MUE;05.06.1999 00:00;4.3;0;0
MUE;06.06.1999 00:00;7.9;0;0
MUE;07.06.1999 00:00;24.7;0;0
MUE;08.06.1999 00:00;6.3;0;0
MUE;09.06.1999 00:00;0;0;0
MUE;10.06.1999 00:00;23.1;0;0
MUE;11.06.1999 00:00;8.1;0;0
MUE;12.06.1999 00:00;0.3;0;0
MUE;13.06.1999 00:00;0.4;0;0
MUE;14.06.1999 00:00;0.7;0;0
MUE;15.06.1999 00:00;0.5;0;0
MUE;16.06.1999 00:00;0.5;0;0
MUE;17.06.1999 00:00;0.4;0;0
MUE;18.06.1999 00:00;0.2;0;0
MUE;19.06.1999 00:00;0.1;0;0
MUE;20.06.1999 00:00;2;11;0
MUE;21.06.1999 00:00;39.1;0;11
MUE;22.06.1999 00:00;0;0;0
MUE;23.06.1999 00:00;0;0;0
MUE;24.06.1999 00:00;0;0;0
MUE;25.06.1999 00:00;0.3;0;0
MUE;26.06.1999 00:00;11.9;0;0
MUE;27.06.1999 00:00;7.4;0;0
MUE;28.06.1999 00:00;0;0;0
MUE;29.06.1999 00:00;2;0;0
MUE;30.06.1999 00:00;0.7;0;0
MUE;01.07.1999 00:00;0;0;0
MUE;02.07.1999 00:00;0;0;0
MUE;03.07.1999 00:00;0;0;0
MUE;04.07.1999 00:00;0;0;0
MUE;05.07.1999 00:00;3.5;0;0
MUE;06.07.1999 00:00;12.4;0;0
MUE;07.07.1999 00:00;4.9;0;0
MUE;08.07.1999 00:00;0;0;0
MUE;09.07.1999 00:00;0;0;0
MUE;10.07.1999 00:00;6.6;0;0
MUE;11.07.1999 00:00;2.3;0;0
MUE;12.07.1999 00:00;0.2;0;0
MUE;13.07.1999 00:00;30.2;0;0
MUE;14.07.1999 00:00;3.8;0;0
MUE;15.07.1999 00:00;0;0;0
MUE;16.07.1999 00:00;0;0;0
MUE;17.07.1999 00:00;0;0;0
MUE;18.07.1999 00:00;14.5;0;0
MUE;19.07.1999 00:00;0;0;0
MUE;20.07.1999 00:00;0.4;0;0
MUE;21.07.1999 00:00;0;0;0
MUE;22.07.1999 00:00;0.3;0;0
MUE;23.07.1999 00:00;0;0;0
MUE;24.07.1999 00:00;0;0;0
MUE;25.07.1999 00:00;0;0;0
MUE;26.07.1999 00:00;0;0;0
MUE;27.07.1999 00:00;14.3;0;0
MUE;28.07.1999 00:00;2;0;0
MUE;29.07.1999 00:00;0;0;0
MUE;30.07.1999 00:00;0;0;0
MUE;31.07.1999 00:00;0;0;0
MUE;01.08.1999 00:00;5.2;0;0
MUE;02.08.1999 00:00;0.2;0;0
MUE;03.08.1999 00:00;0;0;0
MUE;04.08.1999 00:00;0;0;0
MUE;05.08.1999 00:00;4.2;0;0
MUE;06.08.1999 00:00;8.8;0;0
MUE;07.08.1999 00:00;0;0;0
MUE;08.08.1999 00:00;0.9;0;0
MUE;09.08.1999 00:00;13.2;0;0
MUE;10.08.1999 00:00;13.3;0;0
MUE;11.08.1999 00:00;5.3;0;0
MUE;12.08.1999 00:00;19.3;0;0
MUE;13.08.1999 00:00;0.3;0;0
MUE;14.08.1999 00:00;1.3;0;0
MUE;15.08.1999 00:00;0.1;0;0
MUE;16.08.1999 00:00;24.1;0;0
MUE;17.08.1999 00:00;0.1;0;0
MUE;18.08.1999 00:00;1.4;0;0
MUE;19.08.1999 00:00;33.1;0;0
MUE;20.08.1999 00:00;0.9;0;0
MUE;21.08.1999 00:00;0;0;0
MUE;22.08.1999 00:00;0;0;0
MUE;23.08.1999 00:00;5.2;0;0
MUE;24.08.1999 00:00;0;0;0
MUE;25.08.1999 00:00;0;0;0
MUE;26.08.1999 00:00;9.8;0;0
MUE;27.08.1999 00:00;0.4;0;0
MUE;28.08.1999 00:00;3.5;0;0
MUE;29.08.1999 00:00;0.4;0;0
MUE;30.08.1999 00:00;0;0;0
MUE;31.08.1999 00:00;0;0;0
MUE;01.09.1999 00:00;0;0;0
MUE;02.09.1999 00:00;0.7;0;0
MUE;03.09.1999 00:00;0;0;0
MUE;04.09.1999 00:00;3.6;0;0
MUE;05.09.1999 00:00;0.5;0;0
MUE;06.09.1999 00:00;1.8;0;0
MUE;07.09.1999 00:00;0;0;0
MUE;08.09.1999 00:00;0;0;0
MUE;09.09.1999 00:00;0;0;0
MUE;10.09.1999 00:00;0;0;0
MUE;11.09.1999 00:00;0;0;0
MUE;12.09.1999 00:00;0;0;0
MUE;13.09.1999 00:00;0;0;0
MUE;14.09.1999 00:00;0;0;0
MUE;15.09.1999 00:00;0;0;0
MUE;16.09.1999 00:00;0;0;0
MUE;17.09.1999 00:00;10.7;0;0
MUE;18.09.1999 00:00;0;0;0
MUE;19.09.1999 00:00;0.9;0;0
MUE;20.09.1999 00:00;48.1;0;0
MUE;21.09.1999 00:00;0.9;0;0
MUE;22.09.1999 00:00;0;0;0
MUE;23.09.1999 00:00;0.7;0;0
MUE;24.09.1999 00:00;0;0;0
MUE;25.09.1999 00:00;19.7;0;0
MUE;26.09.1999 00:00;15;0;0
MUE;27.09.1999 00:00;5.4;0;0
MUE;28.09.1999 00:00;6.6;0;0
MUE;29.09.1999 00:00;0.5;0;0
MUE;30.09.1999 00:00;12.1;0;0
MUE;01.10.1999 00:00;0;0;0
MUE;02.10.1999 00:00;0.3;0;0
MUE;03.10.1999 00:00;10.6;9;0
MUE;04.10.1999 00:00;9.8;0;9
MUE;05.10.1999 00:00;0.6;0;0
MUE;06.10.1999 00:00;0;0;0
MUE;07.10.1999 00:00;0;0;0
MUE;08.10.1999 00:00;0;0;0
MUE;09.10.1999 00:00;0;0;0
MUE;10.10.1999 00:00;0;0;0
MUE;11.10.1999 00:00;0;0;0
MUE;12.10.1999 00:00;0;0;0
MUE;13.10.1999 00:00;0;0;0
MUE;14.10.1999 00:00;0;0;0
MUE;15.10.1999 00:00;0;0;0
MUE;16.10.1999 00:00;0;0;0
MUE;17.10.1999 00:00;0;0;0
MUE;18.10.1999 00:00;0;0;0
MUE;19.10.1999 00:00;1.5;0;0
MUE;20.10.1999 00:00;0;0;0
MUE;21.10.1999 00:00;0;0;0
MUE;22.10.1999 00:00;2.6;0;0
MUE;23.10.1999 00:00;0;0;0
MUE;24.10.1999 00:00;0;0;0
MUE;25.10.1999 00:00;5.6;0;0
MUE;26.10.1999 00:00;0;0;0
MUE;27.10.1999 00:00;0;0;0
MUE;28.10.1999 00:00;0;0;0
MUE;29.10.1999 00:00;0;0;0
MUE;30.10.1999 00:00;2.6;0;0
MUE;31.10.1999 00:00;0;0;0
MUE;01.11.1999 00:00;0;0;0
MUE;02.11.1999 00:00;11.2;0;0
MUE;03.11.1999 00:00;9.8;0;0
MUE;04.11.1999 00:00;0;0;0
MUE;05.11.1999 00:00;0;15;0
MUE;06.11.1999 00:00;13.5;6;15
MUE;07.11.1999 00:00;0.1;0;18
MUE;08.11.1999 00:00;0;25;9
MUE;09.11.1999 00:00;13.5;6;25
MUE;10.11.1999 00:00;3.4;1;27
MUE;11.11.1999 00:00;1.4;0;24
MUE;12.11.1999 00:00;0;0;20
MUE;13.11.1999 00:00;0;1;10
MUE;14.11.1999 00:00;1.6;0;6
MUE;15.11.1999 00:00;0;15;4
MUE;16.11.1999 00:00;9.2;10;19
MUE;17.11.1999 00:00;5.9;24;30
MUE;18.11.1999 00:00;19.3;7;50
MUE;19.11.1999 00:00;4.8;0;53
MUE;20.11.1999 00:00;0;2;44
MUE;21.11.1999 00:00;2.1;3;41
MUE;22.11.1999 00:00;1.8;11;42
MUE;23.11.1999 00:00;10.5;1;50
MUE;24.11.1999 00:00;0;0;45
MUE;25.11.1999 00:00;0;0;41
MUE;26.11.1999 00:00;0;0;37
MUE;27.11.1999 00:00;0;0;35
MUE;28.11.1999 00:00;0;0;32
MUE;29.11.1999 00:00;0;0;32
MUE;30.11.1999 00:00;0;0;31
MUE;01.12.1999 00:00;0;0;29
MUE;02.12.1999 00:00;0;0;26
MUE;03.12.1999 00:00;0;17;26
MUE;04.12.1999 00:00;9.5;4;42
MUE;05.12.1999 00:00;4.7;0;42
MUE;06.12.1999 00:00;0;0;38
MUE;07.12.1999 00:00;0;0;35
MUE;08.12.1999 00:00;0;4;32
MUE;09.12.1999 00:00;3.3;19;36
MUE;10.12.1999 00:00;12.7;0;54
MUE;11.12.1999 00:00;5.5;21;45
MUE;12.12.1999 00:00;21.7;3;66
MUE;13.12.1999 00:00;1.8;17;60
MUE;14.12.1999 00:00;12.3;12;72
MUE;15.12.1999 00:00;5.3;4;78
MUE;16.12.1999 00:00;0.3;1;75
MUE;17.12.1999 00:00;0.2;0;68
MUE;18.12.1999 00:00;25.1;6;55
MUE;19.12.1999 00:00;12;0;58
MUE;20.12.1999 00:00;0;0;56
MUE;21.12.1999 00:00;0;0;55
MUE;22.12.1999 00:00;0;0;54
MUE;23.12.1999 00:00;0;0;54
MUE;24.12.1999 00:00;0;6;52
MUE;25.12.1999 00:00;5.6;15;54
MUE;26.12.1999 00:00;16.3;2;69
MUE;27.12.1999 00:00;2.8;50;59
MUE;28.12.1999 00:00;36.2;15;109
MUE;29.12.1999 00:00;12.3;0;112
MUE;30.12.1999 00:00;0;4;98
MUE;31.12.1999 00:00;0.7;0;98
MUE;01.01.2000 00:00;0;0;91
MUE;02.01.2000 00:00;0;0;88
MUE;03.01.2000 00:00;0;0;86
MUE;04.01.2000 00:00;0;0;84
MUE;05.01.2000 00:00;0;0;83
MUE;06.01.2000 00:00;0;0;81
MUE;07.01.2000 00:00;0;0;80
MUE;08.01.2000 00:00;0;0;80
MUE;09.01.2000 00:00;0.6;1;80
MUE;10.01.2000 00:00;0;0;79
MUE;11.01.2000 00:00;0;0;79
MUE;12.01.2000 00:00;0;0;78
MUE;13.01.2000 00:00;0;0;77
MUE;14.01.2000 00:00;0;0;77
MUE;15.01.2000 00:00;0;0;77
MUE;16.01.2000 00:00;0;0;77
MUE;17.01.2000 00:00;0;1;76
MUE;18.01.2000 00:00;0.8;1;77
MUE;19.01.2000 00:00;0;0;77
MUE;20.01.2000 00:00;0;0;77
MUE;21.01.2000 00:00;0;19;77
MUE;22.01.2000 00:00;15;17;96
MUE;23.01.2000 00:00;23.3;1;108
MUE;24.01.2000 00:00;0;0;106
MUE;25.01.2000 00:00;0;0;101
MUE;26.01.2000 00:00;0;0;98
MUE;27.01.2000 00:00;0;0;97
MUE;28.01.2000 00:00;0;4;97
MUE;29.01.2000 00:00;17.9;3;101
MUE;30.01.2000 00:00;39.6;0;106
MUE;31.01.2000 00:00;0;0;103
MUE;01.02.2000 00:00;0;3;101
MUE;02.02.2000 00:00;11.6;0;102
MUE;03.02.2000 00:00;0;0;100
MUE;04.02.2000 00:00;0;0;98
MUE;05.02.2000 00:00;0;0;97
MUE;06.02.2000 00:00;0;0;97
MUE;07.02.2000 00:00;2.6;0;96
MUE;08.02.2000 00:00;18.4;4;98
MUE;09.02.2000 00:00;3.2;3;99
MUE;10.02.2000 00:00;4.3;7;105
MUE;11.02.2000 00:00;4.3;3;106
MUE;12.02.2000 00:00;0;0;102
MUE;13.02.2000 00:00;17.2;15;116
MUE;14.02.2000 00:00;3.2;2;105
MUE;15.02.2000 00:00;3.8;3;106
MUE;16.02.2000 00:00;24.4;22;126
MUE;17.02.2000 00:00;3.6;9;130
MUE;18.02.2000 00:00;22.9;17;123
MUE;19.02.2000 00:00;31.3;35;152
MUE;20.02.2000 00:00;11.9;8;148
MUE;21.02.2000 00:00;0;0;141
MUE;22.02.2000 00:00;0;0;138
MUE;23.02.2000 00:00;0;0;137
MUE;24.02.2000 00:00;0.3;1;132
MUE;25.02.2000 00:00;2.7;2;131
MUE;26.02.2000 00:00;0;0;131
MUE;27.02.2000 00:00;0;0;130
MUE;28.02.2000 00:00;1.4;1;130
MUE;29.02.2000 00:00;0;36;131
MUE;01.03.2000 00:00;38.3;5;165
MUE;02.03.2000 00:00;4.3;11;165
MUE;03.03.2000 00:00;6.5;12;175
MUE;04.03.2000 00:00;12.5;0;187
MUE;05.03.2000 00:00;0;0;165
MUE;06.03.2000 00:00;0;0;140
MUE;07.03.2000 00:00;0;0;120
MUE;08.03.2000 00:00;12.5;0;114
MUE;09.03.2000 00:00;0.2;0;108
MUE;10.03.2000 00:00;0;0;106
MUE;11.03.2000 00:00;0;0;104
MUE;12.03.2000 00:00;0;1;101
MUE;13.03.2000 00:00;1.7;13;101
MUE;14.03.2000 00:00;19.9;1;106
MUE;15.03.2000 00:00;1.1;2;104
MUE;16.03.2000 00:00;2.4;0;100
MUE;17.03.2000 00:00;0.2;1;100
MUE;18.03.2000 00:00;3;0;100
MUE;19.03.2000 00:00;0;0;100
MUE;20.03.2000 00:00;0;0;98
MUE;21.03.2000 00:00;0;0;92
MUE;22.03.2000 00:00;0;0;91
MUE;23.03.2000 00:00;0;1;90
MUE;24.03.2000 00:00;4.5;0;88
MUE;25.03.2000 00:00;2;22;86
MUE;26.03.2000 00:00;12.8;4;106
MUE;27.03.2000 00:00;6.9;3;106
MUE;28.03.2000 00:00;1.2;14;106
MUE;29.03.2000 00:00;13.4;0;112
MUE;30.03.2000 00:00;0;4;108
MUE;31.03.2000 00:00;2;1;106
MUE;01.04.2000 00:00;2.4;0;103
MUE;02.04.2000 00:00;0;0;99
MUE;03.04.2000 00:00;0;1;95
MUE;04.04.2000 00:00;0;6;90
MUE;05.04.2000 00:00;7.9;1;96
MUE;06.04.2000 00:00;1.4;0;94
MUE;07.04.2000 00:00;0;0;91
MUE;08.04.2000 00:00;0;0;89
MUE;09.04.2000 00:00;0;1;87
MUE;10.04.2000 00:00;0.7;7;85
MUE;11.04.2000 00:00;5;3;90
MUE;12.04.2000 00:00;6;0;90
MUE;13.04.2000 00:00;7.5;0;90
MUE;14.04.2000 00:00;0;4;89
MUE;15.04.2000 00:00;7.2;0;89
MUE;16.04.2000 00:00;0;2;88
MUE;17.04.2000 00:00;9.1;5;88
MUE;18.04.2000 00:00;12;0;88
MUE;19.04.2000 00:00;0;0;85
MUE;20.04.2000 00:00;0;0;80
MUE;21.04.2000 00:00;0;0;75
MUE;22.04.2000 00:00;0;23;70
MUE;23.04.2000 00:00;29.3;5;80
MUE;24.04.2000 00:00;1.1;0;80
MUE;25.04.2000 00:00;0;0;70
MUE;26.04.2000 00:00;0;0;59
MUE;27.04.2000 00:00;0;0;47
MUE;28.04.2000 00:00;5.7;0;33
MUE;29.04.2000 00:00;2.9;0;25
MUE;30.04.2000 00:00;0.3;0;21
MUE;01.05.2000 00:00;0;0;14
MUE;02.05.2000 00:00;0;0;10
MUE;03.05.2000 00:00;3.2;0;5
MUE;04.05.2000 00:00;3.8;0;0
MUE;05.05.2000 00:00;0.2;0;0
MUE;06.05.2000 00:00;0;0;0
MUE;07.05.2000 00:00;0;0;0
MUE;08.05.2000 00:00;2.6;0;0
MUE;09.05.2000 00:00;0.3;0;0
MUE;10.05.2000 00:00;0;0;0
MUE;11.05.2000 00:00;7.8;0;0
MUE;12.05.2000 00:00;0;0;0
MUE;13.05.2000 00:00;0;0;0
MUE;14.05.2000 00:00;0;0;0
MUE;15.05.2000 00:00;0;0;0
MUE;16.05.2000 00:00;20.7;2;0
MUE;17.05.2000 00:00;6.3;0;2
MUE;18.05.2000 00:00;0;0;0
MUE;19.05.2000 00:00;0.5;0;0
MUE;20.05.2000 00:00;0;0;0
MUE;21.05.2000 00:00;8.4;0;0
MUE;22.05.2000 00:00;0;0;0
MUE;23.05.2000 00:00;0;0;0
MUE;24.05.2000 00:00;0;0;0
MUE;25.05.2000 00:00;0.3;0;0
MUE;26.05.2000 00:00;0.2;0;0
MUE;27.05.2000 00:00;5.8;0;0
MUE;28.05.2000 00:00;3.2;0;0
MUE;29.05.2000 00:00;3.9;0;0
MUE;30.05.2000 00:00;2.1;0;0
MUE;31.05.2000 00:00;5.3;0;0
MUE;01.06.2000 00:00;0;0;0
MUE;02.06.2000 00:00;0;0;0
MUE;03.06.2000 00:00;2.9;0;0
MUE;04.06.2000 00:00;0;0;0
MUE;05.06.2000 00:00;0.7;0;0
MUE;06.06.2000 00:00;8.5;0;0
MUE;07.06.2000 00:00;0;0;0
MUE;08.06.2000 00:00;0;0;0
MUE;09.06.2000 00:00;0;0;0
MUE;10.06.2000 00:00;10.1;0;0
MUE;11.06.2000 00:00;0.4;0;0
MUE;12.06.2000 00:00;0.4;0;0
MUE;13.06.2000 00:00;4.7;0;0
MUE;14.06.2000 00:00;2.5;0;0
MUE;15.06.2000 00:00;0;0;0
MUE;16.06.2000 00:00;0;0;0
MUE;17.06.2000 00:00;0;0;0
MUE;18.06.2000 00:00;0;0;0
MUE;19.06.2000 00:00;0;0;0
MUE;20.06.2000 00:00;0;0;0
MUE;21.06.2000 00:00;3.8;0;0
MUE;22.06.2000 00:00;14.9;0;0
MUE;23.06.2000 00:00;0.6;0;0
MUE;24.06.2000 00:00;10.3;0;0
MUE;25.06.2000 00:00;4.5;0;0
MUE;26.06.2000 00:00;0;0;0
MUE;27.06.2000 00:00;2;0;0
MUE;28.06.2000 00:00;24.3;0;0
MUE;29.06.2000 00:00;2.8;0;0
MUE;30.06.2000 00:00;0;0;0
MUE;01.07.2000 00:00;0;0;0
MUE;02.07.2000 00:00;0;0;0
MUE;03.07.2000 00:00;2.5;0;0
MUE;04.07.2000 00:00;11.6;0;0
MUE;05.07.2000 00:00;0;0;0
MUE;06.07.2000 00:00;1.6;0;0
MUE;07.07.2000 00:00;13.7;0;0
MUE;08.07.2000 00:00;10.6;0;0
MUE;09.07.2000 00:00;18.6;0;0
MUE;10.07.2000 00:00;11.7;0;0
MUE;11.07.2000 00:00;25.1;0;0
MUE;12.07.2000 00:00;11.6;0;0
MUE;13.07.2000 00:00;6.1;0;0
MUE;14.07.2000 00:00;32.3;0;0
MUE;15.07.2000 00:00;14.3;0;0
MUE;16.07.2000 00:00;4;0;0
MUE;17.07.2000 00:00;2.5;0;0
MUE;18.07.2000 00:00;0;0;0
MUE;19.07.2000 00:00;0;0;0
MUE;20.07.2000 00:00;0;0;0
MUE;21.07.2000 00:00;0;0;0
MUE;22.07.2000 00:00;0;0;0
MUE;23.07.2000 00:00;5.7;0;0
MUE;24.07.2000 00:00;18.2;0;0
MUE;25.07.2000 00:00;13.3;0;0
MUE;26.07.2000 00:00;1.3;0;0
MUE;27.07.2000 00:00;12.4;0;0
MUE;28.07.2000 00:00;10.8;0;0
MUE;29.07.2000 00:00;23;0;0
MUE;30.07.2000 00:00;0;0;0
MUE;31.07.2000 00:00;0;0;0
MUE;01.08.2000 00:00;0;0;0
MUE;02.08.2000 00:00;5.4;0;0
MUE;03.08.2000 00:00;13.7;0;0
MUE;04.08.2000 00:00;11.1;0;0
MUE;05.08.2000 00:00;47.3;0;0
MUE;06.08.2000 00:00;17.7;0;0
MUE;07.08.2000 00:00;0;0;0
MUE;08.08.2000 00:00;0;0;0
MUE;09.08.2000 00:00;0;0;0
MUE;10.08.2000 00:00;0;0;0
MUE;11.08.2000 00:00;0;0;0
MUE;12.08.2000 00:00;0;0;0
MUE;13.08.2000 00:00;7.2;0;0
MUE;14.08.2000 00:00;0;0;0
MUE;15.08.2000 00:00;0;0;0
MUE;16.08.2000 00:00;0;0;0
MUE;17.08.2000 00:00;1.2;0;0
MUE;18.08.2000 00:00;1.3;0;0
MUE;19.08.2000 00:00;0;0;0
MUE;20.08.2000 00:00;0.3;0;0
MUE;21.08.2000 00:00;20.6;0;0
MUE;22.08.2000 00:00;0;0;0
MUE;23.08.2000 00:00;0;0;0
MUE;24.08.2000 00:00;0;0;0
MUE;25.08.2000 00:00;0;0;0
MUE;26.08.2000 00:00;0;0;0
MUE;27.08.2000 00:00;18.3;0;0
MUE;28.08.2000 00:00;0;0;0
MUE;29.08.2000 00:00;0;0;0
MUE;30.08.2000 00:00;2.6;0;0
MUE;31.08.2000 00:00;13.6;0;0
MUE;01.09.2000 00:00;0;0;0
MUE;02.09.2000 00:00;5.3;0;0
MUE;03.09.2000 00:00;7.7;0;0
MUE;04.09.2000 00:00;9.6;0;0
MUE;05.09.2000 00:00;0.7;0;0
MUE;06.09.2000 00:00;4.3;0;0
MUE;07.09.2000 00:00;8.3;0;0
MUE;08.09.2000 00:00;0;0;0
MUE;09.09.2000 00:00;0;0;0
MUE;10.09.2000 00:00;0;0;0
MUE;11.09.2000 00:00;0;0;0
MUE;12.09.2000 00:00;2.1;0;0
MUE;13.09.2000 00:00;1;0;0
MUE;14.09.2000 00:00;0;0;0
MUE;15.09.2000 00:00;0;0;0
MUE;16.09.2000 00:00;1.9;0;0
MUE;17.09.2000 00:00;0;0;0
MUE;18.09.2000 00:00;0;0;0
MUE;19.09.2000 00:00;7.8;0;0
MUE;20.09.2000 00:00;66;0;0
MUE;21.09.2000 00:00;2.1;0;0
MUE;22.09.2000 00:00;0;0;0
MUE;23.09.2000 00:00;0;0;0
MUE;24.09.2000 00:00;0;0;0
MUE;25.09.2000 00:00;0;0;0
MUE;26.09.2000 00:00;0;0;0
MUE;27.09.2000 00:00;0;0;0
MUE;28.09.2000 00:00;0;0;0
MUE;29.09.2000 00:00;3;0;0
MUE;30.09.2000 00:00;28.5;0;0
MUE;01.10.2000 00:00;8.3;0;0
MUE;02.10.2000 00:00;18.4;0;0
MUE;03.10.2000 00:00;2.1;0;0
MUE;04.10.2000 00:00;0;0;0
MUE;05.10.2000 00:00;12.9;0;0
MUE;06.10.2000 00:00;3.4;1;0
MUE;07.10.2000 00:00;0;1;1
MUE;08.10.2000 00:00;2.6;0;1
MUE;09.10.2000 00:00;0.2;0;0
MUE;10.10.2000 00:00;5.1;0;0
MUE;11.10.2000 00:00;3.8;0;0
MUE;12.10.2000 00:00;1.3;0;0
MUE;13.10.2000 00:00;34.2;0;0
MUE;14.10.2000 00:00;33.1;0;0
MUE;15.10.2000 00:00;10.3;0;0
MUE;16.10.2000 00:00;2.2;0;0
MUE;17.10.2000 00:00;1.9;0;0
MUE;18.10.2000 00:00;0;0;0
MUE;19.10.2000 00:00;0;0;0
MUE;20.10.2000 00:00;0;0;0
MUE;21.10.2000 00:00;0;0;0
MUE;22.10.2000 00:00;0;0;0
MUE;23.10.2000 00:00;0;0;0
MUE;24.10.2000 00:00;0;0;0
MUE;25.10.2000 00:00;0;0;0
MUE;26.10.2000 00:00;2.6;0;0
MUE;27.10.2000 00:00;0;0;0
MUE;28.10.2000 00:00;0;0;0
MUE;29.10.2000 00:00;0;0;0
MUE;30.10.2000 00:00;0.2;9;0
MUE;31.10.2000 00:00;12.2;0;9
MUE;01.11.2000 00:00;0;0;0
MUE;02.11.2000 00:00;0;19;0
MUE;03.11.2000 00:00;17.4;1;19
MUE;04.11.2000 00:00;0.1;0;10
MUE;05.11.2000 00:00;0;3;3
MUE;06.11.2000 00:00;5.6;0;5
MUE;07.11.2000 00:00;0;0;3
MUE;08.11.2000 00:00;0;2;2
MUE;09.11.2000 00:00;1.3;0;4
MUE;10.11.2000 00:00;0;0;4
MUE;11.11.2000 00:00;0;0;3
MUE;12.11.2000 00:00;0;0;2
MUE;13.11.2000 00:00;1.3;9;1
MUE;14.11.2000 00:00;1.8;0;10
MUE;15.11.2000 00:00;0;24;7
MUE;16.11.2000 00:00;13.5;43;29
MUE;17.11.2000 00:00;39.4;1;60
MUE;18.11.2000 00:00;1;4;52
MUE;19.11.2000 00:00;1.7;4;57
MUE;20.11.2000 00:00;1.6;4;60
MUE;21.11.2000 00:00;0.5;0;48
MUE;22.11.2000 00:00;0;5;34
MUE;23.11.2000 00:00;6.5;9;35
MUE;24.11.2000 00:00;6.6;0;42
MUE;25.11.2000 00:00;0;15;34
MUE;26.11.2000 00:00;11.8;0;47
MUE;27.11.2000 00:00;5.6;0;40
MUE;28.11.2000 00:00;0;0;38
MUE;29.11.2000 00:00;0;0;36
MUE;30.11.2000 00:00;0;0;35
MUE;01.12.2000 00:00;0;1;26
MUE;02.12.2000 00:00;1.5;0;27
MUE;03.12.2000 00:00;0;0;26
MUE;04.12.2000 00:00;0;0;25
MUE;05.12.2000 00:00;0;0;24
MUE;06.12.2000 00:00;0;0;23
MUE;07.12.2000 00:00;0;0;21
MUE;08.12.2000 00:00;2.5;0;18
MUE;09.12.2000 00:00;0;0;17
MUE;10.12.2000 00:00;0.2;0;14
MUE;11.12.2000 00:00;0;0;8
MUE;12.12.2000 00:00;0;0;8
MUE;13.12.2000 00:00;0;9;8
MUE;14.12.2000 00:00;4.8;14;17
MUE;15.12.2000 00:00;10.9;0;31
MUE;16.12.2000 00:00;0;0;24
MUE;17.12.2000 00:00;0;1;21
MUE;18.12.2000 00:00;0;0;20
MUE;19.12.2000 00:00;0;0;19
MUE;20.12.2000 00:00;0;0;18
MUE;21.12.2000 00:00;0;0;18
MUE;22.12.2000 00:00;0;0;17
MUE;23.12.2000 00:00;0;0;17
MUE;24.12.2000 00:00;0;5;16
MUE;25.12.2000 00:00;3.9;0;21
MUE;26.12.2000 00:00;0;0;20
MUE;27.12.2000 00:00;1.5;4;24
MUE;28.12.2000 00:00;6.5;9;32
MUE;29.12.2000 00:00;1.6;2;33
MUE;30.12.2000 00:00;0.5;1;33
MUE;31.12.2000 00:00;0;0;29
MUE;01.01.2001 00:00;0;14;38
MUE;02.01.2001 00:00;10.4;0;42
MUE;03.01.2001 00:00;0;3;38
MUE;04.01.2001 00:00;3;0;37
MUE;05.01.2001 00:00;0.7;23;27
MUE;06.01.2001 00:00;22;22;48
MUE;07.01.2001 00:00;15.5;17;68
MUE;08.01.2001 00:00;12;0;75
MUE;09.01.2001 00:00;0;2;74
MUE;10.01.2001 00:00;1.3;0;72
MUE;11.01.2001 00:00;2.8;5;55
MUE;12.01.2001 00:00;1.2;1;50
MUE;13.01.2001 00:00;0.2;0;48
MUE;14.01.2001 00:00;0;0;48
MUE;15.01.2001 00:00;0;0;47
MUE;16.01.2001 00:00;0;1;45
MUE;17.01.2001 00:00;0.6;0;45
MUE;18.01.2001 00:00;0;4;44
MUE;19.01.2001 00:00;2.1;1;48
MUE;20.01.2001 00:00;0.5;1;46
MUE;21.01.2001 00:00;0.6;5;46
MUE;22.01.2001 00:00;1.9;2;50
MUE;23.01.2001 00:00;1.5;5;47
MUE;24.01.2001 00:00;8.1;5;50
MUE;25.01.2001 00:00;4.1;1;53
MUE;26.01.2001 00:00;0.1;1;51
MUE;27.01.2001 00:00;0.2;0;51
MUE;28.01.2001 00:00;0;6;50
MUE;29.01.2001 00:00;3.3;3;56
MUE;30.01.2001 00:00;0;3;59
MUE;31.01.2001 00:00;0.9;1;59
MUE;01.02.2001 00:00;0.3;14;58
MUE;02.02.2001 00:00;6.1;10;68
MUE;03.02.2001 00:00;11.7;1;65
MUE;04.02.2001 00:00;0.2;0;66
MUE;05.02.2001 00:00;0;0;61
MUE;06.02.2001 00:00;0;11;56
MUE;07.02.2001 00:00;0;9;51
MUE;08.02.2001 00:00;4.5;0;61
MUE;09.02.2001 00:00;3.5;0;70
MUE;10.02.2001 00:00;0;0;63
MUE;11.02.2001 00:00;0;0;57
MUE;12.02.2001 00:00;0;0;53
MUE;13.02.2001 00:00;0;0;53
MUE;14.02.2001 00:00;0;0;52
MUE;15.02.2001 00:00;0;0;51
MUE;16.02.2001 00:00;0;1;50
MUE;17.02.2001 00:00;2.4;0;50
MUE;18.02.2001 00:00;0;0;50
MUE;19.02.2001 00:00;0;0;49
MUE;20.02.2001 00:00;0;3;49
MUE;21.02.2001 00:00;4.6;10;52
MUE;22.02.2001 00:00;5.9;14;61
MUE;23.02.2001 00:00;7.3;7;73
MUE;24.02.2001 00:00;3.5;2;73
MUE;25.02.2001 00:00;0.9;0;71
MUE;26.02.2001 00:00;0;0;68
MUE;27.02.2001 00:00;0;1;61
MUE;28.02.2001 00:00;0.3;3;61
MUE;01.03.2001 00:00;2.6;0;64
MUE;02.03.2001 00:00;3;7;62
MUE;03.03.2001 00:00;5.1;15;69
MUE;04.03.2001 00:00;11.5;0;82
MUE;05.03.2001 00:00;0.8;0;68
MUE;06.03.2001 00:00;2.5;0;64
MUE;07.03.2001 00:00;0;11;58
MUE;08.03.2001 00:00;14.6;0;69
MUE;09.03.2001 00:00;0;0;54
MUE;10.03.2001 00:00;1.9;0;48
MUE;11.03.2001 00:00;8.6;19;47
MUE;12.03.2001 00:00;18.4;14;64
MUE;13.03.2001 00:00;9.5;1;72
MUE;14.03.2001 00:00;1;0;57
MUE;15.03.2001 00:00;0;0;50
MUE;16.03.2001 00:00;0;2;45
MUE;17.03.2001 00:00;6.5;1;45
MUE;18.03.2001 00:00;0.5;3;44
MUE;19.03.2001 00:00;1.4;0;42
MUE;20.03.2001 00:00;7.4;0;40
MUE;21.03.2001 00:00;38.2;0;32
MUE;22.03.2001 00:00;0.1;0;26
MUE;23.03.2001 00:00;0;1;20
MUE;24.03.2001 00:00;11.6;1;14
MUE;25.03.2001 00:00;3.9;2;10
MUE;26.03.2001 00:00;2.8;1;12
MUE;27.03.2001 00:00;0;0;6
MUE;28.03.2001 00:00;0;12;4
MUE;29.03.2001 00:00;15.4;7;16
MUE;30.03.2001 00:00;6.5;0;22
MUE;31.03.2001 00:00;0;0;12
MUE;01.04.2001 00:00;0;0;8
MUE;02.04.2001 00:00;0;0;7
MUE;03.04.2001 00:00;0;22;5
MUE;04.04.2001 00:00;23.8;3;24
MUE;05.04.2001 00:00;5.3;0;11
MUE;06.04.2001 00:00;9.4;11;5
MUE;07.04.2001 00:00;16.1;22;12
MUE;08.04.2001 00:00;19.8;28;34
MUE;09.04.2001 00:00;27;10;48
MUE;10.04.2001 00:00;18.7;5;46
MUE;11.04.2001 00:00;3.8;1;38
MUE;12.04.2001 00:00;0.7;7;34
MUE;13.04.2001 00:00;2.4;13;38
MUE;14.04.2001 00:00;4.2;26;42
MUE;15.04.2001 00:00;20.9;9;68
MUE;16.04.2001 00:00;20.1;0;75
MUE;17.04.2001 00:00;0;9;49
MUE;18.04.2001 00:00;4.1;14;54
MUE;19.04.2001 00:00;9.2;18;64
MUE;20.04.2001 00:00;11.2;22;72
MUE;21.04.2001 00:00;15.8;1;81
MUE;22.04.2001 00:00;1.7;2;72
MUE;23.04.2001 00:00;1.3;0;62
MUE;24.04.2001 00:00;0.5;8;54
MUE;25.04.2001 00:00;11.7;0;62
MUE;26.04.2001 00:00;0;0;46
MUE;27.04.2001 00:00;0;0;43
MUE;28.04.2001 00:00;0;0;38
MUE;29.04.2001 00:00;0;0;30
MUE;30.04.2001 00:00;0;0;18
MUE;01.05.2001 00:00;0;0;12
MUE;02.05.2001 00:00;9.3;0;1
MUE;03.05.2001 00:00;0;0;1
MUE;04.05.2001 00:00;0.3;0;1
MUE;05.05.2001 00:00;11.1;0;1
MUE;06.05.2001 00:00;4.1;0;0
MUE;07.05.2001 00:00;0.6;0;0
MUE;08.05.2001 00:00;0;0;0
MUE;09.05.2001 00:00;0;0;0
MUE;10.05.2001 00:00;5.7;0;0
MUE;11.05.2001 00:00;0;0;0
MUE;12.05.2001 00:00;0;0;0
MUE;13.05.2001 00:00;0;0;0
MUE;14.05.2001 00:00;0.5;0;0
MUE;15.05.2001 00:00;2.7;0;0
MUE;16.05.2001 00:00;0;0;0
MUE;17.05.2001 00:00;1.6;0;0
MUE;18.05.2001 00:00;7.9;0;0
MUE;19.05.2001 00:00;0;0;0
MUE;20.05.2001 00:00;0;0;0
MUE;21.05.2001 00:00;0;0;0
MUE;22.05.2001 00:00;0;0;0
MUE;23.05.2001 00:00;0.5;0;0
MUE;24.05.2001 00:00;20.1;0;0
MUE;25.05.2001 00:00;0;0;0
MUE;26.05.2001 00:00;0;0;0
MUE;27.05.2001 00:00;0;0;0
MUE;28.05.2001 00:00;0;0;0
MUE;29.05.2001 00:00;0;0;0
MUE;30.05.2001 00:00;3.9;0;0
MUE;31.05.2001 00:00;20.2;0;0
MUE;01.06.2001 00:00;0;0;0
MUE;02.06.2001 00:00;18.4;18;0
MUE;03.06.2001 00:00;27.3;0;18
MUE;04.06.2001 00:00;0;0;0
MUE;05.06.2001 00:00;15.8;0;0
MUE;06.06.2001 00:00;4.4;0;0
MUE;07.06.2001 00:00;0;0;0
MUE;08.06.2001 00:00;18.1;0;0
MUE;09.06.2001 00:00;17.8;1;0
MUE;10.06.2001 00:00;45.8;0;1
MUE;11.06.2001 00:00;4.8;0;0
MUE;12.06.2001 00:00;0;0;0
MUE;13.06.2001 00:00;9.7;0;0
MUE;14.06.2001 00:00;0;0;0
MUE;15.06.2001 00:00;25.8;0;0
MUE;16.06.2001 00:00;17.6;0;0
MUE;17.06.2001 00:00;13.8;0;0
MUE;18.06.2001 00:00;11.1;0;0
MUE;19.06.2001 00:00;0;0;0
MUE;20.06.2001 00:00;0;0;0
MUE;21.06.2001 00:00;0;0;0
MUE;22.06.2001 00:00;0;0;0
MUE;23.06.2001 00:00;0;0;0
MUE;24.06.2001 00:00;0;0;0
MUE;25.06.2001 00:00;0;0;0
MUE;26.06.2001 00:00;0;0;0
MUE;27.06.2001 00:00;29.7;0;0
MUE;28.06.2001 00:00;15.6;0;0
MUE;29.06.2001 00:00;0;0;0
MUE;30.06.2001 00:00;6.7;0;0
MUE;01.07.2001 00:00;0;0;0
MUE;02.07.2001 00:00;0;0;0
MUE;03.07.2001 00:00;0;0;0
MUE;04.07.2001 00:00;1.3;0;0
MUE;05.07.2001 00:00;0;0;0
MUE;06.07.2001 00:00;0;0;0
MUE;07.07.2001 00:00;22.7;0;0
MUE;08.07.2001 00:00;12;0;0
MUE;09.07.2001 00:00;0;0;0
MUE;10.07.2001 00:00;0.9;0;0
MUE;11.07.2001 00:00;0.6;0;0
MUE;12.07.2001 00:00;0;0;0
MUE;13.07.2001 00:00;0.8;0;0
MUE;14.07.2001 00:00;1.2;0;0
MUE;15.07.2001 00:00;54.2;0;0
MUE;16.07.2001 00:00;1.4;0;0
MUE;17.07.2001 00:00;2.8;0;0
MUE;18.07.2001 00:00;5.6;0;0
MUE;19.07.2001 00:00;19.1;0;0
MUE;20.07.2001 00:00;6.7;0;0
MUE;21.07.2001 00:00;0;0;0
MUE;22.07.2001 00:00;0;0;0
MUE;23.07.2001 00:00;6.1;0;0
MUE;24.07.2001 00:00;0.2;0;0
MUE;25.07.2001 00:00;0;0;0
MUE;26.07.2001 00:00;8.4;0;0
MUE;27.07.2001 00:00;3;0;0
MUE;28.07.2001 00:00;2.6;0;0
MUE;29.07.2001 00:00;0;0;0
MUE;30.07.2001 00:00;0;0;0
MUE;31.07.2001 00:00;0;0;0
MUE;01.08.2001 00:00;0;0;0
MUE;02.08.2001 00:00;0;0;0
MUE;03.08.2001 00:00;24.9;0;0
MUE;04.08.2001 00:00;19.9;0;0
MUE;05.08.2001 00:00;0;0;0
MUE;06.08.2001 00:00;2.1;0;0
MUE;07.08.2001 00:00;0.2;0;0
MUE;08.08.2001 00:00;6.7;0;0
MUE;09.08.2001 00:00;8.4;0;0
MUE;10.08.2001 00:00;0.5;0;0
MUE;11.08.2001 00:00;0;0;0
MUE;12.08.2001 00:00;0;0;0
MUE;13.08.2001 00:00;0;0;0
MUE;14.08.2001 00:00;0;0;0
MUE;15.08.2001 00:00;0.5;0;0
MUE;16.08.2001 00:00;0.8;0;0
MUE;17.08.2001 00:00;5.9;0;0
MUE;18.08.2001 00:00;0;0;0
MUE;19.08.2001 00:00;6.9;0;0
MUE;20.08.2001 00:00;5.4;0;0
MUE;21.08.2001 00:00;0;0;0
MUE;22.08.2001 00:00;0;0;0
MUE;23.08.2001 00:00;0;0;0
MUE;24.08.2001 00:00;0;0;0
MUE;25.08.2001 00:00;0;0;0
MUE;26.08.2001 00:00;0;0;0
MUE;27.08.2001 00:00;0.5;0;0
MUE;28.08.2001 00:00;0;0;0
MUE;29.08.2001 00:00;11.2;0;0
MUE;30.08.2001 00:00;18.3;0;0
MUE;31.08.2001 00:00;23.1;0;0
MUE;01.09.2001 00:00;4.6;0;0
MUE;02.09.2001 00:00;0;0;0
MUE;03.09.2001 00:00;8.6;0;0
MUE;04.09.2001 00:00;17.6;0;0
MUE;05.09.2001 00:00;4.9;0;0
MUE;06.09.2001 00:00;6.4;0;0
MUE;07.09.2001 00:00;3.7;1;0
MUE;08.09.2001 00:00;22.8;8;1
MUE;09.09.2001 00:00;10.1;0;8
MUE;10.09.2001 00:00;2.5;0;1
MUE;11.09.2001 00:00;0;0;0
MUE;12.09.2001 00:00;0;0;0
MUE;13.09.2001 00:00;0.4;0;0
MUE;14.09.2001 00:00;20.8;0;0
MUE;15.09.2001 00:00;0;17;0
MUE;16.09.2001 00:00;24.2;1;17
MUE;17.09.2001 00:00;12.1;0;11
MUE;18.09.2001 00:00;0;0;0
MUE;19.09.2001 00:00;0;0;0
MUE;20.09.2001 00:00;0.8;0;0
MUE;21.09.2001 00:00;0;0;0
MUE;22.09.2001 00:00;0.3;0;0
MUE;23.09.2001 00:00;1.1;0;0
MUE;24.09.2001 00:00;12;0;0
MUE;25.09.2001 00:00;7.5;0;0
MUE;26.09.2001 00:00;0;0;0
MUE;27.09.2001 00:00;0;0;0
MUE;28.09.2001 00:00;0;0;0
MUE;29.09.2001 00:00;1.8;0;0
MUE;30.09.2001 00:00;1.5;0;0
MUE;01.10.2001 00:00;0;0;0
MUE;02.10.2001 00:00;0;0;0
MUE;03.10.2001 00:00;1.8;0;0
MUE;04.10.2001 00:00;0;0;0
MUE;05.10.2001 00:00;0;0;0
MUE;06.10.2001 00:00;1.2;0;0
MUE;07.10.2001 00:00;8.2;0;0
MUE;08.10.2001 00:00;1.3;0;0
MUE;09.10.2001 00:00;0;0;0
MUE;10.10.2001 00:00;0;0;0
MUE;11.10.2001 00:00;0;0;0
MUE;12.10.2001 00:00;0;0;0
MUE;13.10.2001 00:00;0;0;0
MUE;14.10.2001 00:00;0;0;0
MUE;15.10.2001 00:00;0;0;0
MUE;16.10.2001 00:00;0;0;0
MUE;17.10.2001 00:00;0;0;0
MUE;18.10.2001 00:00;0;0;0
MUE;19.10.2001 00:00;0;0;0
MUE;20.10.2001 00:00;3.7;0;0
MUE;21.10.2001 00:00;2.8;0;0
MUE;22.10.2001 00:00;0;0;0
MUE;23.10.2001 00:00;0.4;0;0
MUE;24.10.2001 00:00;0.5;0;0
MUE;25.10.2001 00:00;0;0;0
MUE;26.10.2001 00:00;0;0;0
MUE;27.10.2001 00:00;0;0;0
MUE;28.10.2001 00:00;0;0;0
MUE;29.10.2001 00:00;0;0;0
MUE;30.10.2001 00:00;0;1;0
MUE;31.10.2001 00:00;3.8;0;1
MUE;01.11.2001 00:00;0;0;0
MUE;02.11.2001 00:00;0;0;0
MUE;03.11.2001 00:00;0;0;0
MUE;04.11.2001 00:00;0;0;0
MUE;05.11.2001 00:00;0;0;0
MUE;06.11.2001 00:00;2.4;0;0
MUE;07.11.2001 00:00;8.3;15;0
MUE;08.11.2001 00:00;11.8;7;15
MUE;09.11.2001 00:00;3.9;0;14
MUE;10.11.2001 00:00;0;0;12
MUE;11.11.2001 00:00;0;1;7
MUE;12.11.2001 00:00;2.1;11;5
MUE;13.11.2001 00:00;10.2;4;17
MUE;14.11.2001 00:00;4.8;0;18
MUE;15.11.2001 00:00;0;0;14
MUE;16.11.2001 00:00;0;0;12
MUE;17.11.2001 00:00;0;0;12
MUE;18.11.2001 00:00;0;0;11
MUE;19.11.2001 00:00;0;0;11
MUE;20.11.2001 00:00;0;0;10
MUE;21.11.2001 00:00;0;27;10
MUE;22.11.2001 00:00;15.6;17;37
MUE;23.11.2001 00:00;17.2;2;42
MUE;24.11.2001 00:00;2.3;2;42
MUE;25.11.2001 00:00;4.2;1;40
MUE;26.11.2001 00:00;0.5;12;36
MUE;27.11.2001 00:00;8.1;10;47
MUE;28.11.2001 00:00;6.9;3;51
MUE;29.11.2001 00:00;10.6;0;50
MUE;30.11.2001 00:00;17.1;0;34
MUE;01.12.2001 00:00;1.8;0;25
MUE;02.12.2001 00:00;0;0;24
MUE;03.12.2001 00:00;0;0;23
MUE;04.12.2001 00:00;1;0;23
MUE;05.12.2001 00:00;5.2;0;22
MUE;06.12.2001 00:00;0;0;22
MUE;07.12.2001 00:00;0;0;21
MUE;08.12.2001 00:00;0;0;21
MUE;09.12.2001 00:00;0;0;21
MUE;10.12.2001 00:00;0;0;21
MUE;11.12.2001 00:00;0;1;21
MUE;12.12.2001 00:00;0.3;4;21
MUE;13.12.2001 00:00;0;0;24
MUE;14.12.2001 00:00;0;0;21
MUE;15.12.2001 00:00;0;0;20
MUE;16.12.2001 00:00;0;0;20
MUE;17.12.2001 00:00;0;0;20
MUE;18.12.2001 00:00;0;0;20
MUE;19.12.2001 00:00;0;0;19
MUE;20.12.2001 00:00;0;0;19
MUE;21.12.2001 00:00;0;11;19
MUE;22.12.2001 00:00;6.1;1;30
MUE;23.12.2001 00:00;0.8;0;29
MUE;24.12.2001 00:00;0;4;28
MUE;25.12.2001 00:00;2.7;21;31
MUE;26.12.2001 00:00;15.2;1;50
MUE;27.12.2001 00:00;0.8;1;45
MUE;28.12.2001 00:00;1.3;9;42
MUE;29.12.2001 00:00;15.8;13;44
MUE;30.12.2001 00:00;11.6;1;49
MUE;31.12.2001 00:00;1.4;0;47
MUE;01.01.2002 00:00;0;0;44
MUE;02.01.2002 00:00;0;0;43
MUE;03.01.2002 00:00;0;0;43
MUE;04.01.2002 00:00;0;0;42
MUE;05.01.2002 00:00;0;0;42
MUE;06.01.2002 00:00;0;0;42
MUE;07.01.2002 00:00;0;0;42
MUE;08.01.2002 00:00;0;0;42
MUE;09.01.2002 00:00;0;0;42
MUE;10.01.2002 00:00;0;0;42
MUE;11.01.2002 00:00;0;0;42
MUE;12.01.2002 00:00;0;0;42
MUE;13.01.2002 00:00;0;0;42
MUE;14.01.2002 00:00;0;0;42
MUE;15.01.2002 00:00;0;0;42
MUE;16.01.2002 00:00;0;0;42
MUE;17.01.2002 00:00;0;0;42
MUE;18.01.2002 00:00;0;1;42
MUE;19.01.2002 00:00;0.2;0;42
MUE;20.01.2002 00:00;0.3;0;41
MUE;21.01.2002 00:00;0;0;41
MUE;22.01.2002 00:00;0;2;41
MUE;23.01.2002 00:00;1.6;2;43
MUE;24.01.2002 00:00;1.5;1;47
MUE;25.01.2002 00:00;0.9;0;47
MUE;26.01.2002 00:00;0;0;47
MUE;27.01.2002 00:00;15.9;0;42
MUE;28.01.2002 00:00;0;0;41
MUE;29.01.2002 00:00;0;0;41
MUE;30.01.2002 00:00;0;1;40
MUE;31.01.2002 00:00;0.3;0;39
MUE;01.02.2002 00:00;0;0;39
MUE;02.02.2002 00:00;0;0;38
MUE;03.02.2002 00:00;0;0;37
MUE;04.02.2002 00:00;0;12;37
MUE;05.02.2002 00:00;6.4;20;45
MUE;06.02.2002 00:00;27.8;1;64
MUE;07.02.2002 00:00;0;0;59
MUE;08.02.2002 00:00;3.3;13;58
MUE;09.02.2002 00:00;9.8;0;60
MUE;10.02.2002 00:00;0.2;0;58
MUE;11.02.2002 00:00;0;0;48
MUE;12.02.2002 00:00;0;0;48
MUE;13.02.2002 00:00;0;0;48
MUE;14.02.2002 00:00;0;0;45
MUE;15.02.2002 00:00;0;0;45
MUE;16.02.2002 00:00;0;0;45
MUE;17.02.2002 00:00;0;10;45
MUE;18.02.2002 00:00;4.8;3;52
MUE;19.02.2002 00:00;3.5;21;54
MUE;20.02.2002 00:00;13.8;12;61
MUE;21.02.2002 00:00;11.9;1;72
MUE;22.02.2002 00:00;7;25;69
MUE;23.02.2002 00:00;14.8;21;94
MUE;24.02.2002 00:00;11.4;0;98
MUE;25.02.2002 00:00;0;0;82
MUE;26.02.2002 00:00;4.6;6;74
MUE;27.02.2002 00:00;3.8;0;80
MUE;28.02.2002 00:00;0;3;67
MUE;01.03.2002 00:00;1.6;21;70
MUE;02.03.2002 00:00;22.7;0;97
MUE;03.03.2002 00:00;0.4;0;92
MUE;04.03.2002 00:00;0;0;72
MUE;05.03.2002 00:00;0.2;1;70
MUE;06.03.2002 00:00;0.5;0;70
MUE;07.03.2002 00:00;0;0;66
MUE;08.03.2002 00:00;0;1;63
MUE;09.03.2002 00:00;0.8;0;60
MUE;10.03.2002 00:00;0;0;57
MUE;11.03.2002 00:00;0;0;54
MUE;12.03.2002 00:00;0;0;53
MUE;13.03.2002 00:00;0;0;52
MUE;14.03.2002 00:00;0;0;50
MUE;15.03.2002 00:00;0;0;46
MUE;16.03.2002 00:00;0;0;46
MUE;17.03.2002 00:00;0;0;41
MUE;18.03.2002 00:00;0.8;0;40
MUE;19.03.2002 00:00;28.7;0;26
MUE;20.03.2002 00:00;0;1;19
MUE;21.03.2002 00:00;25.7;25;12
MUE;22.03.2002 00:00;30.7;3;35
MUE;23.03.2002 00:00;3;1;30
MUE;24.03.2002 00:00;0.2;0;24
MUE;25.03.2002 00:00;0;0;22
MUE;26.03.2002 00:00;0;0;21
MUE;27.03.2002 00:00;0;0;20
MUE;28.03.2002 00:00;0;0;15
MUE;29.03.2002 00:00;0;0;12
MUE;30.03.2002 00:00;0;0;11
MUE;31.03.2002 00:00;0;0;10
MUE;01.04.2002 00:00;0;0;9
MUE;02.04.2002 00:00;0;0;8
MUE;03.04.2002 00:00;0;0;7
MUE;04.04.2002 00:00;0;0;6
MUE;05.04.2002 00:00;0;0;5
MUE;06.04.2002 00:00;0;0;4
MUE;07.04.2002 00:00;7.5;0;3
MUE;08.04.2002 00:00;6.8;0;3
MUE;09.04.2002 00:00;0.6;0;3
MUE;10.04.2002 00:00;0;0;2
MUE;11.04.2002 00:00;0;0;2
MUE;12.04.2002 00:00;1.9;9;1
MUE;13.04.2002 00:00;12.4;14;9
MUE;14.04.2002 00:00;10.2;2;20
MUE;15.04.2002 00:00;1.2;3;11
MUE;16.04.2002 00:00;1.6;0;6
MUE;17.04.2002 00:00;0;2;2
MUE;18.04.2002 00:00;2.8;7;2
MUE;19.04.2002 00:00;10.5;4;9
MUE;20.04.2002 00:00;8.4;0;7
MUE;21.04.2002 00:00;0;0;6
MUE;22.04.2002 00:00;0;0;5
MUE;23.04.2002 00:00;0;0;4
MUE;24.04.2002 00:00;10.5;0;3
MUE;25.04.2002 00:00;1.3;0;2
MUE;26.04.2002 00:00;9.5;0;2
MUE;27.04.2002 00:00;0;0;1
MUE;28.04.2002 00:00;0;0;1
MUE;29.04.2002 00:00;0.3;0;1
MUE;30.04.2002 00:00;0;0;1
MUE;01.05.2002 00:00;4.3;23;1
MUE;02.05.2002 00:00;36.2;17;23
MUE;03.05.2002 00:00;39.3;19;42
MUE;04.05.2002 00:00;24;2;52
MUE;05.05.2002 00:00;4.8;0;40
MUE;06.05.2002 00:00;0;0;26
MUE;07.05.2002 00:00;0;0;18
MUE;08.05.2002 00:00;0.3;0;1
MUE;09.05.2002 00:00;1.5;0;1
MUE;10.05.2002 00:00;0;0;0
MUE;11.05.2002 00:00;5.8;0;0
MUE;12.05.2002 00:00;21.6;0;0
MUE;13.05.2002 00:00;1.4;0;0
MUE;14.05.2002 00:00;0;0;0
MUE;15.05.2002 00:00;0;0;0
MUE;16.05.2002 00:00;0;0;0
MUE;17.05.2002 00:00;0;0;0
MUE;18.05.2002 00:00;9.4;0;0
MUE;19.05.2002 00:00;0;0;0
MUE;20.05.2002 00:00;0;0;0
MUE;21.05.2002 00:00;0;0;0
MUE;22.05.2002 00:00;0;0;0
MUE;23.05.2002 00:00;40.8;0;0
MUE;24.05.2002 00:00;0;0;0
MUE;25.05.2002 00:00;6.1;0;0
MUE;26.05.2002 00:00;11.8;12;0
MUE;27.05.2002 00:00;35.4;2;12
MUE;28.05.2002 00:00;3.6;0;2
MUE;29.05.2002 00:00;0;0;0
MUE;30.05.2002 00:00;0;0;0
MUE;31.05.2002 00:00;0;0;0
MUE;01.06.2002 00:00;0;0;0
MUE;02.06.2002 00:00;0;0;0
MUE;03.06.2002 00:00;0;0;0
MUE;04.06.2002 00:00;0;0;0
MUE;05.06.2002 00:00;44.5;0;0
MUE;06.06.2002 00:00;24.8;0;0
MUE;07.06.2002 00:00;0.5;0;0
MUE;08.06.2002 00:00;5.4;0;0
MUE;09.06.2002 00:00;15;0;0
MUE;10.06.2002 00:00;4.6;0;0
MUE;11.06.2002 00:00;0;0;0
MUE;12.06.2002 00:00;0;0;0
MUE;13.06.2002 00:00;0;0;0
MUE;14.06.2002 00:00;0;0;0
MUE;15.06.2002 00:00;0;0;0
MUE;16.06.2002 00:00;0;0;0
MUE;17.06.2002 00:00;0;0;0
MUE;18.06.2002 00:00;0;0;0
MUE;19.06.2002 00:00;0;0;0
MUE;20.06.2002 00:00;3.5;0;0
MUE;21.06.2002 00:00;0.9;16;0
MUE;22.06.2002 00:00;0;21;16
MUE;23.06.2002 00:00;6.5;11;32
MUE;24.06.2002 00:00;34.1;1;34
MUE;25.06.2002 00:00;0;3;28
MUE;26.06.2002 00:00;0;0;25
MUE;27.06.2002 00:00;36.1;0;16
MUE;28.06.2002 00:00;16.4;0;6
MUE;29.06.2002 00:00;0;0;1
MUE;30.06.2002 00:00;0.5;0;1
MUE;01.07.2002 00:00;1.5;0;0
MUE;02.07.2002 00:00;0.3;0;0
MUE;03.07.2002 00:00;20.8;0;0
MUE;04.07.2002 00:00;3.3;0;0
MUE;05.07.2002 00:00;10.8;0;0
MUE;06.07.2002 00:00;24.3;0;0
MUE;07.07.2002 00:00;0;0;0
MUE;08.07.2002 00:00;0;0;0
MUE;09.07.2002 00:00;2.8;0;0
MUE;10.07.2002 00:00;17.8;0;0
MUE;11.07.2002 00:00;0;0;0
MUE;12.07.2002 00:00;31.4;0;0
MUE;13.07.2002 00:00;19.5;0;0
MUE;14.07.2002 00:00;35.1;0;0
MUE;15.07.2002 00:00;6.9;0;0
MUE;16.07.2002 00:00;2.3;0;0
MUE;17.07.2002 00:00;60.8;0;0
MUE;18.07.2002 00:00;5.3;0;0
MUE;19.07.2002 00:00;0;0;0
MUE;20.07.2002 00:00;0;0;0
MUE;21.07.2002 00:00;16.9;0;0
MUE;22.07.2002 00:00;0;0;0
MUE;23.07.2002 00:00;0;0;0
MUE;24.07.2002 00:00;1.7;0;0
MUE;25.07.2002 00:00;2.6;0;0
MUE;26.07.2002 00:00;0;0;0
MUE;27.07.2002 00:00;0;0;0
MUE;28.07.2002 00:00;0;0;0
MUE;29.07.2002 00:00;0;0;0
MUE;30.07.2002 00:00;3.2;0;0
MUE;31.07.2002 00:00;10.5;0;0
MUE;01.08.2002 00:00;1.9;0;0
MUE;02.08.2002 00:00;0.1;0;0
MUE;03.08.2002 00:00;12.7;0;0
MUE;04.08.2002 00:00;2.2;0;0
MUE;05.08.2002 00:00;5;0;0
MUE;06.08.2002 00:00;27;0;0
MUE;07.08.2002 00:00;4.2;0;0
MUE;08.08.2002 00:00;10.4;0;0
MUE;09.08.2002 00:00;17.9;0;0
MUE;10.08.2002 00:00;42.7;0;0
MUE;11.08.2002 00:00;62.9;0;0
MUE;12.08.2002 00:00;0;0;0
MUE;13.08.2002 00:00;0;0;0
MUE;14.08.2002 00:00;0;0;0
MUE;15.08.2002 00:00;0;0;0
MUE;16.08.2002 00:00;0;0;0
MUE;17.08.2002 00:00;0;0;0
MUE;18.08.2002 00:00;0;0;0
MUE;19.08.2002 00:00;0;0;0
MUE;20.08.2002 00:00;13.5;0;0
MUE;21.08.2002 00:00;1.2;0;0
MUE;22.08.2002 00:00;0;0;0
MUE;23.08.2002 00:00;0.7;0;0
MUE;24.08.2002 00:00;0.2;0;0
MUE;25.08.2002 00:00;0;0;0
MUE;26.08.2002 00:00;0.4;0;0
MUE;27.08.2002 00:00;1.9;0;0
MUE;28.08.2002 00:00;4.4;0;0
MUE;29.08.2002 00:00;1.2;0;0
MUE;30.08.2002 00:00;19.7;0;0
MUE;31.08.2002 00:00;22.9;0;0
MUE;01.09.2002 00:00;10.3;0;0
MUE;02.09.2002 00:00;11.1;0;0
MUE;03.09.2002 00:00;6.6;0;0
MUE;04.09.2002 00:00;8.9;0;0
MUE;05.09.2002 00:00;0.3;0;0
MUE;06.09.2002 00:00;0;0;0
MUE;07.09.2002 00:00;4.2;0;0
MUE;08.09.2002 00:00;0;0;0
MUE;09.09.2002 00:00;18;0;0
MUE;10.09.2002 00:00;19.7;0;0
MUE;11.09.2002 00:00;0;0;0
MUE;12.09.2002 00:00;0;0;0
MUE;13.09.2002 00:00;0;0;0
MUE;14.09.2002 00:00;0;0;0
MUE;15.09.2002 00:00;0;0;0
MUE;16.09.2002 00:00;0;0;0
MUE;17.09.2002 00:00;0;0;0
MUE;18.09.2002 00:00;0;0;0
MUE;19.09.2002 00:00;5.2;0;0
MUE;20.09.2002 00:00;9.8;0;0
MUE;21.09.2002 00:00;9.1;0;0
MUE;22.09.2002 00:00;38.2;0;0
MUE;23.09.2002 00:00;22.1;0;0
MUE;24.09.2002 00:00;17.8;0;0
MUE;25.09.2002 00:00;2.1;0;0
MUE;26.09.2002 00:00;13.5;0;0
MUE;27.09.2002 00:00;0.3;0;0
MUE;28.09.2002 00:00;0;0;0
MUE;29.09.2002 00:00;0;0;0
MUE;30.09.2002 00:00;0;0;0
MUE;01.10.2002 00:00;0;0;0
MUE;02.10.2002 00:00;0;0;0
MUE;03.10.2002 00:00;0;0;0
MUE;04.10.2002 00:00;2.2;0;0
MUE;05.10.2002 00:00;1;0;0
MUE;06.10.2002 00:00;29.1;0;0
MUE;07.10.2002 00:00;0;0;0
MUE;08.10.2002 00:00;0;0;0
MUE;09.10.2002 00:00;0;0;0
MUE;10.10.2002 00:00;0.2;0;0
MUE;11.10.2002 00:00;1.8;0;0
MUE;12.10.2002 00:00;1.7;0;0
MUE;13.10.2002 00:00;7.2;0;0
MUE;14.10.2002 00:00;0.9;0;0
MUE;15.10.2002 00:00;0;0;0
MUE;16.10.2002 00:00;0.8;2;0
MUE;17.10.2002 00:00;30.5;8;2
MUE;18.10.2002 00:00;5.2;0;10
MUE;19.10.2002 00:00;0;0;5
MUE;20.10.2002 00:00;0;0;0
MUE;21.10.2002 00:00;8.4;0;0
MUE;22.10.2002 00:00;0;1;0
MUE;23.10.2002 00:00;3.7;0;1
MUE;24.10.2002 00:00;0;0;0
MUE;25.10.2002 00:00;3.8;0;0
MUE;26.10.2002 00:00;0;0;0
MUE;27.10.2002 00:00;3.7;0;0
MUE;28.10.2002 00:00;0;0;0
MUE;29.10.2002 00:00;0;0;0
MUE;30.10.2002 00:00;0;0;0
MUE;31.10.2002 00:00;0;0;0
MUE;01.11.2002 00:00;2;0;0
MUE;02.11.2002 00:00;51.2;15;0
MUE;03.11.2002 00:00;18.6;23;15
MUE;04.11.2002 00:00;17.1;1;32
MUE;05.11.2002 00:00;4.8;0;25
MUE;06.11.2002 00:00;0;32;18
MUE;07.11.2002 00:00;17.7;1;48
MUE;08.11.2002 00:00;0.9;8;28
MUE;09.11.2002 00:00;32.3;0;30
MUE;10.11.2002 00:00;12.7;0;20
MUE;11.11.2002 00:00;5.4;0;16
MUE;12.11.2002 00:00;0;0;15
MUE;13.11.2002 00:00;0;1;12
MUE;14.11.2002 00:00;6.2;0;11
MUE;15.11.2002 00:00;18.1;10;9
MUE;16.11.2002 00:00;51;0;16
MUE;17.11.2002 00:00;0;16;16
MUE;18.11.2002 00:00;15.2;0;32
MUE;19.11.2002 00:00;0;0;27
MUE;20.11.2002 00:00;0;13;25
MUE;21.11.2002 00:00;10.1;2;38
MUE;22.11.2002 00:00;3.4;0;29
MUE;23.11.2002 00:00;0;0;23
MUE;24.11.2002 00:00;2.4;1;19
MUE;25.11.2002 00:00;11.7;0;18
MUE;26.11.2002 00:00;0.7;0;18
MUE;27.11.2002 00:00;0;3;16
MUE;28.11.2002 00:00;6.1;1;18
MUE;29.11.2002 00:00;1.3;3;18
MUE;30.11.2002 00:00;1.9;8;19
MUE;01.12.2002 00:00;6.6;15;27
MUE;02.12.2002 00:00;10.5;3;41
MUE;03.12.2002 00:00;2.6;0;41
MUE;04.12.2002 00:00;0;0;40
MUE;05.12.2002 00:00;0.2;0;37
MUE;06.12.2002 00:00;0;0;35
MUE;07.12.2002 00:00;0;0;35
MUE;08.12.2002 00:00;0;0;32
MUE;09.12.2002 00:00;0;0;32
MUE;10.12.2002 00:00;0;0;31
MUE;11.12.2002 00:00;0;3;31
MUE;12.12.2002 00:00;0.2;0;33
MUE;13.12.2002 00:00;0;1;32
MUE;14.12.2002 00:00;0.2;2;31
MUE;15.12.2002 00:00;3.1;10;33
MUE;16.12.2002 00:00;6.2;25;42
MUE;17.12.2002 00:00;23;1;62
MUE;18.12.2002 00:00;0.3;0;62
MUE;19.12.2002 00:00;0;0;60
MUE;20.12.2002 00:00;0.2;0;55
MUE;21.12.2002 00:00;6.5;0;52
MUE;22.12.2002 00:00;11.3;0;36
MUE;23.12.2002 00:00;0;0;34
MUE;24.12.2002 00:00;0;0;33
MUE;25.12.2002 00:00;0;0;32
MUE;26.12.2002 00:00;0.4;0;31
MUE;27.12.2002 00:00;0;18;29
MUE;28.12.2002 00:00;15.3;1;47
MUE;29.12.2002 00:00;3.5;8;40
MUE;30.12.2002 00:00;7.5;7;45
MUE;31.12.2002 00:00;8.6;0;49
MUE;01.01.2003 00:00;2.4;0;40
MUE;02.01.2003 00:00;3.1;3;39
MUE;03.01.2003 00:00;2.5;14;41
MUE;04.01.2003 00:00;8.8;1;52
MUE;05.01.2003 00:00;1.8;8;49
MUE;06.01.2003 00:00;1.2;2;57
MUE;07.01.2003 00:00;0.9;0;52
MUE;08.01.2003 00:00;0;0;48
MUE;09.01.2003 00:00;0;3;47
MUE;10.01.2003 00:00;1.3;1;50
MUE;11.01.2003 00:00;0.3;0;50
MUE;12.01.2003 00:00;0;6;50
MUE;13.01.2003 00:00;2.7;0;55
MUE;14.01.2003 00:00;0;0;51
MUE;15.01.2003 00:00;0;0;47
MUE;16.01.2003 00:00;0;0;47
MUE;17.01.2003 00:00;0;0;46
MUE;18.01.2003 00:00;0;0;46
MUE;19.01.2003 00:00;0;0;46
MUE;20.01.2003 00:00;0;2;46
MUE;21.01.2003 00:00;1.9;10;48
MUE;22.01.2003 00:00;4.4;28;58
MUE;23.01.2003 00:00;19.6;1;85
MUE;24.01.2003 00:00;0.3;0;85
MUE;25.01.2003 00:00;0;4;75
MUE;26.01.2003 00:00;6.2;0;74
MUE;27.01.2003 00:00;2.8;11;74
MUE;28.01.2003 00:00;10.7;27;83
MUE;29.01.2003 00:00;21.9;11;109
MUE;30.01.2003 00:00;16.6;7;118
MUE;31.01.2003 00:00;1.8;;118
MUE;01.02.2003 00:00;2.5;;
MUE;02.02.2003 00:00;1.5;;
MUE;03.02.2003 00:00;21.5;;
MUE;04.02.2003 00:00;15;;
MUE;05.02.2003 00:00;11.5;;
MUE;06.02.2003 00:00;4;;
MUE;07.02.2003 00:00;0.1;;
MUE;08.02.2003 00:00;0;;
MUE;09.02.2003 00:00;0;;
MUE;10.02.2003 00:00;0;;
MUE;11.02.2003 00:00;0;;
MUE;12.02.2003 00:00;0;;
MUE;13.02.2003 00:00;0;;
MUE;14.02.2003 00:00;0;;
MUE;15.02.2003 00:00;0;;
MUE;16.02.2003 00:00;0.4;;
MUE;17.02.2003 00:00;0;;
MUE;18.02.2003 00:00;0;;
MUE;19.02.2003 00:00;0;;
MUE;20.02.2003 00:00;0;;
MUE;21.02.2003 00:00;0;;
MUE;22.02.2003 00:00;0;;
MUE;23.02.2003 00:00;0;;
MUE;24.02.2003 00:00;0;;
MUE;25.02.2003 00:00;0;;
MUE;26.02.2003 00:00;0;;
MUE;27.02.2003 00:00;0;;
MUE;28.02.2003 00:00;0;2;
MUE;01.03.2003 00:00;1.6;8;103
MUE;02.03.2003 00:00;6.3;0;110
MUE;03.03.2003 00:00;0;0;106
MUE;04.03.2003 00:00;0;0;102
MUE;05.03.2003 00:00;0;10;98
MUE;06.03.2003 00:00;8.5;0;108
MUE;07.03.2003 00:00;0;0;102
MUE;08.03.2003 00:00;0;0;100
MUE;09.03.2003 00:00;0;0;98
MUE;10.03.2003 00:00;0;0;97
MUE;11.03.2003 00:00;0;6;96
MUE;12.03.2003 00:00;7.9;0;98
MUE;13.03.2003 00:00;0;0;94
MUE;14.03.2003 00:00;0;0;94
MUE;15.03.2003 00:00;0;0;92
MUE;16.03.2003 00:00;0;0;90
MUE;17.03.2003 00:00;0;0;90
MUE;18.03.2003 00:00;0;0;89
MUE;19.03.2003 00:00;0;0;88
MUE;20.03.2003 00:00;0;0;88
MUE;21.03.2003 00:00;0;0;87
MUE;22.03.2003 00:00;0;0;83
MUE;23.03.2003 00:00;0;0;80
MUE;24.03.2003 00:00;0;0;77
MUE;25.03.2003 00:00;0;0;73
MUE;26.03.2003 00:00;0;0;70
MUE;27.03.2003 00:00;0;0;69
MUE;28.03.2003 00:00;0;0;64
MUE;29.03.2003 00:00;0;0;61
MUE;30.03.2003 00:00;1.6;0;57
MUE;31.03.2003 00:00;0.3;0;56
MUE;01.04.2003 00:00;0.8;31;50
MUE;02.04.2003 00:00;19.4;3;78
MUE;03.04.2003 00:00;3.2;0;71
MUE;04.04.2003 00:00;0;0;69
MUE;05.04.2003 00:00;0.5;3;58
MUE;06.04.2003 00:00;1.3;0;58
MUE;07.04.2003 00:00;0;1;54
MUE;08.04.2003 00:00;0.2;8;54
MUE;09.04.2003 00:00;7.1;6;61
MUE;10.04.2003 00:00;5.6;0;67
MUE;11.04.2003 00:00;0;5;54
MUE;12.04.2003 00:00;6.1;0;58
MUE;13.04.2003 00:00;0;0;53
MUE;14.04.2003 00:00;0;0;47
MUE;15.04.2003 00:00;0;0;42
MUE;16.04.2003 00:00;0;0;28
MUE;17.04.2003 00:00;0;0;24
MUE;18.04.2003 00:00;0;0;17
MUE;19.04.2003 00:00;0;0;10
MUE;20.04.2003 00:00;0;0;5
MUE;21.04.2003 00:00;6.1;0;5
MUE;22.04.2003 00:00;1.7;0;1
MUE;23.04.2003 00:00;0;0;1
MUE;24.04.2003 00:00;0;0;1
MUE;25.04.2003 00:00;0;0;1
MUE;26.04.2003 00:00;11.7;0;1
MUE;27.04.2003 00:00;0;0;1
MUE;28.04.2003 00:00;0;0;1
MUE;29.04.2003 00:00;0.3;0;1
MUE;30.04.2003 00:00;17.1;0;0
MUE;01.05.2003 00:00;0;0;0
MUE;02.05.2003 00:00;14.6;0;0
MUE;03.05.2003 00:00;0;0;0
MUE;04.05.2003 00:00;0;0;0
MUE;05.05.2003 00:00;0;0;0
MUE;06.05.2003 00:00;0;0;0
MUE;07.05.2003 00:00;0;0;0
MUE;08.05.2003 00:00;0;0;0
MUE;09.05.2003 00:00;13.4;0;0
MUE;10.05.2003 00:00;5.3;0;0
MUE;11.05.2003 00:00;19.7;0;0
MUE;12.05.2003 00:00;0;7;0
MUE;13.05.2003 00:00;19.1;1;7
MUE;14.05.2003 00:00;1.8;0;1
MUE;15.05.2003 00:00;0;0;0
MUE;16.05.2003 00:00;0;0;0
MUE;17.05.2003 00:00;1.1;0;0
MUE;18.05.2003 00:00;0;0;0
MUE;19.05.2003 00:00;17.6;1;0
MUE;20.05.2003 00:00;13.7;0;1
MUE;21.05.2003 00:00;3.1;1;0
MUE;22.05.2003 00:00;17.1;0;1
MUE;23.05.2003 00:00;0;0;0
MUE;24.05.2003 00:00;0.9;0;0
MUE;25.05.2003 00:00;6.1;0;0
MUE;26.05.2003 00:00;0;0;0
MUE;27.05.2003 00:00;0;0;0
MUE;28.05.2003 00:00;3.3;0;0
MUE;29.05.2003 00:00;0.4;0;0
MUE;30.05.2003 00:00;0;0;0
MUE;31.05.2003 00:00;0.4;0;0
MUE;01.06.2003 00:00;0;0;0
MUE;02.06.2003 00:00;2.4;0;0
MUE;03.06.2003 00:00;9.6;0;0
MUE;04.06.2003 00:00;0;0;0
MUE;05.06.2003 00:00;4.1;0;0
MUE;06.06.2003 00:00;9.9;0;0
MUE;07.06.2003 00:00;0.9;0;0
MUE;08.06.2003 00:00;7.2;0;0
MUE;09.06.2003 00:00;0;0;0
MUE;10.06.2003 00:00;0;0;0
MUE;11.06.2003 00:00;0;0;0
MUE;12.06.2003 00:00;18.9;0;0
MUE;13.06.2003 00:00;0;0;0
MUE;14.06.2003 00:00;18.5;0;0
MUE;15.06.2003 00:00;2.4;0;0
MUE;16.06.2003 00:00;0;0;0
MUE;17.06.2003 00:00;10.8;0;0
MUE;18.06.2003 00:00;0.8;0;0
MUE;19.06.2003 00:00;0;0;0
MUE;20.06.2003 00:00;0;0;0
MUE;21.06.2003 00:00;0;0;0
MUE;22.06.2003 00:00;0;0;0
MUE;23.06.2003 00:00;0;0;0
MUE;24.06.2003 00:00;0.2;0;0
MUE;25.06.2003 00:00;9.9;0;0
MUE;26.06.2003 00:00;2.9;0;0
MUE;27.06.2003 00:00;0;0;0
MUE;28.06.2003 00:00;4.8;0;0
MUE;29.06.2003 00:00;0;0;0
MUE;30.06.2003 00:00;0;0;0
MUE;01.07.2003 00:00;28.2;0;0
MUE;02.07.2003 00:00;6.2;0;0
MUE;03.07.2003 00:00;9.5;0;0
MUE;04.07.2003 00:00;11.6;0;0
MUE;05.07.2003 00:00;0;0;0
MUE;06.07.2003 00:00;0;0;0
MUE;07.07.2003 00:00;1.4;0;0
MUE;08.07.2003 00:00;0;0;0
MUE;09.07.2003 00:00;0;0;0
MUE;10.07.2003 00:00;0;0;0
MUE;11.07.2003 00:00;0;0;0
MUE;12.07.2003 00:00;0;0;0
MUE;13.07.2003 00:00;0;0;0
MUE;14.07.2003 00:00;0;0;0
MUE;15.07.2003 00:00;7.7;0;0
MUE;16.07.2003 00:00;22.5;0;0
MUE;17.07.2003 00:00;3.2;0;0
MUE;18.07.2003 00:00;0;0;0
MUE;19.07.2003 00:00;0;0;0
MUE;20.07.2003 00:00;0.1;0;0
MUE;21.07.2003 00:00;25.4;0;0
MUE;22.07.2003 00:00;9.2;0;0
MUE;23.07.2003 00:00;18.3;0;0
MUE;24.07.2003 00:00;11.6;0;0
MUE;25.07.2003 00:00;0;0;0
MUE;26.07.2003 00:00;0;0;0
MUE;27.07.2003 00:00;19.1;0;0
MUE;28.07.2003 00:00;0.3;0;0
MUE;29.07.2003 00:00;0;0;0
MUE;30.07.2003 00:00;9.9;0;0
MUE;31.07.2003 00:00;0.2;0;0
MUE;01.08.2003 00:00;0;0;0
MUE;02.08.2003 00:00;0;0;0
MUE;03.08.2003 00:00;0;0;0
MUE;04.08.2003 00:00;0;0;0
MUE;05.08.2003 00:00;0;0;0
MUE;06.08.2003 00:00;0;0;0
MUE;07.08.2003 00:00;0;0;0
MUE;08.08.2003 00:00;0;0;0
MUE;09.08.2003 00:00;0;0;0
MUE;10.08.2003 00:00;0;0;0
MUE;11.08.2003 00:00;0;0;0
MUE;12.08.2003 00:00;0;0;0
MUE;13.08.2003 00:00;0;0;0
MUE;14.08.2003 00:00;2.1;0;0
MUE;15.08.2003 00:00;3;0;0
MUE;16.08.2003 00:00;6.7;0;0
MUE;17.08.2003 00:00;5.9;0;0
MUE;18.08.2003 00:00;2.9;0;0
MUE;19.08.2003 00:00;0;0;0
MUE;20.08.2003 00:00;2.5;0;0
MUE;21.08.2003 00:00;0;0;0
MUE;22.08.2003 00:00;0;0;0
MUE;23.08.2003 00:00;0;0;0
MUE;24.08.2003 00:00;10.1;0;0
MUE;25.08.2003 00:00;1.6;0;0
MUE;26.08.2003 00:00;0;0;0
MUE;27.08.2003 00:00;0;0;0
MUE;28.08.2003 00:00;6.4;0;0
MUE;29.08.2003 00:00;9.9;0;0
MUE;30.08.2003 00:00;33.2;0;0
MUE;31.08.2003 00:00;19.1;0;0
MUE;01.09.2003 00:00;0.6;0;0
MUE;02.09.2003 00:00;0;0;0
MUE;03.09.2003 00:00;0;0;0
MUE;04.09.2003 00:00;0;0;0
MUE;05.09.2003 00:00;0.8;0;0
MUE;06.09.2003 00:00;4.9;0;0
MUE;07.09.2003 00:00;19.6;0;0
MUE;08.09.2003 00:00;3.8;0;0
MUE;09.09.2003 00:00;17.8;0;0
MUE;10.09.2003 00:00;2.6;0;0
MUE;11.09.2003 00:00;15.9;0;0
MUE;12.09.2003 00:00;0;0;0
MUE;13.09.2003 00:00;6;0;0
MUE;14.09.2003 00:00;0;0;0
MUE;15.09.2003 00:00;0;0;0
MUE;16.09.2003 00:00;0;0;0
MUE;17.09.2003 00:00;0;0;0
MUE;18.09.2003 00:00;0;0;0
MUE;19.09.2003 00:00;0;0;0
MUE;20.09.2003 00:00;0;0;0
MUE;21.09.2003 00:00;0;0;0
MUE;22.09.2003 00:00;2.8;0;0
MUE;23.09.2003 00:00;33.8;0;0
MUE;24.09.2003 00:00;0;0;0
MUE;25.09.2003 00:00;0;0;0
MUE;26.09.2003 00:00;0;0;0
MUE;27.09.2003 00:00;0.5;0;0
MUE;28.09.2003 00:00;17.3;0;0
MUE;29.09.2003 00:00;3.6;0;0
MUE;30.09.2003 00:00;0;0;0
MUE;01.10.2003 00:00;0.4;0;0
MUE;02.10.2003 00:00;0;0;0
MUE;03.10.2003 00:00;16.8;7;0
MUE;04.10.2003 00:00;23.2;18;7
MUE;05.10.2003 00:00;16.6;0;25
MUE;06.10.2003 00:00;2.8;7;10
MUE;07.10.2003 00:00;20.6;0;15
MUE;08.10.2003 00:00;20.2;0;0
MUE;09.10.2003 00:00;2.9;0;0
MUE;10.10.2003 00:00;0;0;0
MUE;11.10.2003 00:00;0;0;0
MUE;12.10.2003 00:00;0;0;0
MUE;13.10.2003 00:00;0;0;0
MUE;14.10.2003 00:00;0;0;0
MUE;15.10.2003 00:00;0;0;0
MUE;16.10.2003 00:00;0;0;0
MUE;17.10.2003 00:00;0;0;0
MUE;18.10.2003 00:00;0;0;0
MUE;19.10.2003 00:00;0;0;0
MUE;20.10.2003 00:00;3.3;3;0
MUE;21.10.2003 00:00;4.7;0;3
MUE;22.10.2003 00:00;0;25;0
MUE;23.10.2003 00:00;16.8;3;25
MUE;24.10.2003 00:00;6.7;0;23
MUE;25.10.2003 00:00;0;0;13
MUE;26.10.2003 00:00;0;0;9
MUE;27.10.2003 00:00;0;0;7
MUE;28.10.2003 00:00;0;8;4
MUE;29.10.2003 00:00;6.4;2;12
MUE;30.10.2003 00:00;3.4;11;10
MUE;31.10.2003 00:00;20.2;0;16
MUE;01.11.2003 00:00;1;0;11
MUE;02.11.2003 00:00;0;0;5
MUE;03.11.2003 00:00;0;0;1
MUE;04.11.2003 00:00;0;0;0
MUE;05.11.2003 00:00;0;0;0
MUE;06.11.2003 00:00;0;0;0
MUE;07.11.2003 00:00;0;0;0
MUE;08.11.2003 00:00;0;0;0
MUE;09.11.2003 00:00;0;0;0
MUE;10.11.2003 00:00;0;0;0
MUE;11.11.2003 00:00;0;1;0
MUE;12.11.2003 00:00;0.8;0;1
MUE;13.11.2003 00:00;0;0;0
MUE;14.11.2003 00:00;0;0;0
MUE;15.11.2003 00:00;0;3;0
MUE;16.11.2003 00:00;2.3;0;3
MUE;17.11.2003 00:00;0;0;1
MUE;18.11.2003 00:00;0;0;0
MUE;19.11.2003 00:00;0;0;0
MUE;20.11.2003 00:00;0;0;0
MUE;21.11.2003 00:00;0;0;0
MUE;22.11.2003 00:00;0;0;0
MUE;23.11.2003 00:00;0;0;0
MUE;24.11.2003 00:00;0;0;0
MUE;25.11.2003 00:00;0;0;0
MUE;26.11.2003 00:00;0;45;0
MUE;27.11.2003 00:00;37.3;3;45
MUE;28.11.2003 00:00;7.4;0;48
MUE;29.11.2003 00:00;0;0;45
MUE;30.11.2003 00:00;0;0;29
MUE;01.12.2003 00:00;0;0;19
MUE;02.12.2003 00:00;0;0;15
MUE;03.12.2003 00:00;0;0;9
MUE;04.12.2003 00:00;0;0;7
MUE;05.12.2003 00:00;0;0;5
MUE;06.12.2003 00:00;0;0;4
MUE;07.12.2003 00:00;0.2;0;3
MUE;08.12.2003 00:00;0;0;2
MUE;09.12.2003 00:00;0;0;1
MUE;10.12.2003 00:00;0;0;1
MUE;11.12.2003 00:00;0.9;0;2
MUE;12.12.2003 00:00;0;0;1
MUE;13.12.2003 00:00;4.9;14;1
MUE;14.12.2003 00:00;14.1;23;12
MUE;15.12.2003 00:00;18.2;0;40
MUE;16.12.2003 00:00;0;0;33
MUE;17.12.2003 00:00;0;0;32
MUE;18.12.2003 00:00;0.4;0;30
MUE;19.12.2003 00:00;0;0;27
MUE;20.12.2003 00:00;0;22;26
MUE;21.12.2003 00:00;15.6;20;49
MUE;22.12.2003 00:00;14.9;0;69
MUE;23.12.2003 00:00;0;0;56
MUE;24.12.2003 00:00;0;0;48
MUE;25.12.2003 00:00;0;0;45
MUE;26.12.2003 00:00;0;0;43
MUE;27.12.2003 00:00;0;20;42
MUE;28.12.2003 00:00;16.4;1;62
MUE;29.12.2003 00:00;0.4;0;58
MUE;30.12.2003 00:00;0;4;57
MUE;31.12.2003 00:00;3.4;7;58
MUE;01.01.2004 00:00;4.7;1;63
MUE;02.01.2004 00:00;1.7;1;60
MUE;03.01.2004 00:00;0.1;0;59
MUE;04.01.2004 00:00;0;0;58
MUE;05.01.2004 00:00;0;1;56
MUE;06.01.2004 00:00;0.4;0;56
MUE;07.01.2004 00:00;0;6;53
MUE;08.01.2004 00:00;7.3;5;58
MUE;09.01.2004 00:00;4.3;3;61
MUE;10.01.2004 00:00;4;7;62
MUE;11.01.2004 00:00;9.6;0;65
MUE;12.01.2004 00:00;9.2;1;50
MUE;13.01.2004 00:00;30.9;38;48
MUE;14.01.2004 00:00;25;12;83
MUE;15.01.2004 00:00;5.4;3;88
MUE;16.01.2004 00:00;1.9;11;82
MUE;17.01.2004 00:00;7.2;9;90
MUE;18.01.2004 00:00;5.5;25;93
MUE;19.01.2004 00:00;19.5;18;113
MUE;20.01.2004 00:00;23.2;0;120
MUE;21.01.2004 00:00;0;0;110
MUE;22.01.2004 00:00;0;0;109
MUE;23.01.2004 00:00;0;17;108
MUE;24.01.2004 00:00;15.7;0;122
MUE;25.01.2004 00:00;0;1;112
MUE;26.01.2004 00:00;1.1;8;110
MUE;27.01.2004 00:00;6.2;0;118
MUE;28.01.2004 00:00;0;7;116
MUE;29.01.2004 00:00;5.6;0;118
MUE;30.01.2004 00:00;0;0;112
MUE;31.01.2004 00:00;0;0;110
MUE;01.02.2004 00:00;0;0;107
MUE;02.02.2004 00:00;0;0;103
MUE;03.02.2004 00:00;0;0;102
MUE;04.02.2004 00:00;0;0;100
MUE;05.02.2004 00:00;0;0;98
MUE;06.02.2004 00:00;0;2;97
MUE;07.02.2004 00:00;5.5;15;95
MUE;08.02.2004 00:00;7.7;0;110
MUE;09.02.2004 00:00;0;8;101
MUE;10.02.2004 00:00;5.6;4;107
MUE;11.02.2004 00:00;3.4;0;109
MUE;12.02.2004 00:00;0;0;106
MUE;13.02.2004 00:00;0;0;101
MUE;14.02.2004 00:00;0;0;99
MUE;15.02.2004 00:00;0;0;98
MUE;16.02.2004 00:00;0;0;98
MUE;17.02.2004 00:00;0;7;98
MUE;18.02.2004 00:00;4.4;1;99
MUE;19.02.2004 00:00;0.8;0;105
MUE;20.02.2004 00:00;0;0;99
MUE;21.02.2004 00:00;0;7;95
MUE;22.02.2004 00:00;7.8;18;98
MUE;23.02.2004 00:00;11.1;0;116
MUE;24.02.2004 00:00;0;0;110
MUE;25.02.2004 00:00;0;15;95
MUE;26.02.2004 00:00;4.5;1;117
MUE;27.02.2004 00:00;0.2;1;105
MUE;28.02.2004 00:00;0.4;10;108
MUE;29.02.2004 00:00;4.5;3;118
MUE;01.03.2004 00:00;1.5;0;113
MUE;02.03.2004 00:00;0;0;110
MUE;03.03.2004 00:00;0;3;109
MUE;04.03.2004 00:00;2.1;6;109
MUE;05.03.2004 00:00;5.8;13;113
MUE;06.03.2004 00:00;10.3;9;124
MUE;07.03.2004 00:00;5.9;5;128
MUE;08.03.2004 00:00;3.6;0;130
MUE;09.03.2004 00:00;0;12;121
MUE;10.03.2004 00:00;14.8;4;131
MUE;11.03.2004 00:00;0;0;130
MUE;12.03.2004 00:00;0;2;125
MUE;13.03.2004 00:00;1.1;0;123
MUE;14.03.2004 00:00;0;0;118
MUE;15.03.2004 00:00;0;0;115
MUE;16.03.2004 00:00;0;0;110
MUE;17.03.2004 00:00;0;0;106
MUE;18.03.2004 00:00;0;0;101
MUE;19.03.2004 00:00;1.9;0;91
MUE;20.03.2004 00:00;0;10;90
MUE;21.03.2004 00:00;6.1;6;98
MUE;22.03.2004 00:00;2.9;24;98
MUE;23.03.2004 00:00;10.2;16;117
MUE;24.03.2004 00:00;13.2;11;120
MUE;25.03.2004 00:00;5.9;7;122
MUE;26.03.2004 00:00;4.8;0;122
MUE;27.03.2004 00:00;0;0;108
MUE;28.03.2004 00:00;0;0;101
MUE;29.03.2004 00:00;0;0;95
MUE;30.03.2004 00:00;0;0;91
MUE;31.03.2004 00:00;0;0;82
MUE;01.04.2004 00:00;0;2;80
MUE;02.04.2004 00:00;2.1;0;76
MUE;03.04.2004 00:00;1;0;72
MUE;04.04.2004 00:00;0.6;0;66
MUE;05.04.2004 00:00;1.3;27;62
MUE;06.04.2004 00:00;19.3;6;88
MUE;07.04.2004 00:00;4.7;6;72
MUE;08.04.2004 00:00;6.5;8;77
MUE;09.04.2004 00:00;9.5;16;83
MUE;10.04.2004 00:00;12.1;1;98
MUE;11.04.2004 00:00;0.1;1;79
MUE;12.04.2004 00:00;0.9;3;77
MUE;13.04.2004 00:00;2.1;0;80
MUE;14.04.2004 00:00;0;0;77
MUE;15.04.2004 00:00;0;0;70
MUE;16.04.2004 00:00;0;0;66
MUE;17.04.2004 00:00;0;32;61
MUE;18.04.2004 00:00;16.9;8;86
MUE;19.04.2004 00:00;7.6;0;97
MUE;20.04.2004 00:00;0;0;65
MUE;21.04.2004 00:00;0;0;57
MUE;22.04.2004 00:00;0.7;0;45
MUE;23.04.2004 00:00;10.7;0;40
MUE;24.04.2004 00:00;0.8;0;38
MUE;25.04.2004 00:00;0;0;22
MUE;26.04.2004 00:00;0;0;20
MUE;27.04.2004 00:00;0;0;15
MUE;28.04.2004 00:00;0;0;10
MUE;29.04.2004 00:00;0;0;8
MUE;30.04.2004 00:00;0;0;5
MUE;01.05.2004 00:00;1.4;0;3
MUE;02.05.2004 00:00;0.2;0;3
MUE;03.05.2004 00:00;0;0;2
MUE;04.05.2004 00:00;11.3;44;5
MUE;05.05.2004 00:00;70.5;16;48
MUE;06.05.2004 00:00;14.1;1;54
MUE;07.05.2004 00:00;2.3;0;55
MUE;08.05.2004 00:00;1.1;0;25
MUE;09.05.2004 00:00;3.2;0;21
MUE;10.05.2004 00:00;0;0;18
MUE;11.05.2004 00:00;0;0;13
MUE;12.05.2004 00:00;11.4;0;8
MUE;13.05.2004 00:00;0.9;0;5
MUE;14.05.2004 00:00;0;0;3
MUE;15.05.2004 00:00;0;0;1
MUE;16.05.2004 00:00;0;0;0
MUE;17.05.2004 00:00;0;0;0
MUE;18.05.2004 00:00;0;0;0
MUE;19.05.2004 00:00;0;0;0
MUE;20.05.2004 00:00;2.2;0;0
MUE;21.05.2004 00:00;5.7;0;0
MUE;22.05.2004 00:00;11.4;0;0
MUE;23.05.2004 00:00;0;0;0
MUE;24.05.2004 00:00;0;0;0
MUE;25.05.2004 00:00;0;0;0
MUE;26.05.2004 00:00;0.2;0;0
MUE;27.05.2004 00:00;12.6;0;0
MUE;28.05.2004 00:00;0;0;0
MUE;29.05.2004 00:00;0;0;0
MUE;30.05.2004 00:00;6.4;0;0
MUE;31.05.2004 00:00;2.5;0;0
MUE;01.06.2004 00:00;68.4;0;0
MUE;02.06.2004 00:00;51.6;0;0
MUE;03.06.2004 00:00;29.2;0;0
MUE;04.06.2004 00:00;4.1;0;0
MUE;05.06.2004 00:00;14.6;0;0
MUE;06.06.2004 00:00;0;0;0
MUE;07.06.2004 00:00;0;0;0
MUE;08.06.2004 00:00;0;0;0
MUE;09.06.2004 00:00;2.9;0;0
MUE;10.06.2004 00:00;0;0;0
MUE;11.06.2004 00:00;1.5;0;0
MUE;12.06.2004 00:00;5.8;0;0
MUE;13.06.2004 00:00;0.6;0;0
MUE;14.06.2004 00:00;0;0;0
MUE;15.06.2004 00:00;0;0;0
MUE;16.06.2004 00:00;2.4;0;0
MUE;17.06.2004 00:00;0;0;0
MUE;18.06.2004 00:00;0;0;0
MUE;19.06.2004 00:00;15.2;0;0
MUE;20.06.2004 00:00;9.2;0;0
MUE;21.06.2004 00:00;0;0;0
MUE;22.06.2004 00:00;5.8;0;0
MUE;23.06.2004 00:00;7.2;0;0
MUE;24.06.2004 00:00;0;0;0
MUE;25.06.2004 00:00;0;0;0
MUE;26.06.2004 00:00;0;0;0
MUE;27.06.2004 00:00;1.1;0;0
MUE;28.06.2004 00:00;0;0;0
MUE;29.06.2004 00:00;0;0;0
MUE;30.06.2004 00:00;0;0;0
MUE;01.07.2004 00:00;0;0;0
MUE;02.07.2004 00:00;2.7;0;0
MUE;03.07.2004 00:00;0;0;0
MUE;04.07.2004 00:00;0.4;0;0
MUE;05.07.2004 00:00;9.9;0;0
MUE;06.07.2004 00:00;1.2;0;0
MUE;07.07.2004 00:00;0;0;0
MUE;08.07.2004 00:00;0.6;0;0
MUE;09.07.2004 00:00;21.2;0;0
MUE;10.07.2004 00:00;14.5;0;0
MUE;11.07.2004 00:00;5.8;0;0
MUE;12.07.2004 00:00;14.8;0;0
MUE;13.07.2004 00:00;10.4;0;0
MUE;14.07.2004 00:00;0;0;0
MUE;15.07.2004 00:00;0;0;0
MUE;16.07.2004 00:00;3.8;0;0
MUE;17.07.2004 00:00;8.5;0;0
MUE;18.07.2004 00:00;1.1;0;0
MUE;19.07.2004 00:00;0;0;0
MUE;20.07.2004 00:00;2.2;0;0
MUE;21.07.2004 00:00;0.2;0;0
MUE;22.07.2004 00:00;4.2;0;0
MUE;23.07.2004 00:00;10.5;0;0
MUE;24.07.2004 00:00;8.2;0;0
MUE;25.07.2004 00:00;0;0;0
MUE;26.07.2004 00:00;9.9;0;0
MUE;27.07.2004 00:00;0;0;0
MUE;28.07.2004 00:00;0;0;0
MUE;29.07.2004 00:00;0;0;0
MUE;30.07.2004 00:00;0;0;0
MUE;31.07.2004 00:00;0;0;0
MUE;01.08.2004 00:00;0;0;0
MUE;02.08.2004 00:00;0;0;0
MUE;03.08.2004 00:00;6.6;0;0
MUE;04.08.2004 00:00;9.8;0;0
MUE;05.08.2004 00:00;2.1;0;0
MUE;06.08.2004 00:00;1.6;0;0
MUE;07.08.2004 00:00;5.1;0;0
MUE;08.08.2004 00:00;3.2;0;0
MUE;09.08.2004 00:00;0.3;0;0
MUE;10.08.2004 00:00;17.2;0;0
MUE;11.08.2004 00:00;0;0;0
MUE;12.08.2004 00:00;11.7;0;0
MUE;13.08.2004 00:00;4.1;0;0
MUE;14.08.2004 00:00;0;0;0
MUE;15.08.2004 00:00;0;0;0
MUE;16.08.2004 00:00;2.7;0;0
MUE;17.08.2004 00:00;2.2;0;0
MUE;18.08.2004 00:00;0;0;0
MUE;19.08.2004 00:00;21.1;0;0
MUE;20.08.2004 00:00;25.4;0;0
MUE;21.08.2004 00:00;0.2;0;0
MUE;22.08.2004 00:00;0;0;0
MUE;23.08.2004 00:00;5.3;0;0
MUE;24.08.2004 00:00;27.7;0;0
MUE;25.08.2004 00:00;24.7;0;0
MUE;26.08.2004 00:00;11.6;0;0
MUE;27.08.2004 00:00;0;0;0
MUE;28.08.2004 00:00;0;0;0
MUE;29.08.2004 00:00;6.7;0;0
MUE;30.08.2004 00:00;0.5;0;0
MUE;31.08.2004 00:00;0.2;0;0
MUE;01.09.2004 00:00;0;0;0
MUE;02.09.2004 00:00;0;0;0
MUE;03.09.2004 00:00;2.4;0;0
MUE;04.09.2004 00:00;0;0;0
MUE;05.09.2004 00:00;0;0;0
MUE;06.09.2004 00:00;0;0;0
MUE;07.09.2004 00:00;0;0;0
MUE;08.09.2004 00:00;0;0;0
MUE;09.09.2004 00:00;0;0;0
MUE;10.09.2004 00:00;3.4;0;0
MUE;11.09.2004 00:00;5.6;0;0
MUE;12.09.2004 00:00;8.2;0;0
MUE;13.09.2004 00:00;0;0;0
MUE;14.09.2004 00:00;4.8;0;0
MUE;15.09.2004 00:00;21.8;0;0
MUE;16.09.2004 00:00;0;0;0
MUE;17.09.2004 00:00;0;0;0
MUE;18.09.2004 00:00;0;0;0
MUE;19.09.2004 00:00;0.7;0;0
MUE;20.09.2004 00:00;0;0;0
MUE;21.09.2004 00:00;0;0;0
MUE;22.09.2004 00:00;0.4;0;0
MUE;23.09.2004 00:00;38;0;0
MUE;24.09.2004 00:00;13;0;0
MUE;25.09.2004 00:00;5.1;0;0
MUE;26.09.2004 00:00;0;0;0
MUE;27.09.2004 00:00;0;0;0
MUE;28.09.2004 00:00;0;0;0
MUE;29.09.2004 00:00;0;0;0
MUE;30.09.2004 00:00;0;0;0
MUE;01.10.2004 00:00;0;0;0
MUE;02.10.2004 00:00;0;0;0
MUE;03.10.2004 00:00;0;0;0
MUE;04.10.2004 00:00;0;0;0
MUE;05.10.2004 00:00;0;0;0
MUE;06.10.2004 00:00;2.5;0;0
MUE;07.10.2004 00:00;0;0;0
MUE;08.10.2004 00:00;1.1;0;0
MUE;09.10.2004 00:00;0.2;0;0
MUE;10.10.2004 00:00;9.8;0;0
MUE;11.10.2004 00:00;0;0;0
MUE;12.10.2004 00:00;2.8;0;0
MUE;13.10.2004 00:00;0.2;0;0
MUE;14.10.2004 00:00;0.4;6;0
MUE;15.10.2004 00:00;4.6;2;6
MUE;16.10.2004 00:00;3.4;0;2
MUE;17.10.2004 00:00;0.3;0;0
MUE;18.10.2004 00:00;1.5;0;0
MUE;19.10.2004 00:00;1.4;0;0
MUE;20.10.2004 00:00;3.5;0;0
MUE;21.10.2004 00:00;2.2;0;0
MUE;22.10.2004 00:00;0;0;0
MUE;23.10.2004 00:00;0;0;0
MUE;24.10.2004 00:00;0;0;0
MUE;25.10.2004 00:00;5.5;0;0
MUE;26.10.2004 00:00;28.4;0;0
MUE;27.10.2004 00:00;0;0;0
MUE;28.10.2004 00:00;0;0;0
MUE;29.10.2004 00:00;0.3;0;0
MUE;30.10.2004 00:00;0;0;0
MUE;31.10.2004 00:00;5.6;0;0
MUE;01.11.2004 00:00;13.1;0;0
MUE;02.11.2004 00:00;34.4;0;0
MUE;03.11.2004 00:00;0;0;0
MUE;04.11.2004 00:00;0;0;0
MUE;05.11.2004 00:00;11;3;0
MUE;06.11.2004 00:00;1.3;0;3
MUE;07.11.2004 00:00;4.1;2;2
MUE;08.11.2004 00:00;0;0;2
MUE;09.11.2004 00:00;1.2;1;1
MUE;10.11.2004 00:00;0.2;0;2
MUE;11.11.2004 00:00;0;0;1
MUE;12.11.2004 00:00;0;3;1
MUE;13.11.2004 00:00;2.3;0;3
MUE;14.11.2004 00:00;0;0;1
MUE;15.11.2004 00:00;0;0;1
MUE;16.11.2004 00:00;0;0;1
MUE;17.11.2004 00:00;0;1;1
MUE;18.11.2004 00:00;3.3;13;2
MUE;19.11.2004 00:00;11.9;7;15
MUE;20.11.2004 00:00;15.8;0;20
MUE;21.11.2004 00:00;0;0;18
MUE;22.11.2004 00:00;0;0;16
MUE;23.11.2004 00:00;0;0;15
MUE;24.11.2004 00:00;0;0;14
MUE;25.11.2004 00:00;0;0;13
MUE;26.11.2004 00:00;0;0;13
MUE;27.11.2004 00:00;0;0;12
MUE;28.11.2004 00:00;0;2;10
MUE;29.11.2004 00:00;0.2;1;12
MUE;30.11.2004 00:00;0.1;0;11
MUE;01.12.2004 00:00;0;0;11
MUE;02.12.2004 00:00;0;0;10
MUE;03.12.2004 00:00;0;0;10
MUE;04.12.2004 00:00;0;0;10
MUE;05.12.2004 00:00;0;0;10
MUE;06.12.2004 00:00;0;0;10
MUE;07.12.2004 00:00;0;0;10
MUE;08.12.2004 00:00;0;0;9
MUE;09.12.2004 00:00;0;0;9
MUE;10.12.2004 00:00;0;0;8
MUE;11.12.2004 00:00;0;0;8
MUE;12.12.2004 00:00;0;0;8
MUE;13.12.2004 00:00;0;0;8
MUE;14.12.2004 00:00;0;0;7
MUE;15.12.2004 00:00;0;1;7
MUE;16.12.2004 00:00;0.7;20;8
MUE;17.12.2004 00:00;18.7;12;28
MUE;18.12.2004 00:00;10.5;24;53
MUE;19.12.2004 00:00;20.9;0;69
MUE;20.12.2004 00:00;0;0;63
MUE;21.12.2004 00:00;0;0;59
MUE;22.12.2004 00:00;0;0;58
MUE;23.12.2004 00:00;0;0;53
MUE;24.12.2004 00:00;0;12;52
MUE;25.12.2004 00:00;14.4;4;68
MUE;26.12.2004 00:00;3.1;1;60
MUE;27.12.2004 00:00;0.2;22;58
MUE;28.12.2004 00:00;11.6;0;67
MUE;29.12.2004 00:00;0;0;67
MUE;30.12.2004 00:00;0;1;67
MUE;31.12.2004 00:00;1.6;1;68
MUE;01.01.2005 00:00;0.5;8;66
MUE;02.01.2005 00:00;6.7;0;78
MUE;03.01.2005 00:00;0;0;74
MUE;04.01.2005 00:00;0;1;68
MUE;05.01.2005 00:00;0.6;1;67
MUE;06.01.2005 00:00;0.2;0;63
MUE;07.01.2005 00:00;0;0;62
MUE;08.01.2005 00:00;0;0;62
MUE;09.01.2005 00:00;0;0;61
MUE;10.01.2005 00:00;0;0;60
MUE;11.01.2005 00:00;0;1;58
MUE;12.01.2005 00:00;0.4;1;57
MUE;13.01.2005 00:00;0.2;0;56
MUE;14.01.2005 00:00;0;0;56
MUE;15.01.2005 00:00;0;0;56
MUE;16.01.2005 00:00;0;0;56
MUE;17.01.2005 00:00;0;27;56
MUE;18.01.2005 00:00;18.4;6;83
MUE;19.01.2005 00:00;5.9;4;85
MUE;20.01.2005 00:00;7.8;0;83
MUE;21.01.2005 00:00;36;29;132
MUE;22.01.2005 00:00;9;20;127
MUE;23.01.2005 00:00;14.5;11;140
MUE;24.01.2005 00:00;8.7;5;141
MUE;25.01.2005 00:00;2.6;1;136
MUE;26.01.2005 00:00;0.6;0;131
MUE;27.01.2005 00:00;0;4;126
MUE;28.01.2005 00:00;1.4;1;129
MUE;29.01.2005 00:00;0.4;0;126
MUE;30.01.2005 00:00;0;9;120
MUE;31.01.2005 00:00;11.5;0;127
MUE;01.02.2005 00:00;6;0;132
MUE;02.02.2005 00:00;1.5;0;136
MUE;03.02.2005 00:00;0;0;129
MUE;04.02.2005 00:00;0;0;124
MUE;05.02.2005 00:00;0;0;122
MUE;06.02.2005 00:00;0;0;121
MUE;07.02.2005 00:00;0;0;118
MUE;08.02.2005 00:00;0;0;118
MUE;09.02.2005 00:00;0;0;118
MUE;10.02.2005 00:00;0;2;117
MUE;11.02.2005 00:00;25.1;12;114
MUE;12.02.2005 00:00;13.8;22;122
MUE;13.02.2005 00:00;15.2;18;140
MUE;14.02.2005 00:00;13.4;7;148
MUE;15.02.2005 00:00;3.5;2;146
MUE;16.02.2005 00:00;1.6;1;142
MUE;17.02.2005 00:00;0.2;0;140
MUE;18.02.2005 00:00;0;6;135
MUE;19.02.2005 00:00;4.5;7;139
MUE;20.02.2005 00:00;24.8;9;145
MUE;21.02.2005 00:00;4.5;0;148
MUE;22.02.2005 00:00;0;0;142
MUE;23.02.2005 00:00;0;1;138
MUE;24.02.2005 00:00;0;0;139
MUE;25.02.2005 00:00;0;1;138
MUE;26.02.2005 00:00;0.1;9;134
MUE;27.02.2005 00:00;4.4;0;142
MUE;28.02.2005 00:00;0;0;140
MUE;01.03.2005 00:00;0;0;138
MUE;02.03.2005 00:00;0;0;137
MUE;03.03.2005 00:00;0;1;136
MUE;04.03.2005 00:00;0.4;4;135
MUE;05.03.2005 00:00;2.7;10;138
MUE;06.03.2005 00:00;4.5;2;146
MUE;07.03.2005 00:00;1.1;0;141
MUE;08.03.2005 00:00;0.8;0;140
MUE;09.03.2005 00:00;0;0;138
MUE;10.03.2005 00:00;0;0;137
MUE;11.03.2005 00:00;0;13;134
MUE;12.03.2005 00:00;6.1;0;145
MUE;13.03.2005 00:00;0;0;131
MUE;14.03.2005 00:00;0;0;130
MUE;15.03.2005 00:00;0;0;124
MUE;16.03.2005 00:00;0;0;120
MUE;17.03.2005 00:00;0;0;118
MUE;18.03.2005 00:00;0;0;108
MUE;19.03.2005 00:00;0;0;106
MUE;20.03.2005 00:00;0;0;105
MUE;21.03.2005 00:00;0;0;104
MUE;22.03.2005 00:00;0.8;0;100
MUE;23.03.2005 00:00;0;0;94
MUE;24.03.2005 00:00;12;0;78
MUE;25.03.2005 00:00;0;0;76
MUE;26.03.2005 00:00;0.2;0;72
MUE;27.03.2005 00:00;14.3;0;70
MUE;28.03.2005 00:00;0;0;68
MUE;29.03.2005 00:00;1.5;1;65
MUE;30.03.2005 00:00;19.5;0;66
MUE;31.03.2005 00:00;0;0;62
MUE;01.04.2005 00:00;0;0;62
MUE;02.04.2005 00:00;0;0;60
MUE;03.04.2005 00:00;0;0;48
MUE;04.04.2005 00:00;0;0;47
MUE;05.04.2005 00:00;0;0;46
MUE;06.04.2005 00:00;0;0;45
MUE;07.04.2005 00:00;3.7;20;35
MUE;08.04.2005 00:00;22.2;26;59
MUE;09.04.2005 00:00;18.2;0;84
MUE;10.04.2005 00:00;0.3;0;65
MUE;11.04.2005 00:00;0;0;62
MUE;12.04.2005 00:00;0;0;61
MUE;13.04.2005 00:00;0;0;59
MUE;14.04.2005 00:00;0;0;40
MUE;15.04.2005 00:00;0;12;38
MUE;16.04.2005 00:00;7.8;10;50
MUE;17.04.2005 00:00;13.9;3;56
MUE;18.04.2005 00:00;9.2;27;52
MUE;19.04.2005 00:00;33;14;65
MUE;20.04.2005 00:00;7.4;0;70
MUE;21.04.2005 00:00;1.9;0;64
MUE;22.04.2005 00:00;0;0;45
MUE;23.04.2005 00:00;0;0;41
MUE;24.04.2005 00:00;0;0;39
MUE;25.04.2005 00:00;0.4;0;38
MUE;26.04.2005 00:00;0;0;26
MUE;27.04.2005 00:00;0.8;0;15
MUE;28.04.2005 00:00;0;0;14
MUE;29.04.2005 00:00;0;0;6
MUE;30.04.2005 00:00;0;0;5
MUE;01.05.2005 00:00;0;0;1
MUE;02.05.2005 00:00;1.3;0;0
MUE;03.05.2005 00:00;23;0;0
MUE;04.05.2005 00:00;9.6;0;0
MUE;05.05.2005 00:00;15.1;0;0
MUE;06.05.2005 00:00;0.9;12;0
MUE;07.05.2005 00:00;19.8;0;12
MUE;08.05.2005 00:00;0.2;0;0
MUE;09.05.2005 00:00;0.2;0;0
MUE;10.05.2005 00:00;0.3;0;0
MUE;11.05.2005 00:00;0;0;0
MUE;12.05.2005 00:00;0.2;0;0
MUE;13.05.2005 00:00;0;0;0
MUE;14.05.2005 00:00;0.4;0;0
MUE;15.05.2005 00:00;0.6;0;0
MUE;16.05.2005 00:00;15.8;0;0
MUE;17.05.2005 00:00;5.1;0;0
MUE;18.05.2005 00:00;7;0;0
MUE;19.05.2005 00:00;0;0;0
MUE;20.05.2005 00:00;0;0;0
MUE;21.05.2005 00:00;5.7;0;0
MUE;22.05.2005 00:00;11.3;0;0
MUE;23.05.2005 00:00;17.9;0;0
MUE;24.05.2005 00:00;0;0;0
MUE;25.05.2005 00:00;0;0;0
MUE;26.05.2005 00:00;0;0;0
MUE;27.05.2005 00:00;0;0;0
MUE;28.05.2005 00:00;6.7;0;0
MUE;29.05.2005 00:00;0;0;0
MUE;30.05.2005 00:00;9.3;0;0
MUE;31.05.2005 00:00;0;0;0
MUE;01.06.2005 00:00;0;0;0
MUE;02.06.2005 00:00;0;0;0
MUE;03.06.2005 00:00;21;0;0
MUE;04.06.2005 00:00;0;0;0
MUE;05.06.2005 00:00;0;0;0
MUE;06.06.2005 00:00;16.2;0;0
MUE;07.06.2005 00:00;3.9;0;0
MUE;08.06.2005 00:00;0;0;0
MUE;09.06.2005 00:00;0;0;0
MUE;10.06.2005 00:00;0;0;0
MUE;11.06.2005 00:00;0;0;0
MUE;12.06.2005 00:00;0;0;0
MUE;13.06.2005 00:00;8.9;0;0
MUE;14.06.2005 00:00;10.3;0;0
MUE;15.06.2005 00:00;0.9;0;0
MUE;16.06.2005 00:00;0;0;0
MUE;17.06.2005 00:00;0;0;0
MUE;18.06.2005 00:00;0;0;0
MUE;19.06.2005 00:00;0;0;0
MUE;20.06.2005 00:00;0;0;0
MUE;21.06.2005 00:00;0;0;0
MUE;22.06.2005 00:00;0;0;0
MUE;23.06.2005 00:00;17.2;0;0
MUE;24.06.2005 00:00;0;0;0
MUE;25.06.2005 00:00;2.8;0;0
MUE;26.06.2005 00:00;0;0;0
MUE;27.06.2005 00:00;18.8;0;0
MUE;28.06.2005 00:00;1.9;0;0
MUE;29.06.2005 00:00;11.8;0;0
MUE;30.06.2005 00:00;26.4;0;0
MUE;01.07.2005 00:00;0.6;0;0
MUE;02.07.2005 00:00;0;0;0
MUE;03.07.2005 00:00;0;0;0
MUE;04.07.2005 00:00;20.3;0;0
MUE;05.07.2005 00:00;4.5;0;0
MUE;06.07.2005 00:00;12.4;0;0
MUE;07.07.2005 00:00;4.6;0;0
MUE;08.07.2005 00:00;4.5;0;0
MUE;09.07.2005 00:00;9.7;0;0
MUE;10.07.2005 00:00;2.8;0;0
MUE;11.07.2005 00:00;2.6;0;0
MUE;12.07.2005 00:00;7.8;0;0
MUE;13.07.2005 00:00;0;0;0
MUE;14.07.2005 00:00;0;0;0
MUE;15.07.2005 00:00;1.9;0;0
MUE;16.07.2005 00:00;2.6;0;0
MUE;17.07.2005 00:00;0;0;0
MUE;18.07.2005 00:00;22.4;0;0
MUE;19.07.2005 00:00;0;0;0
MUE;20.07.2005 00:00;0;0;0
MUE;21.07.2005 00:00;0.7;0;0
MUE;22.07.2005 00:00;2;0;0
MUE;23.07.2005 00:00;0;0;0
MUE;24.07.2005 00:00;1.9;0;0
MUE;25.07.2005 00:00;7.2;0;0
MUE;26.07.2005 00:00;0;0;0
MUE;27.07.2005 00:00;0;0;0
MUE;28.07.2005 00:00;0;0;0
MUE;29.07.2005 00:00;4.8;0;0
MUE;30.07.2005 00:00;0.7;0;0
MUE;31.07.2005 00:00;0;0;0
MUE;01.08.2005 00:00;10.5;0;0
MUE;02.08.2005 00:00;37.9;0;0
MUE;03.08.2005 00:00;6.9;0;0
MUE;04.08.2005 00:00;0;0;0
MUE;05.08.2005 00:00;2.9;0;0
MUE;06.08.2005 00:00;9.1;0;0
MUE;07.08.2005 00:00;7.4;0;0
MUE;08.08.2005 00:00;0;0;0
MUE;09.08.2005 00:00;0;0;0
MUE;10.08.2005 00:00;0.2;0;0
MUE;11.08.2005 00:00;2.3;0;0
MUE;12.08.2005 00:00;3.9;0;0
MUE;13.08.2005 00:00;1.8;0;0
MUE;14.08.2005 00:00;20.9;0;0
MUE;15.08.2005 00:00;14.7;0;0
MUE;16.08.2005 00:00;0;0;0
MUE;17.08.2005 00:00;0;0;0
MUE;18.08.2005 00:00;4.3;0;0
MUE;19.08.2005 00:00;17.1;0;0
MUE;20.08.2005 00:00;16.9;0;0
MUE;21.08.2005 00:00;61;0;0
MUE;22.08.2005 00:00;92.2;0;0
MUE;23.08.2005 00:00;0;0;0
MUE;24.08.2005 00:00;0;0;0
MUE;25.08.2005 00:00;6.5;0;0
MUE;26.08.2005 00:00;0;0;0
MUE;27.08.2005 00:00;4.4;0;0
MUE;28.08.2005 00:00;0.3;0;0
MUE;29.08.2005 00:00;0;0;0
MUE;30.08.2005 00:00;0;0;0
MUE;31.08.2005 00:00;0;0;0
MUE;01.09.2005 00:00;0;0;0
MUE;02.09.2005 00:00;1.4;0;0
MUE;03.09.2005 00:00;2.4;0;0
MUE;04.09.2005 00:00;0;0;0
MUE;05.09.2005 00:00;9.3;0;0
MUE;06.09.2005 00:00;0;0;0
MUE;07.09.2005 00:00;0;0;0
MUE;08.09.2005 00:00;0.5;0;0
MUE;09.09.2005 00:00;2.6;0;0
MUE;10.09.2005 00:00;4.7;0;0
MUE;11.09.2005 00:00;12.7;0;0
MUE;12.09.2005 00:00;0.4;0;0
MUE;13.09.2005 00:00;0;0;0
MUE;14.09.2005 00:00;0;0;0
MUE;15.09.2005 00:00;0;0;0
MUE;16.09.2005 00:00;17.5;0;0
MUE;17.09.2005 00:00;6.6;0;0
MUE;18.09.2005 00:00;2.1;0;0
MUE;19.09.2005 00:00;0.4;0;0
MUE;20.09.2005 00:00;0;0;0
MUE;21.09.2005 00:00;0;0;0
MUE;22.09.2005 00:00;0;0;0
MUE;23.09.2005 00:00;0;0;0
MUE;24.09.2005 00:00;0;0;0
MUE;25.09.2005 00:00;1.9;0;0
MUE;26.09.2005 00:00;0.2;0;0
MUE;27.09.2005 00:00;0;0;0
MUE;28.09.2005 00:00;2.4;0;0
MUE;29.09.2005 00:00;3.7;0;0
MUE;30.09.2005 00:00;0.1;17;0
MUE;01.10.2005 00:00;24.2;6;17
MUE;02.10.2005 00:00;23.1;5;15
MUE;03.10.2005 00:00;13.8;0;11
MUE;04.10.2005 00:00;0;0;5
MUE;05.10.2005 00:00;0;0;1
MUE;06.10.2005 00:00;0;0;0
MUE;07.10.2005 00:00;1.1;0;0
MUE;08.10.2005 00:00;0;0;0
MUE;09.10.2005 00:00;0;0;0
MUE;10.10.2005 00:00;0;0;0
MUE;11.10.2005 00:00;0;0;0
MUE;12.10.2005 00:00;0;0;0
MUE;13.10.2005 00:00;0;0;0
MUE;14.10.2005 00:00;0;0;0
MUE;15.10.2005 00:00;0;0;0
MUE;16.10.2005 00:00;0;0;0
MUE;17.10.2005 00:00;0;0;0
MUE;18.10.2005 00:00;0;0;0
MUE;19.10.2005 00:00;0;0;0
MUE;20.10.2005 00:00;0;0;0
MUE;21.10.2005 00:00;0;0;0
MUE;22.10.2005 00:00;0.8;0;0
MUE;23.10.2005 00:00;6.4;0;0
MUE;24.10.2005 00:00;0;0;0
MUE;25.10.2005 00:00;0;0;0
MUE;26.10.2005 00:00;0;0;0
MUE;27.10.2005 00:00;0;0;0
MUE;28.10.2005 00:00;0;0;0
MUE;29.10.2005 00:00;0;0;0
MUE;30.10.2005 00:00;0;0;0
MUE;31.10.2005 00:00;3.2;0;0
MUE;01.11.2005 00:00;0.3;0;0
MUE;02.11.2005 00:00;1.9;0;0
MUE;03.11.2005 00:00;0.2;0;0
MUE;04.11.2005 00:00;11.9;0;0
MUE;05.11.2005 00:00;7.3;0;0
MUE;06.11.2005 00:00;4.9;0;0
MUE;07.11.2005 00:00;0;0;0
MUE;08.11.2005 00:00;0;0;0
MUE;09.11.2005 00:00;0;0;0
MUE;10.11.2005 00:00;0;0;0
MUE;11.11.2005 00:00;0;0;0
MUE;12.11.2005 00:00;0;0;0
MUE;13.11.2005 00:00;0;0;0
MUE;14.11.2005 00:00;0;0;0
MUE;15.11.2005 00:00;0;5;0
MUE;16.11.2005 00:00;7.2;0;5
MUE;17.11.2005 00:00;0.5;0;5
MUE;18.11.2005 00:00;0;0;4
MUE;19.11.2005 00:00;0;0;3
MUE;20.11.2005 00:00;0;0;2
MUE;21.11.2005 00:00;1.1;1;2
MUE;22.11.2005 00:00;0.9;10;3
MUE;23.11.2005 00:00;4.8;2;12
MUE;24.11.2005 00:00;1.2;4;12
MUE;25.11.2005 00:00;4.8;0;16
MUE;26.11.2005 00:00;0;0;16
MUE;27.11.2005 00:00;0;1;15
MUE;28.11.2005 00:00;0.2;0;15
MUE;29.11.2005 00:00;0;1;14
MUE;30.11.2005 00:00;0.3;0;14
MUE;01.12.2005 00:00;0;6;13
MUE;02.12.2005 00:00;3.5;1;19
MUE;03.12.2005 00:00;0;2;19
MUE;04.12.2005 00:00;1.8;12;20
MUE;05.12.2005 00:00;6.7;4;30
MUE;06.12.2005 00:00;0.2;4;31
MUE;07.12.2005 00:00;2.3;22;31
MUE;08.12.2005 00:00;12.4;1;51
MUE;09.12.2005 00:00;0.9;0;48
MUE;10.12.2005 00:00;0;0;40
MUE;11.12.2005 00:00;0;0;37
MUE;12.12.2005 00:00;0;0;35
MUE;13.12.2005 00:00;0;1;34
MUE;14.12.2005 00:00;0.2;4;34
MUE;15.12.2005 00:00;2.4;44;37
MUE;16.12.2005 00:00;52.9;25;79
MUE;17.12.2005 00:00;45.7;0;87
MUE;18.12.2005 00:00;0;7;83
MUE;19.12.2005 00:00;3.3;0;81
MUE;20.12.2005 00:00;0;0;85
MUE;21.12.2005 00:00;0;0;70
MUE;22.12.2005 00:00;0;0;67
MUE;23.12.2005 00:00;0;0;64
MUE;24.12.2005 00:00;0;0;64
MUE;25.12.2005 00:00;0;1;61
MUE;26.12.2005 00:00;0.4;6;62
MUE;27.12.2005 00:00;2.3;3;65
MUE;28.12.2005 00:00;1.9;0;68
MUE;29.12.2005 00:00;0;5;62
MUE;30.12.2005 00:00;13.5;13;66
MUE;31.12.2005 00:00;9.6;3;78
MUE;01.01.2006 00:00;2.3;6;75
MUE;02.01.2006 00:00;3.3;1;80
MUE;03.01.2006 00:00;0.5;1;75
MUE;04.01.2006 00:00;0.4;0;74
MUE;05.01.2006 00:00;0;0;72
MUE;06.01.2006 00:00;0;0;69
MUE;07.01.2006 00:00;0;0;68
MUE;08.01.2006 00:00;0;0;68
MUE;09.01.2006 00:00;0;0;68
MUE;10.01.2006 00:00;0;0;67
MUE;11.01.2006 00:00;0;0;67
MUE;12.01.2006 00:00;0;0;64
MUE;13.01.2006 00:00;0;0;64
MUE;14.01.2006 00:00;0;0;64
MUE;15.01.2006 00:00;0;4;63
MUE;16.01.2006 00:00;1.8;21;67
MUE;17.01.2006 00:00;13.1;28;87
MUE;18.01.2006 00:00;19.7;0;112
MUE;19.01.2006 00:00;0;1;96
MUE;20.01.2006 00:00;0;3;95
MUE;21.01.2006 00:00;1.3;0;98
MUE;22.01.2006 00:00;0;0;88
MUE;23.01.2006 00:00;0;0;88
MUE;24.01.2006 00:00;0;0;96
MUE;25.01.2006 00:00;0;0;86
MUE;26.01.2006 00:00;0;0;84
MUE;27.01.2006 00:00;0;0;76
MUE;28.01.2006 00:00;0;0;76
MUE;29.01.2006 00:00;0;0;76
MUE;30.01.2006 00:00;0;0;73
MUE;31.01.2006 00:00;0;0;71
MUE;01.02.2006 00:00;0;0;66
MUE;02.02.2006 00:00;0;0;66
MUE;03.02.2006 00:00;0;0;66
MUE;04.02.2006 00:00;0;0;66
MUE;05.02.2006 00:00;0;0;66
MUE;06.02.2006 00:00;0;0;66
MUE;07.02.2006 00:00;0;13;66
MUE;08.02.2006 00:00;8.2;10;78
MUE;09.02.2006 00:00;7.3;0;87
MUE;10.02.2006 00:00;0;0;87
MUE;11.02.2006 00:00;0;0;78
MUE;12.02.2006 00:00;0;0;77
MUE;13.02.2006 00:00;0;0;76
MUE;14.02.2006 00:00;0;0;74
MUE;15.02.2006 00:00;3.3;9;74
MUE;16.02.2006 00:00;7.3;0;79
MUE;17.02.2006 00:00;0;0;75
MUE;18.02.2006 00:00;0;13;75
MUE;19.02.2006 00:00;13.6;1;89
MUE;20.02.2006 00:00;0;0;87
MUE;21.02.2006 00:00;0;0;81
MUE;22.02.2006 00:00;0;0;79
MUE;23.02.2006 00:00;0;1;79
MUE;24.02.2006 00:00;1.4;6;80
MUE;25.02.2006 00:00;2.4;3;82
MUE;26.02.2006 00:00;2.9;0;83
MUE;27.02.2006 00:00;0;2;82
MUE;28.02.2006 00:00;1;4;84
MUE;01.03.2006 00:00;2.7;1;88
MUE;02.03.2006 00:00;0.9;3;89
MUE;03.03.2006 00:00;1.5;5;89
MUE;04.03.2006 00:00;4.9;8;88
MUE;05.03.2006 00:00;3.8;12;94
MUE;06.03.2006 00:00;7.2;0;100
MUE;07.03.2006 00:00;0;4;96
MUE;08.03.2006 00:00;17.8;14;92
MUE;09.03.2006 00:00;8.3;13;99
MUE;10.03.2006 00:00;6;36;106
MUE;11.03.2006 00:00;16.6;3;127
MUE;12.03.2006 00:00;1.7;0;117
MUE;13.03.2006 00:00;0;0;111
MUE;14.03.2006 00:00;0;0;103
MUE;15.03.2006 00:00;0;0;93
MUE;16.03.2006 00:00;0;0;95
MUE;17.03.2006 00:00;0;0;94
MUE;18.03.2006 00:00;0;0;94
MUE;19.03.2006 00:00;0;0;92
MUE;20.03.2006 00:00;0;0;91
MUE;21.03.2006 00:00;0;14;89
MUE;22.03.2006 00:00;0;0;101
MUE;23.03.2006 00:00;0;0;90
MUE;24.03.2006 00:00;0.7;0;86
MUE;25.03.2006 00:00;5.2;0;83
MUE;26.03.2006 00:00;0;15;79
MUE;27.03.2006 00:00;6.5;14;72
MUE;28.03.2006 00:00;20.8;0;83
MUE;29.03.2006 00:00;0;0;80
MUE;30.03.2006 00:00;27;0;75
MUE;31.03.2006 00:00;0;0;72
MUE;01.04.2006 00:00;2.2;1;69
MUE;02.04.2006 00:00;3.6;0;67
MUE;03.04.2006 00:00;0;14;60
MUE;04.04.2006 00:00;16.5;14;72
MUE;05.04.2006 00:00;12.2;0;71
MUE;06.04.2006 00:00;0;0;65
MUE;07.04.2006 00:00;0;0;58
MUE;08.04.2006 00:00;0;0;52
MUE;09.04.2006 00:00;0;30;48
MUE;10.04.2006 00:00;29.1;1;82
MUE;11.04.2006 00:00;0.6;5;72
MUE;12.04.2006 00:00;5.1;1;76
MUE;13.04.2006 00:00;5.1;0;71
MUE;14.04.2006 00:00;0;0;64
MUE;15.04.2006 00:00;10.7;0;55
MUE;16.04.2006 00:00;0.4;0;53
MUE;17.04.2006 00:00;0.3;0;48
MUE;18.04.2006 00:00;0.2;0;43
MUE;19.04.2006 00:00;0;0;34
MUE;20.04.2006 00:00;0;0;25
MUE;21.04.2006 00:00;0;0;12
MUE;22.04.2006 00:00;3.8;0;10
MUE;23.04.2006 00:00;0;0;8
MUE;24.04.2006 00:00;4.1;0;6
MUE;25.04.2006 00:00;0;0;4
MUE;26.04.2006 00:00;13;0;3
MUE;27.04.2006 00:00;9.8;0;2
MUE;28.04.2006 00:00;12.7;2;1
MUE;29.04.2006 00:00;3.3;0;2
MUE;30.04.2006 00:00;0;0;1
MUE;01.05.2006 00:00;0;0;0
MUE;02.05.2006 00:00;0;0;0
MUE;03.05.2006 00:00;0;0;0
MUE;04.05.2006 00:00;0;0;0
MUE;05.05.2006 00:00;14.5;0;0
MUE;06.05.2006 00:00;4.7;0;0
MUE;07.05.2006 00:00;0.3;0;0
MUE;08.05.2006 00:00;23.4;23;0
MUE;09.05.2006 00:00;8.5;1;23
MUE;10.05.2006 00:00;1.8;0;13
MUE;11.05.2006 00:00;0;0;0
MUE;12.05.2006 00:00;0;0;0
MUE;13.05.2006 00:00;21.5;0;0
MUE;14.05.2006 00:00;0;0;0
MUE;15.05.2006 00:00;3.5;0;0
MUE;16.05.2006 00:00;4.8;0;0
MUE;17.05.2006 00:00;0;0;0
MUE;18.05.2006 00:00;21.5;0;0
MUE;19.05.2006 00:00;0;0;0
MUE;20.05.2006 00:00;1.4;0;0
MUE;21.05.2006 00:00;0;0;0
MUE;22.05.2006 00:00;10.5;0;0
MUE;23.05.2006 00:00;8.3;0;0
MUE;24.05.2006 00:00;0.7;0;0
MUE;25.05.2006 00:00;0;0;0
MUE;26.05.2006 00:00;0;0;0
MUE;27.05.2006 00:00;0;0;0
MUE;28.05.2006 00:00;12.9;12;0
MUE;29.05.2006 00:00;19.8;19;12
MUE;30.05.2006 00:00;21.9;2;33
MUE;31.05.2006 00:00;2.7;12;12
MUE;01.06.2006 00:00;14.1;0;20
MUE;02.06.2006 00:00;0.3;0;0
MUE;03.06.2006 00:00;0;0;0
MUE;04.06.2006 00:00;1.5;0;0
MUE;05.06.2006 00:00;1.5;0;0
MUE;06.06.2006 00:00;0;0;0
MUE;07.06.2006 00:00;0;0;0
MUE;08.06.2006 00:00;0;0;0
MUE;09.06.2006 00:00;0;0;0
MUE;10.06.2006 00:00;0;0;0
MUE;11.06.2006 00:00;0;0;0
MUE;12.06.2006 00:00;0;0;0
MUE;13.06.2006 00:00;0;0;0
MUE;14.06.2006 00:00;0;0;0
MUE;15.06.2006 00:00;0;0;0
MUE;16.06.2006 00:00;8.3;0;0
MUE;17.06.2006 00:00;3.7;0;0
MUE;18.06.2006 00:00;0;0;0
MUE;19.06.2006 00:00;0;0;0
MUE;20.06.2006 00:00;0;0;0
MUE;21.06.2006 00:00;0;0;0
MUE;22.06.2006 00:00;0;0;0
MUE;23.06.2006 00:00;0;0;0
MUE;24.06.2006 00:00;0;0;0
MUE;25.06.2006 00:00;0;0;0
MUE;26.06.2006 00:00;0;0;0
MUE;27.06.2006 00:00;29.6;0;0
MUE;28.06.2006 00:00;11.1;0;0
MUE;29.06.2006 00:00;0;0;0
MUE;30.06.2006 00:00;0;0;0
MUE;01.07.2006 00:00;0;0;0
MUE;02.07.2006 00:00;0;0;0
MUE;03.07.2006 00:00;0;0;0
MUE;04.07.2006 00:00;4.6;0;0
MUE;05.07.2006 00:00;13.2;0;0
MUE;06.07.2006 00:00;15.8;0;0
MUE;07.07.2006 00:00;35.4;0;0
MUE;08.07.2006 00:00;3.1;0;0
MUE;09.07.2006 00:00;0;0;0
MUE;10.07.2006 00:00;0;0;0
MUE;11.07.2006 00:00;0;0;0
MUE;12.07.2006 00:00;0;0;0
MUE;13.07.2006 00:00;0;0;0
MUE;14.07.2006 00:00;3.5;0;0
MUE;15.07.2006 00:00;0;0;0
MUE;16.07.2006 00:00;0;0;0
MUE;17.07.2006 00:00;0;0;0
MUE;18.07.2006 00:00;1.3;0;0
MUE;19.07.2006 00:00;0;0;0
MUE;20.07.2006 00:00;0;0;0
MUE;21.07.2006 00:00;0;0;0
MUE;22.07.2006 00:00;5.3;0;0
MUE;23.07.2006 00:00;0;0;0
MUE;24.07.2006 00:00;2.9;0;0
MUE;25.07.2006 00:00;0;0;0
MUE;26.07.2006 00:00;0.5;0;0
MUE;27.07.2006 00:00;0;0;0
MUE;28.07.2006 00:00;7.4;0;0
MUE;29.07.2006 00:00;0;0;0
MUE;30.07.2006 00:00;19.9;0;0
MUE;31.07.2006 00:00;5.4;0;0
MUE;01.08.2006 00:00;3.2;0;0
MUE;02.08.2006 00:00;9.3;0;0
MUE;03.08.2006 00:00;23.5;0;0
MUE;04.08.2006 00:00;28.9;0;0
MUE;05.08.2006 00:00;7.2;0;0
MUE;06.08.2006 00:00;3.4;0;0
MUE;07.08.2006 00:00;1.6;0;0
MUE;08.08.2006 00:00;0;0;0
MUE;09.08.2006 00:00;0;0;0
MUE;10.08.2006 00:00;20.5;0;0
MUE;11.08.2006 00:00;7.2;0;0
MUE;12.08.2006 00:00;2.5;0;0
MUE;13.08.2006 00:00;2.9;0;0
MUE;14.08.2006 00:00;0;0;0
MUE;15.08.2006 00:00;2.2;0;0
MUE;16.08.2006 00:00;0;0;0
MUE;17.08.2006 00:00;1.4;0;0
MUE;18.08.2006 00:00;0;0;0
MUE;19.08.2006 00:00;9.5;0;0
MUE;20.08.2006 00:00;4.3;0;0
MUE;21.08.2006 00:00;0.5;0;0
MUE;22.08.2006 00:00;0;0;0
MUE;23.08.2006 00:00;0;0;0
MUE;24.08.2006 00:00;10.5;0;0
MUE;25.08.2006 00:00;0;0;0
MUE;26.08.2006 00:00;13.1;0;0
MUE;27.08.2006 00:00;3.9;0;0
MUE;28.08.2006 00:00;33.2;0;0
MUE;29.08.2006 00:00;28.8;0;0
MUE;30.08.2006 00:00;6.5;0;0
MUE;31.08.2006 00:00;0;0;0
MUE;01.09.2006 00:00;0;0;0
MUE;02.09.2006 00:00;0;0;0
MUE;03.09.2006 00:00;0;0;0
MUE;04.09.2006 00:00;0;0;0
MUE;05.09.2006 00:00;0;0;0
MUE;06.09.2006 00:00;0;0;0
MUE;07.09.2006 00:00;23.4;0;0
MUE;08.09.2006 00:00;0;0;0
MUE;09.09.2006 00:00;0;0;0
MUE;10.09.2006 00:00;18.2;0;0
MUE;11.09.2006 00:00;0;0;0
MUE;12.09.2006 00:00;0;0;0
MUE;13.09.2006 00:00;0;0;0
MUE;14.09.2006 00:00;0;0;0
MUE;15.09.2006 00:00;5.7;0;0
MUE;16.09.2006 00:00;9;0;0
MUE;17.09.2006 00:00;48.9;0;0
MUE;18.09.2006 00:00;5.3;0;0
MUE;19.09.2006 00:00;0;0;0
MUE;20.09.2006 00:00;0;0;0
MUE;21.09.2006 00:00;0;0;0
MUE;22.09.2006 00:00;0;0;0
MUE;23.09.2006 00:00;0;0;0
MUE;24.09.2006 00:00;1.8;0;0
MUE;25.09.2006 00:00;12.2;0;0
MUE;26.09.2006 00:00;3.2;0;0
MUE;27.09.2006 00:00;0;0;0
MUE;28.09.2006 00:00;0;0;0
MUE;29.09.2006 00:00;3.5;0;0
MUE;30.09.2006 00:00;0;0;0
MUE;01.10.2006 00:00;11.1;0;0
MUE;02.10.2006 00:00;0;0;0
MUE;03.10.2006 00:00;18.1;0;0
MUE;04.10.2006 00:00;1;0;0
MUE;05.10.2006 00:00;0;0;0
MUE;06.10.2006 00:00;4.5;0;0
MUE;07.10.2006 00:00;7.5;0;0
MUE;08.10.2006 00:00;0;0;0
MUE;09.10.2006 00:00;0;0;0
MUE;10.10.2006 00:00;0;0;0
MUE;11.10.2006 00:00;0;0;0
MUE;12.10.2006 00:00;0;0;0
MUE;13.10.2006 00:00;0;0;0
MUE;14.10.2006 00:00;1.4;0;0
MUE;15.10.2006 00:00;0;0;0
MUE;16.10.2006 00:00;0;0;0
MUE;17.10.2006 00:00;0;0;0
MUE;18.10.2006 00:00;0;0;0
MUE;19.10.2006 00:00;0;0;0
MUE;20.10.2006 00:00;0;0;0
MUE;21.10.2006 00:00;0;0;0
MUE;22.10.2006 00:00;0;0;0
MUE;23.10.2006 00:00;6.6;0;0
MUE;24.10.2006 00:00;0;0;0
MUE;25.10.2006 00:00;0;0;0
MUE;26.10.2006 00:00;0;0;0
MUE;27.10.2006 00:00;0;0;0
MUE;28.10.2006 00:00;0.1;0;0
MUE;29.10.2006 00:00;8;0;0
MUE;30.10.2006 00:00;0;0;0
MUE;31.10.2006 00:00;0;4;0
MUE;01.11.2006 00:00;20.1;0;4
MUE;02.11.2006 00:00;0;0;0
MUE;03.11.2006 00:00;0;0;0
MUE;04.11.2006 00:00;0;0;0
MUE;05.11.2006 00:00;0;0;0
MUE;06.11.2006 00:00;0;0;0
MUE;07.11.2006 00:00;0;0;0
MUE;08.11.2006 00:00;0;0;0
MUE;09.11.2006 00:00;7;0;0
MUE;10.11.2006 00:00;0;0;0
MUE;11.11.2006 00:00;10.6;1;0
MUE;12.11.2006 00:00;2.9;0;1
MUE;13.11.2006 00:00;4.5;0;0
MUE;14.11.2006 00:00;0;0;0
MUE;15.11.2006 00:00;0;0;0
MUE;16.11.2006 00:00;0;0;0
MUE;17.11.2006 00:00;0;0;0
MUE;18.11.2006 00:00;0;10;0
MUE;19.11.2006 00:00;9.7;0;10
MUE;20.11.2006 00:00;0;11;3
MUE;21.11.2006 00:00;8;0;18
MUE;22.11.2006 00:00;0;0;12
MUE;23.11.2006 00:00;0;0;4
MUE;24.11.2006 00:00;0;0;0
MUE;25.11.2006 00:00;0;0;0
MUE;26.11.2006 00:00;0;0;0
MUE;27.11.2006 00:00;0;0;0
MUE;28.11.2006 00:00;0;0;0
MUE;29.11.2006 00:00;2.2;0;0
MUE;30.11.2006 00:00;0;0;0
MUE;01.12.2006 00:00;0;0;0
MUE;02.12.2006 00:00;0;0;0
MUE;03.12.2006 00:00;0;0;0
MUE;04.12.2006 00:00;4.2;0;0
MUE;05.12.2006 00:00;0;15;0
MUE;06.12.2006 00:00;17.5;0;15
MUE;07.12.2006 00:00;0;51;12
MUE;08.12.2006 00:00;36.4;19;51
MUE;09.12.2006 00:00;11.5;0;70
MUE;10.12.2006 00:00;0;0;50
MUE;11.12.2006 00:00;0;3;46
MUE;12.12.2006 00:00;0;0;40
MUE;13.12.2006 00:00;0;0;37
MUE;14.12.2006 00:00;0;0;35
MUE;15.12.2006 00:00;0;0;34
MUE;16.12.2006 00:00;0;4;33
MUE;17.12.2006 00:00;5.2;1;35
MUE;18.12.2006 00:00;0.3;0;36
MUE;19.12.2006 00:00;0;0;34
MUE;20.12.2006 00:00;0;0;34
MUE;21.12.2006 00:00;0;0;34
MUE;22.12.2006 00:00;0;0;34
MUE;23.12.2006 00:00;0;0;33
MUE;24.12.2006 00:00;0;0;32
MUE;25.12.2006 00:00;0;0;32
MUE;26.12.2006 00:00;0;0;32
MUE;27.12.2006 00:00;0;0;32
MUE;28.12.2006 00:00;0;0;32
MUE;29.12.2006 00:00;0;0;31
MUE;30.12.2006 00:00;0;0;31
MUE;31.12.2006 00:00;3.2;20;28
MUE;01.01.2007 00:00;24.5;29;52
MUE;02.01.2007 00:00;16;1;78
MUE;03.01.2007 00:00;0.2;6;78
MUE;04.01.2007 00:00;4.6;0;78
MUE;05.01.2007 00:00;0;0;68
MUE;06.01.2007 00:00;0.4;0;58
MUE;07.01.2007 00:00;13.1;0;48
MUE;08.01.2007 00:00;0;0;45
MUE;09.01.2007 00:00;0;0;40
MUE;10.01.2007 00:00;0;0;39
MUE;11.01.2007 00:00;7.3;0;35
MUE;12.01.2007 00:00;0;0;35
MUE;13.01.2007 00:00;0;0;35
MUE;14.01.2007 00:00;0;0;34
MUE;15.01.2007 00:00;0;0;34
MUE;16.01.2007 00:00;0;0;34
MUE;17.01.2007 00:00;0;0;34
MUE;18.01.2007 00:00;16.1;0;32
MUE;19.01.2007 00:00;0;0;32
MUE;20.01.2007 00:00;0;0;32
MUE;21.01.2007 00:00;0.5;1;28
MUE;22.01.2007 00:00;0;17;29
MUE;23.01.2007 00:00;15.4;5;44
MUE;24.01.2007 00:00;6.4;0;46
MUE;25.01.2007 00:00;0;0;45
MUE;26.01.2007 00:00;0;2;38
MUE;27.01.2007 00:00;1.3;0;39
MUE;28.01.2007 00:00;0;0;38
MUE;29.01.2007 00:00;0;0;38
MUE;30.01.2007 00:00;0;0;37
MUE;31.01.2007 00:00;0;0;37
MUE;01.02.2007 00:00;0;0;36
MUE;02.02.2007 00:00;0;0;36
MUE;03.02.2007 00:00;0;0;36
MUE;04.02.2007 00:00;0;0;35
MUE;05.02.2007 00:00;0;3;35
MUE;06.02.2007 00:00;2.8;0;38
MUE;07.02.2007 00:00;0;1;38
MUE;08.02.2007 00:00;0.4;0;38
MUE;09.02.2007 00:00;0;1;37
MUE;10.02.2007 00:00;0.4;0;38
MUE;11.02.2007 00:00;1.4;12;37
MUE;12.02.2007 00:00;16.9;2;47
MUE;13.02.2007 00:00;3.3;5;48
MUE;14.02.2007 00:00;0.6;0;48
MUE;15.02.2007 00:00;0;0;45
MUE;16.02.2007 00:00;0;0;43
MUE;17.02.2007 00:00;0;1;43
MUE;18.02.2007 00:00;1.8;0;44
MUE;19.02.2007 00:00;0;0;43
MUE;20.02.2007 00:00;0;0;43
MUE;21.02.2007 00:00;0;0;42
MUE;22.02.2007 00:00;0;0;41
MUE;23.02.2007 00:00;0;1;39
MUE;24.02.2007 00:00;0.6;17;40
MUE;25.02.2007 00:00;14.3;20;57
MUE;26.02.2007 00:00;16.9;0;73
MUE;27.02.2007 00:00;23.1;1;58
MUE;28.02.2007 00:00;1.7;10;51
MUE;01.03.2007 00:00;17.1;0;56
MUE;02.03.2007 00:00;13.5;0;49
MUE;03.03.2007 00:00;6.5;0;48
MUE;04.03.2007 00:00;0;1;47
MUE;05.03.2007 00:00;0;7;47
MUE;06.03.2007 00:00;4.2;1;52
MUE;07.03.2007 00:00;3.9;2;49
MUE;08.03.2007 00:00;3.8;18;49
MUE;09.03.2007 00:00;10;0;65
MUE;10.03.2007 00:00;0;0;59
MUE;11.03.2007 00:00;0;0;54
MUE;12.03.2007 00:00;0;0;59
MUE;13.03.2007 00:00;0;0;50
MUE;14.03.2007 00:00;0;0;44
MUE;15.03.2007 00:00;0;0;40
MUE;16.03.2007 00:00;0;0;39
MUE;17.03.2007 00:00;0;17;36
MUE;18.03.2007 00:00;11.1;16;53
MUE;19.03.2007 00:00;14.6;19;60
MUE;20.03.2007 00:00;12.9;3;71
MUE;21.03.2007 00:00;1.8;3;69
MUE;22.03.2007 00:00;3.8;8;63
MUE;23.03.2007 00:00;5.6;0;69
MUE;24.03.2007 00:00;0;0;63
MUE;25.03.2007 00:00;0;0;58
MUE;26.03.2007 00:00;0;0;53
MUE;27.03.2007 00:00;0;0;52
MUE;28.03.2007 00:00;0;0;46
MUE;29.03.2007 00:00;0;2;42
MUE;30.03.2007 00:00;2.6;0;42
MUE;31.03.2007 00:00;0;0;40
MUE;01.04.2007 00:00;0;0;38
MUE;02.04.2007 00:00;0;25;34
MUE;03.04.2007 00:00;24;0;64
MUE;04.04.2007 00:00;0;0;45
MUE;05.04.2007 00:00;0;0;31
MUE;06.04.2007 00:00;0;0;30
MUE;07.04.2007 00:00;0;0;18
MUE;08.04.2007 00:00;0;0;10
MUE;09.04.2007 00:00;0;0;8
MUE;10.04.2007 00:00;0;0;6
MUE;11.04.2007 00:00;0;0;6
MUE;12.04.2007 00:00;0;0;5
MUE;13.04.2007 00:00;0;0;4
MUE;14.04.2007 00:00;0;0;0
MUE;15.04.2007 00:00;0;0;0
MUE;16.04.2007 00:00;0;0;0
MUE;17.04.2007 00:00;0;0;0
MUE;18.04.2007 00:00;4.1;0;0
MUE;19.04.2007 00:00;0;0;0
MUE;20.04.2007 00:00;0;0;0
MUE;21.04.2007 00:00;0;0;0
MUE;22.04.2007 00:00;0;0;0
MUE;23.04.2007 00:00;0;0;0
MUE;24.04.2007 00:00;0;0;0
MUE;25.04.2007 00:00;0;0;0
MUE;26.04.2007 00:00;5.1;0;0
MUE;27.04.2007 00:00;3;0;0
MUE;28.04.2007 00:00;0;0;0
MUE;29.04.2007 00:00;0.1;0;0
MUE;30.04.2007 00:00;1.9;0;0
MUE;01.05.2007 00:00;1.2;0;0
MUE;02.05.2007 00:00;0;0;0
MUE;03.05.2007 00:00;0;0;0
MUE;04.05.2007 00:00;12.6;0;0
MUE;05.05.2007 00:00;29.7;0;0
MUE;06.05.2007 00:00;16.2;0;0
MUE;07.05.2007 00:00;0;0;0
MUE;08.05.2007 00:00;1.9;0;0
MUE;09.05.2007 00:00;0;0;0
MUE;10.05.2007 00:00;0;0;0
MUE;11.05.2007 00:00;4.7;0;0
MUE;12.05.2007 00:00;0;0;0
MUE;13.05.2007 00:00;0;0;0
MUE;14.05.2007 00:00;19.1;0;0
MUE;15.05.2007 00:00;14;0;0
MUE;16.05.2007 00:00;21.5;0;0
MUE;17.05.2007 00:00;38.3;0;0
MUE;18.05.2007 00:00;0;0;0
MUE;19.05.2007 00:00;0;0;0
MUE;20.05.2007 00:00;1.3;0;0
MUE;21.05.2007 00:00;1.2;0;0
MUE;22.05.2007 00:00;0.5;0;0
MUE;23.05.2007 00:00;0;0;0
MUE;24.05.2007 00:00;7;0;0
MUE;25.05.2007 00:00;9.7;0;0
MUE;26.05.2007 00:00;11.3;0;0
MUE;27.05.2007 00:00;41;0;0
MUE;28.05.2007 00:00;31.3;0;0
MUE;29.05.2007 00:00;2;0;0
MUE;30.05.2007 00:00;0;0;0
MUE;31.05.2007 00:00;8.7;0;0
MUE;01.06.2007 00:00;61.2;0;0
MUE;02.06.2007 00:00;0.4;0;0
MUE;03.06.2007 00:00;0;0;0
MUE;04.06.2007 00:00;0;0;0
MUE;05.06.2007 00:00;5.7;0;0
MUE;06.06.2007 00:00;0.5;0;0
MUE;07.06.2007 00:00;5.3;0;0
MUE;08.06.2007 00:00;5.5;0;0
MUE;09.06.2007 00:00;14.2;0;0
MUE;10.06.2007 00:00;18.3;0;0
MUE;11.06.2007 00:00;9.1;0;0
MUE;12.06.2007 00:00;6.9;0;0
MUE;13.06.2007 00:00;12.3;0;0
MUE;14.06.2007 00:00;0;0;0
MUE;15.06.2007 00:00;22.3;0;0
MUE;16.06.2007 00:00;0;0;0
MUE;17.06.2007 00:00;13;0;0
MUE;18.06.2007 00:00;0;0;0
MUE;19.06.2007 00:00;0;0;0
MUE;20.06.2007 00:00;9.9;0;0
MUE;21.06.2007 00:00;6.2;0;0
MUE;22.06.2007 00:00;6.5;0;0
MUE;23.06.2007 00:00;0;0;0
MUE;24.06.2007 00:00;4;0;0
MUE;25.06.2007 00:00;22.9;0;0
MUE;26.06.2007 00:00;1.6;0;0
MUE;27.06.2007 00:00;3.5;0;0
MUE;28.06.2007 00:00;0;0;0
MUE;29.06.2007 00:00;0;0;0
MUE;30.06.2007 00:00;0;0;0
MUE;01.07.2007 00:00;32.1;0;0
MUE;02.07.2007 00:00;7.7;0;0
MUE;03.07.2007 00:00;45.6;0;0
MUE;04.07.2007 00:00;9.6;0;0
MUE;05.07.2007 00:00;4.8;0;0
MUE;06.07.2007 00:00;0;0;0
MUE;07.07.2007 00:00;0;0;0
MUE;08.07.2007 00:00;19.6;0;0
MUE;09.07.2007 00:00;19;0;0
MUE;10.07.2007 00:00;3.8;0;0
MUE;11.07.2007 00:00;6.2;0;0
MUE;12.07.2007 00:00;0;0;0
MUE;13.07.2007 00:00;0;0;0
MUE;14.07.2007 00:00;0;0;0
MUE;15.07.2007 00:00;0;0;0
MUE;16.07.2007 00:00;0;0;0
MUE;17.07.2007 00:00;0;0;0
MUE;18.07.2007 00:00;35.4;0;0
MUE;19.07.2007 00:00;0;0;0
MUE;20.07.2007 00:00;10;0;0
MUE;21.07.2007 00:00;23.6;0;0
MUE;22.07.2007 00:00;2.8;0;0
MUE;23.07.2007 00:00;21.7;0;0
MUE;24.07.2007 00:00;3.4;0;0
MUE;25.07.2007 00:00;0;0;0
MUE;26.07.2007 00:00;0;0;0
MUE;27.07.2007 00:00;0;0;0
MUE;28.07.2007 00:00;0;0;0
MUE;29.07.2007 00:00;23.2;0;0
MUE;30.07.2007 00:00;0;0;0
MUE;31.07.2007 00:00;0;0;0
MUE;01.08.2007 00:00;1.9;0;0
MUE;02.08.2007 00:00;33.8;0;0
MUE;03.08.2007 00:00;2.8;0;0
MUE;04.08.2007 00:00;0;0;0
MUE;05.08.2007 00:00;0;0;0
MUE;06.08.2007 00:00;2.5;0;0
MUE;07.08.2007 00:00;32;0;0
MUE;08.08.2007 00:00;76.1;0;0
MUE;09.08.2007 00:00;18.9;0;0
MUE;10.08.2007 00:00;0.1;0;0
MUE;11.08.2007 00:00;0;0;0
MUE;12.08.2007 00:00;0.8;0;0
MUE;13.08.2007 00:00;2.6;0;0
MUE;14.08.2007 00:00;0;0;0
MUE;15.08.2007 00:00;2;0;0
MUE;16.08.2007 00:00;10.5;0;0
MUE;17.08.2007 00:00;0;0;0
MUE;18.08.2007 00:00;0;0;0
MUE;19.08.2007 00:00;1.7;0;0
MUE;20.08.2007 00:00;17.5;0;0
MUE;21.08.2007 00:00;9.8;0;0
MUE;22.08.2007 00:00;2.2;0;0
MUE;23.08.2007 00:00;0;0;0
MUE;24.08.2007 00:00;0;0;0
MUE;25.08.2007 00:00;0;0;0
MUE;26.08.2007 00:00;0;0;0
MUE;27.08.2007 00:00;0;0;0
MUE;28.08.2007 00:00;7.5;0;0
MUE;29.08.2007 00:00;25.3;0;0
MUE;30.08.2007 00:00;7.1;0;0
MUE;31.08.2007 00:00;0;0;0
MUE;01.09.2007 00:00;0;0;0
MUE;02.09.2007 00:00;0;0;0
MUE;03.09.2007 00:00;18.4;1;0
MUE;04.09.2007 00:00;6.2;0;1
MUE;05.09.2007 00:00;0;0;0
MUE;06.09.2007 00:00;0;0;0
MUE;07.09.2007 00:00;0;0;0
MUE;08.09.2007 00:00;0;0;0
MUE;09.09.2007 00:00;0;0;0
MUE;10.09.2007 00:00;0;0;0
MUE;11.09.2007 00:00;0;0;0
MUE;12.09.2007 00:00;0;0;0
MUE;13.09.2007 00:00;0;0;0
MUE;14.09.2007 00:00;0;0;0
MUE;15.09.2007 00:00;0;0;0
MUE;16.09.2007 00:00;0.4;0;0
MUE;17.09.2007 00:00;7.1;0;0
MUE;18.09.2007 00:00;25.2;0;0
MUE;19.09.2007 00:00;0;0;0
MUE;20.09.2007 00:00;0;0;0
MUE;21.09.2007 00:00;0;0;0
MUE;22.09.2007 00:00;0;0;0
MUE;23.09.2007 00:00;0;0;0
MUE;24.09.2007 00:00;10.5;0;0
MUE;25.09.2007 00:00;8.5;11;0
MUE;26.09.2007 00:00;23;0;11
MUE;27.09.2007 00:00;0.6;0;0
MUE;28.09.2007 00:00;0;0;0
MUE;29.09.2007 00:00;1;0;0
MUE;30.09.2007 00:00;0.6;0;0
MUE;01.10.2007 00:00;0;0;0
MUE;02.10.2007 00:00;0;0;0
MUE;03.10.2007 00:00;23.5;0;0
MUE;04.10.2007 00:00;20.5;0;0
MUE;05.10.2007 00:00;7;0;0
MUE;06.10.2007 00:00;4.6;0;0
MUE;07.10.2007 00:00;0;0;0
MUE;08.10.2007 00:00;0;0;0
MUE;09.10.2007 00:00;0;0;0
MUE;10.10.2007 00:00;0;0;0
MUE;11.10.2007 00:00;0;0;0
MUE;12.10.2007 00:00;0;0;0
MUE;13.10.2007 00:00;0;0;0
MUE;14.10.2007 00:00;0;0;0
MUE;15.10.2007 00:00;0;0;0
MUE;16.10.2007 00:00;0;0;0
MUE;17.10.2007 00:00;8;0;0
MUE;18.10.2007 00:00;4.1;0;0
MUE;19.10.2007 00:00;0;0;0
MUE;20.10.2007 00:00;0;0;0
MUE;21.10.2007 00:00;0;0;0
MUE;22.10.2007 00:00;0;0;0
MUE;23.10.2007 00:00;0;0;0
MUE;24.10.2007 00:00;0;0;0
MUE;25.10.2007 00:00;0;0;0
MUE;26.10.2007 00:00;0;0;0
MUE;27.10.2007 00:00;0;0;0
MUE;28.10.2007 00:00;0;0;0
MUE;29.10.2007 00:00;0;2;0
MUE;30.10.2007 00:00;5.2;0;2
MUE;31.10.2007 00:00;0;0;0
MUE;01.11.2007 00:00;0;0;0
MUE;02.11.2007 00:00;0;0;0
MUE;03.11.2007 00:00;0;0;0
MUE;04.11.2007 00:00;0;0;0
MUE;05.11.2007 00:00;0;0;0
MUE;06.11.2007 00:00;0;0;0
MUE;07.11.2007 00:00;3.5;0;0
MUE;08.11.2007 00:00;0.2;20;0
MUE;09.11.2007 00:00;19.1;28;20
MUE;10.11.2007 00:00;33.6;10;48
MUE;11.11.2007 00:00;12.8;7;55
MUE;12.11.2007 00:00;4.4;48;55
MUE;13.11.2007 00:00;17.5;31;100
MUE;14.11.2007 00:00;20.4;4;120
MUE;15.11.2007 00:00;2.5;0;110
MUE;16.11.2007 00:00;0;0;100
MUE;17.11.2007 00:00;0;0;80
MUE;18.11.2007 00:00;0;0;75
MUE;19.11.2007 00:00;0;0;70
MUE;20.11.2007 00:00;0;0;65
MUE;21.11.2007 00:00;0;0;60
MUE;22.11.2007 00:00;0;1;55
MUE;23.11.2007 00:00;2;1;50
MUE;24.11.2007 00:00;3;0;45
MUE;25.11.2007 00:00;0;0;40
MUE;26.11.2007 00:00;0;0;40
MUE;27.11.2007 00:00;0;0;35
MUE;28.11.2007 00:00;0;0;35
MUE;29.11.2007 00:00;0;0;35
MUE;30.11.2007 00:00;0;0;30
MUE;01.12.2007 00:00;0;6;
MUE;02.12.2007 00:00;10.8;24;
MUE;03.12.2007 00:00;12.1;8;
MUE;04.12.2007 00:00;16.2;0;
MUE;05.12.2007 00:00;0;0;
MUE;06.12.2007 00:00;18;15;
MUE;07.12.2007 00:00;17.2;0;
MUE;08.12.2007 00:00;9.1;11;
MUE;09.12.2007 00:00;8.4;57;
MUE;10.12.2007 00:00;25;25;
MUE;11.12.2007 00:00;16.8;2;
MUE;12.12.2007 00:00;1.4;0;
MUE;13.12.2007 00:00;0;0;
MUE;14.12.2007 00:00;0;0;
MUE;15.12.2007 00:00;0;0;
MUE;16.12.2007 00:00;0;0;
MUE;17.12.2007 00:00;0;0;
MUE;18.12.2007 00:00;0;0;
MUE;19.12.2007 00:00;0;0;
MUE;20.12.2007 00:00;0;0;
MUE;21.12.2007 00:00;0;0;
MUE;22.12.2007 00:00;0;0;
MUE;23.12.2007 00:00;0;0;
MUE;24.12.2007 00:00;0;0;
MUE;25.12.2007 00:00;0;0;
MUE;26.12.2007 00:00;0;0;
MUE;27.12.2007 00:00;0;0;
MUE;28.12.2007 00:00;0;17;
MUE;29.12.2007 00:00;9.1;0;
MUE;30.12.2007 00:00;0;0;
MUE;31.12.2007 00:00;0;0;
MUE;01.01.2008 00:00;0;0;
MUE;02.01.2008 00:00;0;0;
MUE;03.01.2008 00:00;0;0;
MUE;04.01.2008 00:00;0;0;
MUE;05.01.2008 00:00;7.7;0;
MUE;06.01.2008 00:00;3.8;1;
MUE;07.01.2008 00:00;8;0;
MUE;08.01.2008 00:00;0;0;
MUE;09.01.2008 00:00;0;0;
MUE;10.01.2008 00:00;0;12;
MUE;11.01.2008 00:00;29.3;10;
MUE;12.01.2008 00:00;11.5;0;
MUE;13.01.2008 00:00;0;0;
MUE;14.01.2008 00:00;0;1;
MUE;15.01.2008 00:00;0;1;
MUE;16.01.2008 00:00;0.2;4;
MUE;17.01.2008 00:00;5.8;0;
MUE;18.01.2008 00:00;1.2;0;
MUE;19.01.2008 00:00;0;0;
MUE;20.01.2008 00:00;0;7;
MUE;21.01.2008 00:00;5.1;14;
MUE;22.01.2008 00:00;15.9;0;
MUE;23.01.2008 00:00;0;0;
MUE;24.01.2008 00:00;0;0;
MUE;25.01.2008 00:00;0;0;
MUE;26.01.2008 00:00;0;0;
MUE;27.01.2008 00:00;0;0;
MUE;28.01.2008 00:00;0;0;
MUE;29.01.2008 00:00;0;12;
MUE;30.01.2008 00:00;8.2;0;
MUE;31.01.2008 00:00;0;15;
MUE;01.02.2008 00:00;9.2;1;
MUE;02.02.2008 00:00;0.6;0;
MUE;03.02.2008 00:00;0;10;
MUE;04.02.2008 00:00;7.2;0;
MUE;05.02.2008 00:00;0.6;5;
MUE;06.02.2008 00:00;8.2;0;
MUE;07.02.2008 00:00;0;0;
MUE;08.02.2008 00:00;0;0;
MUE;09.02.2008 00:00;0;0;
MUE;10.02.2008 00:00;0;0;
MUE;11.02.2008 00:00;0;0;
MUE;12.02.2008 00:00;0;0;
MUE;13.02.2008 00:00;0;0;
MUE;14.02.2008 00:00;0;0;
MUE;15.02.2008 00:00;0;0;
MUE;16.02.2008 00:00;0;0;
MUE;17.02.2008 00:00;0;0;
MUE;18.02.2008 00:00;0;0;
MUE;19.02.2008 00:00;0;1;
MUE;20.02.2008 00:00;0.8;0;
MUE;21.02.2008 00:00;0;0;
MUE;22.02.2008 00:00;0;0;
MUE;23.02.2008 00:00;0;0;
MUE;24.02.2008 00:00;0;0;
MUE;25.02.2008 00:00;0;0;
MUE;26.02.2008 00:00;1.3;0;
MUE;27.02.2008 00:00;0;0;
MUE;28.02.2008 00:00;0;0;
MUE;29.02.2008 00:00;0;0;
MUE;01.03.2008 00:00;2.8;0;
MUE;02.03.2008 00:00;0;11;
MUE;03.03.2008 00:00;8.3;27;
MUE;04.03.2008 00:00;16.2;2;
MUE;05.03.2008 00:00;1.9;0;
MUE;06.03.2008 00:00;0;1;
MUE;07.03.2008 00:00;0.7;0;
MUE;08.03.2008 00:00;0;0;
MUE;09.03.2008 00:00;0;7;
MUE;10.03.2008 00:00;4.2;0;
MUE;11.03.2008 00:00;7.7;1;
MUE;12.03.2008 00:00;7.2;2;
MUE;13.03.2008 00:00;7.3;0;
MUE;14.03.2008 00:00;0;3;
MUE;15.03.2008 00:00;2.1;8;
MUE;16.03.2008 00:00;3.8;9;
MUE;17.03.2008 00:00;9.2;0;
MUE;18.03.2008 00:00;0;1;
MUE;19.03.2008 00:00;0.8;2;
MUE;20.03.2008 00:00;1;31;
MUE;21.03.2008 00:00;21.5;3;
MUE;22.03.2008 00:00;3.3;3;
MUE;23.03.2008 00:00;2.9;19;
MUE;24.03.2008 00:00;9.2;0;
MUE;25.03.2008 00:00;0;1;
MUE;26.03.2008 00:00;0.5;12;
MUE;27.03.2008 00:00;9.2;1;
MUE;28.03.2008 00:00;11;0;
MUE;29.03.2008 00:00;0;1;
MUE;30.03.2008 00:00;3;4;
MUE;31.03.2008 00:00;8.8;0;
MUE;01.04.2008 00:00;0;21;
MUE;02.04.2008 00:00;13;0;
MUE;03.04.2008 00:00;8;0;
MUE;04.04.2008 00:00;0;5;
MUE;05.04.2008 00:00;2.7;11;
MUE;06.04.2008 00:00;10.5;0;
MUE;07.04.2008 00:00;0;0;
MUE;08.04.2008 00:00;0;0;
MUE;09.04.2008 00:00;0.8;0;
MUE;10.04.2008 00:00;0;13;
MUE;11.04.2008 00:00;21.1;0;
MUE;12.04.2008 00:00;0;0;
MUE;13.04.2008 00:00;0;12;
MUE;14.04.2008 00:00;8.6;7;
MUE;15.04.2008 00:00;2.9;0;
MUE;16.04.2008 00:00;0;0;
MUE;17.04.2008 00:00;0;0;
MUE;18.04.2008 00:00;0;0;
MUE;19.04.2008 00:00;0;0;
MUE;20.04.2008 00:00;0;9;
MUE;21.04.2008 00:00;26.4;0;
MUE;22.04.2008 00:00;28.8;0;
MUE;23.04.2008 00:00;2.7;0;
MUE;24.04.2008 00:00;4;0;
MUE;25.04.2008 00:00;0;0;
MUE;26.04.2008 00:00;0;0;
MUE;27.04.2008 00:00;0;3;
MUE;28.04.2008 00:00;27.9;0;
MUE;29.04.2008 00:00;1.8;12;
MUE;30.04.2008 00:00;9.3;0;
MUE;01.05.2008 00:00;0;0;
MUE;02.05.2008 00:00;0;0;
MUE;03.05.2008 00:00;0;0;
MUE;04.05.2008 00:00;0;0;
MUE;05.05.2008 00:00;0;0;
MUE;06.05.2008 00:00;0;0;
MUE;07.05.2008 00:00;0;0;
MUE;08.05.2008 00:00;0;0;
MUE;09.05.2008 00:00;0;0;
MUE;10.05.2008 00:00;0;0;
MUE;11.05.2008 00:00;0;0;
MUE;12.05.2008 00:00;0;0;
MUE;13.05.2008 00:00;0;0;
MUE;14.05.2008 00:00;0;0;
MUE;15.05.2008 00:00;0;0;
MUE;16.05.2008 00:00;0;0;0
MUE;17.05.2008 00:00;17.5;0;0
MUE;18.05.2008 00:00;6.1;0;0
MUE;19.05.2008 00:00;15;0;0
MUE;20.05.2008 00:00;6;0;0
MUE;21.05.2008 00:00;1.7;0;0
MUE;22.05.2008 00:00;0.7;0;0
MUE;23.05.2008 00:00;0;0;0
MUE;24.05.2008 00:00;0;0;0
MUE;25.05.2008 00:00;0;0;0
MUE;26.05.2008 00:00;0;0;0
MUE;27.05.2008 00:00;9.1;0;0
MUE;28.05.2008 00:00;6.8;0;0
MUE;29.05.2008 00:00;5.8;0;0
MUE;30.05.2008 00:00;3.5;0;0
MUE;31.05.2008 00:00;0;0;0
MUE;01.06.2008 00:00;0;0;0
MUE;02.06.2008 00:00;1.6;0;0
MUE;03.06.2008 00:00;8.1;0;0
MUE;04.06.2008 00:00;19.6;0;0
MUE;05.06.2008 00:00;15.5;0;0
MUE;06.06.2008 00:00;23.1;0;0
MUE;07.06.2008 00:00;1.6;0;0
MUE;08.06.2008 00:00;6.8;0;0
MUE;09.06.2008 00:00;6.5;0;0
MUE;10.06.2008 00:00;1.9;0;0
MUE;11.06.2008 00:00;11;0;0
MUE;12.06.2008 00:00;12.1;0;0
MUE;13.06.2008 00:00;3.9;0;0
MUE;14.06.2008 00:00;7.1;0;0
MUE;15.06.2008 00:00;1.3;0;0
MUE;16.06.2008 00:00;4.4;0;0
MUE;17.06.2008 00:00;9.6;0;0
MUE;18.06.2008 00:00;0;0;0
MUE;19.06.2008 00:00;0;0;0
MUE;20.06.2008 00:00;0;0;0
MUE;21.06.2008 00:00;0;0;0
MUE;22.06.2008 00:00;0;0;0
MUE;23.06.2008 00:00;0;0;0
MUE;24.06.2008 00:00;0;0;0
MUE;25.06.2008 00:00;1.9;0;0
MUE;26.06.2008 00:00;0;0;0
MUE;27.06.2008 00:00;0;0;0
MUE;28.06.2008 00:00;0;0;0
MUE;29.06.2008 00:00;17.2;0;0
MUE;30.06.2008 00:00;3;0;0
MUE;01.07.2008 00:00;1.6;0;0
MUE;02.07.2008 00:00;0.4;0;0
MUE;03.07.2008 00:00;17.5;0;0
MUE;04.07.2008 00:00;0;0;0
MUE;05.07.2008 00:00;0.8;0;0
MUE;06.07.2008 00:00;22.4;0;0
MUE;07.07.2008 00:00;2.6;0;0
MUE;08.07.2008 00:00;0;0;0
MUE;09.07.2008 00:00;0;0;0
MUE;10.07.2008 00:00;0;0;0
MUE;11.07.2008 00:00;16;0;0
MUE;12.07.2008 00:00;21.2;0;0
MUE;13.07.2008 00:00;33.4;0;0
MUE;14.07.2008 00:00;25.5;0;0
MUE;15.07.2008 00:00;0;0;0
MUE;16.07.2008 00:00;0;0;0
MUE;17.07.2008 00:00;14.5;0;0
MUE;18.07.2008 00:00;0;0;0
MUE;19.07.2008 00:00;0;0;0
MUE;20.07.2008 00:00;5.3;0;0
MUE;21.07.2008 00:00;0;0;0
MUE;22.07.2008 00:00;0;0;0
MUE;23.07.2008 00:00;0;0;0
MUE;24.07.2008 00:00;0;0;0
MUE;25.07.2008 00:00;2;0;0
MUE;26.07.2008 00:00;4.6;0;0
MUE;27.07.2008 00:00;2.8;0;0
MUE;28.07.2008 00:00;1.9;0;0
MUE;29.07.2008 00:00;3.8;0;0
MUE;30.07.2008 00:00;14.1;0;0
MUE;31.07.2008 00:00;0.4;0;0
MUE;01.08.2008 00:00;23.2;0;0
MUE;02.08.2008 00:00;0;0;0
MUE;03.08.2008 00:00;0;0;0
MUE;04.08.2008 00:00;0;0;0
MUE;05.08.2008 00:00;0;0;0
MUE;06.08.2008 00:00;4;0;0
MUE;07.08.2008 00:00;12.3;0;0
MUE;08.08.2008 00:00;1.6;0;0
MUE;09.08.2008 00:00;0;0;0
MUE;10.08.2008 00:00;0;0;0
MUE;11.08.2008 00:00;11.2;0;0
MUE;12.08.2008 00:00;14.8;0;0
MUE;13.08.2008 00:00;0;0;0
MUE;14.08.2008 00:00;12.2;0;0
MUE;15.08.2008 00:00;34.1;0;0
MUE;16.08.2008 00:00;0;0;0
MUE;17.08.2008 00:00;1.5;0;0
MUE;18.08.2008 00:00;0;0;0
MUE;19.08.2008 00:00;17.1;0;0
MUE;20.08.2008 00:00;0.3;0;0
MUE;21.08.2008 00:00;0;0;0
MUE;22.08.2008 00:00;8.4;0;0
MUE;23.08.2008 00:00;9.8;0;0
MUE;24.08.2008 00:00;4.8;0;0
MUE;25.08.2008 00:00;0;0;0
MUE;26.08.2008 00:00;0;0;0
MUE;27.08.2008 00:00;0;0;0
MUE;28.08.2008 00:00;0;0;0
MUE;29.08.2008 00:00;0;0;0
MUE;30.08.2008 00:00;0;0;0
MUE;31.08.2008 00:00;14.4;0;0
MUE;01.09.2008 00:00;1.3;0;0
MUE;02.09.2008 00:00;0;0;0
MUE;03.09.2008 00:00;3.4;0;0
MUE;04.09.2008 00:00;2.9;0;0
MUE;05.09.2008 00:00;0;0;0
MUE;06.09.2008 00:00;26.7;0;0
MUE;07.09.2008 00:00;4.1;0;0
MUE;08.09.2008 00:00;0;0;0
MUE;09.09.2008 00:00;0.7;0;0
MUE;10.09.2008 00:00;4;0;0
MUE;11.09.2008 00:00;3.1;0;0
MUE;12.09.2008 00:00;21.8;0;0
MUE;13.09.2008 00:00;35.3;0;0
MUE;14.09.2008 00:00;5.3;0;0
MUE;15.09.2008 00:00;0;0;0
MUE;16.09.2008 00:00;0;0;0
MUE;17.09.2008 00:00;0;0;0
MUE;18.09.2008 00:00;18.5;0;0
MUE;19.09.2008 00:00;0;0;0
MUE;20.09.2008 00:00;0;0;0
MUE;21.09.2008 00:00;0;0;0
MUE;22.09.2008 00:00;0;0;0
MUE;23.09.2008 00:00;0;0;0
MUE;24.09.2008 00:00;0;0;0
MUE;25.09.2008 00:00;0;0;0
MUE;26.09.2008 00:00;0;0;0
MUE;27.09.2008 00:00;0;0;0
MUE;28.09.2008 00:00;0;0;0
MUE;29.09.2008 00:00;0;0;0
MUE;30.09.2008 00:00;0;0;0
MUE;01.10.2008 00:00;0;1;0
MUE;02.10.2008 00:00;9.8;12;1
MUE;03.10.2008 00:00;16;2;12
MUE;04.10.2008 00:00;1.4;0;7
MUE;05.10.2008 00:00;0;0;1
MUE;06.10.2008 00:00;1.3;0;0
MUE;07.10.2008 00:00;0;0;0
MUE;08.10.2008 00:00;0;0;0
MUE;09.10.2008 00:00;0;0;0
MUE;10.10.2008 00:00;0;0;0
MUE;11.10.2008 00:00;0;0;0
MUE;12.10.2008 00:00;0;0;0
MUE;13.10.2008 00:00;3.9;0;0
MUE;14.10.2008 00:00;0;0;0
MUE;15.10.2008 00:00;0;0;0
MUE;16.10.2008 00:00;15;0;0
MUE;17.10.2008 00:00;0;0;0
MUE;18.10.2008 00:00;0;0;0
MUE;19.10.2008 00:00;0;0;0
MUE;20.10.2008 00:00;0;0;0
MUE;21.10.2008 00:00;0;1;0
MUE;22.10.2008 00:00;3;0;1
MUE;23.10.2008 00:00;0;0;0
MUE;24.10.2008 00:00;0;0;0
MUE;25.10.2008 00:00;0;0;0
MUE;26.10.2008 00:00;0;0;0
MUE;27.10.2008 00:00;4.5;8;0
MUE;28.10.2008 00:00;16.2;48;8
MUE;29.10.2008 00:00;33.2;0;50
MUE;30.10.2008 00:00;7.3;0;45
MUE;31.10.2008 00:00;0;0;45
MUE;01.11.2008 00:00;0;0;
MUE;02.11.2008 00:00;0;0;
MUE;03.11.2008 00:00;0;0;
MUE;04.11.2008 00:00;18.6;0;
MUE;05.11.2008 00:00;6.1;0;
MUE;06.11.2008 00:00;0;0;
MUE;07.11.2008 00:00;0;0;
MUE;08.11.2008 00:00;0;0;
MUE;09.11.2008 00:00;0;0;
MUE;10.11.2008 00:00;0;8;
MUE;11.11.2008 00:00;10.3;10;
MUE;12.11.2008 00:00;12.2;0;
MUE;13.11.2008 00:00;0;0;
MUE;14.11.2008 00:00;0;0;
MUE;15.11.2008 00:00;0;1;
MUE;16.11.2008 00:00;3.2;3;
MUE;17.11.2008 00:00;0.9;0;
MUE;18.11.2008 00:00;3.3;1;
MUE;19.11.2008 00:00;0;35;
MUE;20.11.2008 00:00;0;50;
MUE;21.11.2008 00:00;4.7;0;
MUE;22.11.2008 00:00;31.5;15;
MUE;23.11.2008 00:00;8.6;12;
MUE;24.11.2008 00:00;19.1;0;
MUE;25.11.2008 00:00;0;0;
MUE;26.11.2008 00:00;0;0;
MUE;27.11.2008 00:00;0;0;
MUE;28.11.2008 00:00;0;0;
MUE;29.11.2008 00:00;0;7;
MUE;30.11.2008 00:00;6.9;10;
MUE;01.12.2008 00:00;2.6;0;
MUE;02.12.2008 00:00;0;0;
MUE;03.12.2008 00:00;0;6;
MUE;04.12.2008 00:00;4.1;25;
MUE;05.12.2008 00:00;18.3;23;
MUE;06.12.2008 00:00;5.1;0;
MUE;07.12.2008 00:00;0;0;
MUE;08.12.2008 00:00;0;3;
MUE;09.12.2008 00:00;5.5;4;
MUE;10.12.2008 00:00;4.5;5;
MUE;11.12.2008 00:00;6.3;0;
MUE;12.12.2008 00:00;0;0;
MUE;13.12.2008 00:00;0;0;
MUE;14.12.2008 00:00;0;0;
MUE;15.12.2008 00:00;0;3;
MUE;16.12.2008 00:00;5.6;30;
MUE;17.12.2008 00:00;37.5;0;
MUE;18.12.2008 00:00;7;8;
MUE;19.12.2008 00:00;2.7;3;
MUE;20.12.2008 00:00;4.8;0;
MUE;21.12.2008 00:00;0;0;
MUE;22.12.2008 00:00;0;0;
MUE;23.12.2008 00:00;0;0;
MUE;24.12.2008 00:00;2.5;3;
MUE;25.12.2008 00:00;0;0;
MUE;26.12.2008 00:00;0;0;
MUE;27.12.2008 00:00;0;0;
MUE;28.12.2008 00:00;0;0;
MUE;29.12.2008 00:00;0;0;
MUE;30.12.2008 00:00;0;0;
MUE;31.12.2008 00:00;15;0;
MUE;01.01.2009 00:00;0;;
MUE;02.01.2009 00:00;0;;
MUE;03.01.2009 00:00;0;;
MUE;04.01.2009 00:00;0;;
MUE;05.01.2009 00:00;1.2;;
MUE;06.01.2009 00:00;0;;
MUE;07.01.2009 00:00;0;;
MUE;08.01.2009 00:00;0;;
MUE;09.01.2009 00:00;0;;
MUE;10.01.2009 00:00;0;;
MUE;11.01.2009 00:00;0;;
MUE;12.01.2009 00:00;0;;
MUE;13.01.2009 00:00;0;;
MUE;14.01.2009 00:00;0;;
MUE;15.01.2009 00:00;0;;
MUE;16.01.2009 00:00;0;;
MUE;17.01.2009 00:00;0;;
MUE;18.01.2009 00:00;2.2;;
MUE;19.01.2009 00:00;16.3;;
MUE;20.01.2009 00:00;13.7;;
MUE;21.01.2009 00:00;1.4;;
MUE;22.01.2009 00:00;0;;
MUE;23.01.2009 00:00;17.8;;
MUE;24.01.2009 00:00;4;;
MUE;25.01.2009 00:00;0;;
MUE;26.01.2009 00:00;0;;
MUE;27.01.2009 00:00;0;;
MUE;28.01.2009 00:00;0;;
MUE;29.01.2009 00:00;0;;
MUE;30.01.2009 00:00;0;;
MUE;31.01.2009 00:00;0;;
MUE;01.02.2009 00:00;0;;
MUE;02.02.2009 00:00;0;;
MUE;03.02.2009 00:00;0;;
MUE;04.02.2009 00:00;0;;
MUE;05.02.2009 00:00;0;;
MUE;06.02.2009 00:00;7.6;;
MUE;07.02.2009 00:00;16;;
MUE;08.02.2009 00:00;1.4;;
MUE;09.02.2009 00:00;3;;
MUE;10.02.2009 00:00;9.8;;
MUE;11.02.2009 00:00;2.6;;
MUE;12.02.2009 00:00;8.5;;
MUE;13.02.2009 00:00;0;;
MUE;14.02.2009 00:00;0.7;;
MUE;15.02.2009 00:00;0;;
MUE;16.02.2009 00:00;1;;
MUE;17.02.2009 00:00;28.9;;
MUE;18.02.2009 00:00;0;;
MUE;19.02.2009 00:00;0;;
MUE;20.02.2009 00:00;0;;
MUE;21.02.2009 00:00;6.4;;
MUE;22.02.2009 00:00;23.8;;
MUE;23.02.2009 00:00;8.7;;
MUE;24.02.2009 00:00;0;;
MUE;25.02.2009 00:00;0;;
MUE;26.02.2009 00:00;0;;
MUE;27.02.2009 00:00;0;;
MUE;28.02.2009 00:00;0;;
MUE;01.03.2009 00:00;0;;
MUE;02.03.2009 00:00;9.1;;
MUE;03.03.2009 00:00;0;;
MUE;04.03.2009 00:00;13.5;;
MUE;05.03.2009 00:00;27.2;;
MUE;06.03.2009 00:00;13.1;;
MUE;07.03.2009 00:00;0;;
MUE;08.03.2009 00:00;7.2;;
MUE;09.03.2009 00:00;8.9;;
MUE;10.03.2009 00:00;7.2;;
MUE;11.03.2009 00:00;0;;
MUE;12.03.2009 00:00;0;;
MUE;13.03.2009 00:00;0;;
MUE;14.03.2009 00:00;0;;
MUE;15.03.2009 00:00;0;;
MUE;16.03.2009 00:00;0;;
MUE;17.03.2009 00:00;0;;
MUE;18.03.2009 00:00;0;;
MUE;19.03.2009 00:00;0;;
MUE;20.03.2009 00:00;0;;
MUE;21.03.2009 00:00;0;;
MUE;22.03.2009 00:00;0;;
MUE;23.03.2009 00:00;19.3;;
MUE;24.03.2009 00:00;14.4;;
MUE;25.03.2009 00:00;16.7;;
MUE;26.03.2009 00:00;4.4;;
MUE;27.03.2009 00:00;0;;
MUE;28.03.2009 00:00;4;;
MUE;29.03.2009 00:00;3.4;;
MUE;30.03.2009 00:00;0;;
MUE;31.03.2009 00:00;0;;
MUE;01.04.2009 00:00;0;;
MUE;02.04.2009 00:00;0;;
MUE;03.04.2009 00:00;0;;
MUE;04.04.2009 00:00;0;;
MUE;05.04.2009 00:00;0;;
MUE;06.04.2009 00:00;0;;
MUE;07.04.2009 00:00;0;;
MUE;08.04.2009 00:00;0;;
MUE;09.04.2009 00:00;0;;
MUE;10.04.2009 00:00;0;;
MUE;11.04.2009 00:00;0;;
MUE;12.04.2009 00:00;0;;
MUE;13.04.2009 00:00;0;;
MUE;14.04.2009 00:00;0;;
MUE;15.04.2009 00:00;0;;
MUE;16.04.2009 00:00;8;;
MUE;17.04.2009 00:00;0;;
MUE;18.04.2009 00:00;0;;
MUE;19.04.2009 00:00;6.5;;
MUE;20.04.2009 00:00;0;;
MUE;21.04.2009 00:00;4.2;;
MUE;22.04.2009 00:00;0;;
MUE;23.04.2009 00:00;0;;
MUE;24.04.2009 00:00;0;;
MUE;25.04.2009 00:00;0;;
MUE;26.04.2009 00:00;0;;
MUE;27.04.2009 00:00;49;;
MUE;28.04.2009 00:00;23.8;;
MUE;29.04.2009 00:00;7.2;;
MUE;30.04.2009 00:00;0;;
MUE;01.05.2009 00:00;0;;
MUE;02.05.2009 00:00;0;;
MUE;03.05.2009 00:00;10.7;;
MUE;04.05.2009 00:00;4.2;;
MUE;05.05.2009 00:00;0;;
MUE;06.05.2009 00:00;0;;
MUE;07.05.2009 00:00;0;;
MUE;08.05.2009 00:00;3.6;;
MUE;09.05.2009 00:00;0.3;;
MUE;10.05.2009 00:00;0;;
MUE;11.05.2009 00:00;0;;
MUE;12.05.2009 00:00;1.5;;
MUE;13.05.2009 00:00;1.1;;
MUE;14.05.2009 00:00;0.3;;
MUE;15.05.2009 00:00;7.3;;
MUE;16.05.2009 00:00;0;;
MUE;17.05.2009 00:00;3.5;;
MUE;18.05.2009 00:00;0.6;;
MUE;19.05.2009 00:00;0;;
MUE;20.05.2009 00:00;0;;
MUE;21.05.2009 00:00;3.4;;
MUE;22.05.2009 00:00;0;;
MUE;23.05.2009 00:00;0.9;;
MUE;24.05.2009 00:00;0;;
MUE;25.05.2009 00:00;0;;
MUE;26.05.2009 00:00;35.2;;
MUE;27.05.2009 00:00;0;;
MUE;28.05.2009 00:00;0;;
MUE;29.05.2009 00:00;0;;
MUE;30.05.2009 00:00;1.9;;
MUE;31.05.2009 00:00;0.3;;
MUE;01.06.2009 00:00;0;;
MUE;02.06.2009 00:00;0;;
MUE;03.06.2009 00:00;0;;
MUE;04.06.2009 00:00;0;;
MUE;05.06.2009 00:00;1.7;;
MUE;06.06.2009 00:00;4.1;;
MUE;07.06.2009 00:00;0;;
MUE;08.06.2009 00:00;0;;
MUE;09.06.2009 00:00;11.1;;
MUE;10.06.2009 00:00;3.9;;
MUE;11.06.2009 00:00;0.5;;
MUE;12.06.2009 00:00;0;;
MUE;13.06.2009 00:00;0;;
MUE;14.06.2009 00:00;13.5;;
MUE;15.06.2009 00:00;10.3;;
MUE;16.06.2009 00:00;2.6;;
MUE;17.06.2009 00:00;0;;
MUE;18.06.2009 00:00;9.8;;
MUE;19.06.2009 00:00;31.9;;
MUE;20.06.2009 00:00;11.4;;
MUE;21.06.2009 00:00;17.8;;
MUE;22.06.2009 00:00;4.8;;
MUE;23.06.2009 00:00;0.2;;
MUE;24.06.2009 00:00;0;;
MUE;25.06.2009 00:00;13.2;;
MUE;26.06.2009 00:00;15.4;;
MUE;27.06.2009 00:00;0.8;;
MUE;28.06.2009 00:00;0.3;;
MUE;29.06.2009 00:00;0;;
MUE;30.06.2009 00:00;0.8;;
MUE;01.07.2009 00:00;0.2;;
MUE;02.07.2009 00:00;0.3;;
MUE;03.07.2009 00:00;3.1;;
MUE;04.07.2009 00:00;15.3;;
MUE;05.07.2009 00:00;19.2;;
MUE;06.07.2009 00:00;1.7;;
MUE;07.07.2009 00:00;21.2;;
MUE;08.07.2009 00:00;0.7;;
MUE;09.07.2009 00:00;3;;
MUE;10.07.2009 00:00;0;;
MUE;11.07.2009 00:00;0;;
MUE;12.07.2009 00:00;0;;
MUE;13.07.2009 00:00;0;;
MUE;14.07.2009 00:00;1.6;;
MUE;15.07.2009 00:00;4;;
MUE;16.07.2009 00:00;4.7;;
MUE;17.07.2009 00:00;57;;
MUE;18.07.2009 00:00;27.8;;
MUE;19.07.2009 00:00;0;;
MUE;20.07.2009 00:00;0;;
MUE;21.07.2009 00:00;0;;
MUE;22.07.2009 00:00;0;;
MUE;23.07.2009 00:00;20;;
MUE;24.07.2009 00:00;22.9;;
MUE;25.07.2009 00:00;0;;
MUE;26.07.2009 00:00;0;;
MUE;27.07.2009 00:00;20;;
MUE;28.07.2009 00:00;0;;
MUE;29.07.2009 00:00;0;;
MUE;30.07.2009 00:00;0;;
MUE;31.07.2009 00:00;0;;
MUE;01.08.2009 00:00;0;;
MUE;02.08.2009 00:00;22.2;;
MUE;03.08.2009 00:00;19.8;;
MUE;04.08.2009 00:00;0;;
MUE;05.08.2009 00:00;0;;
MUE;06.08.2009 00:00;0;;
MUE;07.08.2009 00:00;2.2;;
MUE;08.08.2009 00:00;2.3;;
MUE;09.08.2009 00:00;18.5;;
MUE;10.08.2009 00:00;13.6;;
MUE;11.08.2009 00:00;0;;
MUE;12.08.2009 00:00;0;;
MUE;13.08.2009 00:00;0;;
MUE;14.08.2009 00:00;0;;
MUE;15.08.2009 00:00;0;;
MUE;16.08.2009 00:00;0;;
MUE;17.08.2009 00:00;0;;
MUE;18.08.2009 00:00;0;;
MUE;19.08.2009 00:00;0;;
MUE;20.08.2009 00:00;10;;
MUE;21.08.2009 00:00;0.5;;
MUE;22.08.2009 00:00;0;;
MUE;23.08.2009 00:00;0;;
MUE;24.08.2009 00:00;3.3;;
MUE;25.08.2009 00:00;25.4;;
MUE;26.08.2009 00:00;3.8;;
MUE;27.08.2009 00:00;0;;
MUE;28.08.2009 00:00;0;;
MUE;29.08.2009 00:00;2.9;;
MUE;30.08.2009 00:00;0;;
MUE;31.08.2009 00:00;0;;
MUE;01.09.2009 00:00;12.9;;
MUE;02.09.2009 00:00;15.6;;
MUE;03.09.2009 00:00;0.5;;
MUE;04.09.2009 00:00;11.5;;
MUE;05.09.2009 00:00;0;;
MUE;06.09.2009 00:00;0;;
MUE;07.09.2009 00:00;0;;
MUE;08.09.2009 00:00;0;;
MUE;09.09.2009 00:00;0;;
MUE;10.09.2009 00:00;0;;
MUE;11.09.2009 00:00;0;;
MUE;12.09.2009 00:00;0;;
MUE;13.09.2009 00:00;0;;
MUE;14.09.2009 00:00;1.8;;
MUE;15.09.2009 00:00;0;;
MUE;16.09.2009 00:00;2.9;;
MUE;17.09.2009 00:00;0;;
MUE;18.09.2009 00:00;0;;
MUE;19.09.2009 00:00;0;;
MUE;20.09.2009 00:00;0;;
MUE;21.09.2009 00:00;0;;
MUE;22.09.2009 00:00;0;;
MUE;23.09.2009 00:00;0;;
MUE;24.09.2009 00:00;0;;
MUE;25.09.2009 00:00;0;;
MUE;26.09.2009 00:00;2.3;;
MUE;27.09.2009 00:00;0.6;;
MUE;28.09.2009 00:00;0;;
MUE;29.09.2009 00:00;0;;
MUE;30.09.2009 00:00;0;;
MUE;01.10.2009 00:00;0.1;;
MUE;02.10.2009 00:00;0;;
MUE;03.10.2009 00:00;0;;
MUE;04.10.2009 00:00;0;;
MUE;05.10.2009 00:00;0.8;;
MUE;06.10.2009 00:00;0;;
MUE;07.10.2009 00:00;0;;
MUE;08.10.2009 00:00;3.9;;
MUE;09.10.2009 00:00;4.4;;
MUE;10.10.2009 00:00;9.4;;
MUE;11.10.2009 00:00;8.8;;
MUE;12.10.2009 00:00;26.5;;
MUE;13.10.2009 00:00;0;;
MUE;14.10.2009 00:00;0;;
MUE;15.10.2009 00:00;0;;
MUE;16.10.2009 00:00;6.4;;
MUE;17.10.2009 00:00;7.5;;
MUE;18.10.2009 00:00;0;;
MUE;19.10.2009 00:00;0;;
MUE;20.10.2009 00:00;0;;
MUE;21.10.2009 00:00;0;;
MUE;22.10.2009 00:00;0;;
MUE;23.10.2009 00:00;7.1;;
MUE;24.10.2009 00:00;0;;
MUE;25.10.2009 00:00;0;;
MUE;26.10.2009 00:00;0;;
MUE;27.10.2009 00:00;0;;
MUE;28.10.2009 00:00;0;;
MUE;29.10.2009 00:00;0;;
MUE;30.10.2009 00:00;0;;
MUE;31.10.2009 00:00;0;;
MUE;01.11.2009 00:00;0;;
MUE;02.11.2009 00:00;22.6;;
MUE;03.11.2009 00:00;7.1;;
MUE;04.11.2009 00:00;4;;
MUE;05.11.2009 00:00;0;;
MUE;06.11.2009 00:00;0;;
MUE;07.11.2009 00:00;3.7;;
MUE;08.11.2009 00:00;5.1;;
MUE;09.11.2009 00:00;5.2;;
MUE;10.11.2009 00:00;0;;
MUE;11.11.2009 00:00;0;;
MUE;12.11.2009 00:00;7.8;;
MUE;13.11.2009 00:00;0;;
MUE;14.11.2009 00:00;3.5;;
MUE;15.11.2009 00:00;0;;
MUE;16.11.2009 00:00;0.2;;
MUE;17.11.2009 00:00;8.2;;
MUE;18.11.2009 00:00;0;;
MUE;19.11.2009 00:00;0;;
MUE;20.11.2009 00:00;0;;
MUE;21.11.2009 00:00;0;;
MUE;22.11.2009 00:00;3.5;;
MUE;23.11.2009 00:00;10.1;;
MUE;24.11.2009 00:00;2.6;;
MUE;25.11.2009 00:00;0;;
MUE;26.11.2009 00:00;0;;
MUE;27.11.2009 00:00;0;;
MUE;28.11.2009 00:00;0;;
MUE;29.11.2009 00:00;0;;
MUE;30.11.2009 00:00;48.5;;
MUE;01.12.2009 00:00;10;;
MUE;02.12.2009 00:00;0;;
MUE;03.12.2009 00:00;6.7;;
MUE;04.12.2009 00:00;0;;
MUE;05.12.2009 00:00;0;;
MUE;06.12.2009 00:00;2.8;;
MUE;07.12.2009 00:00;20;;
MUE;08.12.2009 00:00;0;;
MUE;09.12.2009 00:00;0;;
MUE;10.12.2009 00:00;0.7;;
MUE;11.12.2009 00:00;8.5;;
MUE;12.12.2009 00:00;0;;
MUE;13.12.2009 00:00;0.4;;
MUE;14.12.2009 00:00;0;;
MUE;15.12.2009 00:00;0.6;;
MUE;16.12.2009 00:00;0;;
MUE;17.12.2009 00:00;0;;
MUE;18.12.2009 00:00;5.3;;
MUE;19.12.2009 00:00;1.8;;
MUE;20.12.2009 00:00;6.1;;
MUE;21.12.2009 00:00;0;;
MUE;22.12.2009 00:00;1.8;;
MUE;23.12.2009 00:00;3;;
MUE;24.12.2009 00:00;9.9;;
MUE;25.12.2009 00:00;1.9;;
MUE;26.12.2009 00:00;0;;
MUE;27.12.2009 00:00;0;;
MUE;28.12.2009 00:00;5.3;;
MUE;29.12.2009 00:00;3.4;;
MUE;30.12.2009 00:00;12.1;;
MUE;31.12.2009 00:00;1.8;;
MUE;01.01.2010 00:00;12.8;;
MUE;02.01.2010 00:00;2.2;;
MUE;03.01.2010 00:00;0.4;;
MUE;04.01.2010 00:00;2.2;;
MUE;05.01.2010 00:00;0;;
MUE;06.01.2010 00:00;0;;
MUE;07.01.2010 00:00;0.6;;
MUE;08.01.2010 00:00;0.5;;
MUE;09.01.2010 00:00;1.4;;
MUE;10.01.2010 00:00;0;;
MUE;11.01.2010 00:00;0;;
MUE;12.01.2010 00:00;0;;
MUE;13.01.2010 00:00;2.4;;
MUE;14.01.2010 00:00;0;;
MUE;15.01.2010 00:00;0;;
MUE;16.01.2010 00:00;1.5;;
MUE;17.01.2010 00:00;1.1;;
MUE;18.01.2010 00:00;0;;
MUE;19.01.2010 00:00;0;;
MUE;20.01.2010 00:00;3.8;;
MUE;21.01.2010 00:00;0;;
MUE;22.01.2010 00:00;0;;
MUE;23.01.2010 00:00;0;;
MUE;24.01.2010 00:00;0;;
MUE;25.01.2010 00:00;0;;
MUE;26.01.2010 00:00;4.5;;
MUE;27.01.2010 00:00;3.5;;
MUE;28.01.2010 00:00;9.7;;
MUE;29.01.2010 00:00;13.5;;
MUE;30.01.2010 00:00;3.9;;
MUE;31.01.2010 00:00;0.7;;
MUE;01.02.2010 00:00;5.2;;
MUE;02.02.2010 00:00;0;;
MUE;03.02.2010 00:00;0;;
MUE;04.02.2010 00:00;0;;
MUE;05.02.2010 00:00;18;;
MUE;06.02.2010 00:00;0;;
MUE;07.02.2010 00:00;0;;
MUE;08.02.2010 00:00;0;;
MUE;09.02.2010 00:00;3.5;;
MUE;10.02.2010 00:00;6.8;;
MUE;11.02.2010 00:00;1.6;;
MUE;12.02.2010 00:00;0;;
MUE;13.02.2010 00:00;0;;
MUE;14.02.2010 00:00;0;;
MUE;15.02.2010 00:00;0;;
MUE;16.02.2010 00:00;0;;
MUE;17.02.2010 00:00;0;;
MUE;18.02.2010 00:00;0;;
MUE;19.02.2010 00:00;9.1;;
MUE;20.02.2010 00:00;0;;
MUE;21.02.2010 00:00;0;;
MUE;22.02.2010 00:00;0;;
MUE;23.02.2010 00:00;1.7;;
MUE;24.02.2010 00:00;6.6;;
MUE;25.02.2010 00:00;6.2;;
MUE;26.02.2010 00:00;0;;
MUE;27.02.2010 00:00;0;;
MUE;28.02.2010 00:00;0;;
MUE;01.03.2010 00:00;0.5;;
MUE;02.03.2010 00:00;0;;
MUE;03.03.2010 00:00;0;;
MUE;04.03.2010 00:00;2.2;;
MUE;05.03.2010 00:00;0;;
MUE;06.03.2010 00:00;8.3;;
MUE;07.03.2010 00:00;0;;
MUE;08.03.2010 00:00;0.9;;
MUE;09.03.2010 00:00;1.5;;
MUE;10.03.2010 00:00;1.2;;
MUE;11.03.2010 00:00;1.1;;
MUE;12.03.2010 00:00;0;;
MUE;13.03.2010 00:00;0;;
MUE;14.03.2010 00:00;0.5;;
MUE;15.03.2010 00:00;0;;
MUE;16.03.2010 00:00;1.2;;
MUE;17.03.2010 00:00;0;;
MUE;18.03.2010 00:00;0;;
MUE;19.03.2010 00:00;0;;
MUE;20.03.2010 00:00;1;;
MUE;21.03.2010 00:00;9.7;;
MUE;22.03.2010 00:00;0;;
MUE;23.03.2010 00:00;0;;
MUE;24.03.2010 00:00;0;;
MUE;25.03.2010 00:00;0;;
MUE;26.03.2010 00:00;12.4;;
MUE;27.03.2010 00:00;7.8;;
MUE;28.03.2010 00:00;4.7;;
MUE;29.03.2010 00:00;0;;
MUE;30.03.2010 00:00;3.2;;
MUE;31.03.2010 00:00;2.5;;
MUE;01.04.2010 00:00;2;;
MUE;02.04.2010 00:00;0;;
MUE;03.04.2010 00:00;4.8;;
MUE;04.04.2010 00:00;9.5;;
MUE;05.04.2010 00:00;0;;
MUE;06.04.2010 00:00;0;;
MUE;07.04.2010 00:00;0;;
MUE;08.04.2010 00:00;0;;
MUE;09.04.2010 00:00;0;;
MUE;10.04.2010 00:00;0;;
MUE;11.04.2010 00:00;0.1;;
MUE;12.04.2010 00:00;0;;
MUE;13.04.2010 00:00;0;;
MUE;14.04.2010 00:00;0;;
MUE;15.04.2010 00:00;0.1;;
MUE;16.04.2010 00:00;0;;
MUE;17.04.2010 00:00;0;;
MUE;18.04.2010 00:00;4.8;;
MUE;19.04.2010 00:00;0;;
MUE;20.04.2010 00:00;0;;
MUE;21.04.2010 00:00;0;;
MUE;22.04.2010 00:00;0;;
MUE;23.04.2010 00:00;0;;
MUE;24.04.2010 00:00;0;;
MUE;25.04.2010 00:00;0.8;;
MUE;26.04.2010 00:00;9;;
MUE;27.04.2010 00:00;0;;
MUE;28.04.2010 00:00;0;;
MUE;29.04.2010 00:00;0;;
MUE;30.04.2010 00:00;8;;
MUE;01.05.2010 00:00;13;;
MUE;02.05.2010 00:00;21.2;;
MUE;03.05.2010 00:00;9.1;;
MUE;04.05.2010 00:00;6.2;;
MUE;05.05.2010 00:00;27.5;;
MUE;06.05.2010 00:00;3.7;;
MUE;07.05.2010 00:00;1.7;;
MUE;08.05.2010 00:00;9.2;;
MUE;09.05.2010 00:00;7.4;;
MUE;10.05.2010 00:00;4.4;;
MUE;11.05.2010 00:00;8.4;;
MUE;12.05.2010 00:00;9.7;;
MUE;13.05.2010 00:00;10.5;;
MUE;14.05.2010 00:00;13.8;;
MUE;15.05.2010 00:00;10.1;;
MUE;16.05.2010 00:00;2.5;;
MUE;17.05.2010 00:00;1.1;;
MUE;18.05.2010 00:00;0.2;;
MUE;19.05.2010 00:00;0.8;;
MUE;20.05.2010 00:00;0.4;;
MUE;21.05.2010 00:00;0;;
MUE;22.05.2010 00:00;0;;
MUE;23.05.2010 00:00;0;;
MUE;24.05.2010 00:00;0;;
MUE;25.05.2010 00:00;0;;
MUE;26.05.2010 00:00;5.9;;
MUE;27.05.2010 00:00;3.5;;
MUE;28.05.2010 00:00;4.9;;
MUE;29.05.2010 00:00;11.1;;
MUE;30.05.2010 00:00;47.9;;
MUE;31.05.2010 00:00;2.8;;
MUE;01.06.2010 00:00;12.4;;
MUE;02.06.2010 00:00;2.9;;
MUE;03.06.2010 00:00;0;;
MUE;04.06.2010 00:00;0;;
MUE;05.06.2010 00:00;0;;
MUE;06.06.2010 00:00;8.6;;
MUE;07.06.2010 00:00;0;;
MUE;08.06.2010 00:00;3.3;;
MUE;09.06.2010 00:00;0;;
MUE;10.06.2010 00:00;0;;
MUE;11.06.2010 00:00;1.6;;
MUE;12.06.2010 00:00;4.8;;
MUE;13.06.2010 00:00;28;;
MUE;14.06.2010 00:00;1;;
MUE;15.06.2010 00:00;0;;
MUE;16.06.2010 00:00;8.7;;
MUE;17.06.2010 00:00;5.6;;
MUE;18.06.2010 00:00;5.7;;
MUE;19.06.2010 00:00;16.4;;
MUE;20.06.2010 00:00;8.5;;
MUE;21.06.2010 00:00;5.5;;
MUE;22.06.2010 00:00;0;;
MUE;23.06.2010 00:00;0;;
MUE;24.06.2010 00:00;0;;
MUE;25.06.2010 00:00;0;;
MUE;26.06.2010 00:00;0;;
MUE;27.06.2010 00:00;0;;
MUE;28.06.2010 00:00;0;;
MUE;29.06.2010 00:00;10.5;;
MUE;30.06.2010 00:00;0.1;;
MUE;01.07.2010 00:00;2.2;;
MUE;02.07.2010 00:00;8.6;;
MUE;03.07.2010 00:00;14.8;;
MUE;04.07.2010 00:00;4.2;;
MUE;05.07.2010 00:00;0;;
MUE;06.07.2010 00:00;0;;
MUE;07.07.2010 00:00;0;;
MUE;08.07.2010 00:00;0;;
MUE;09.07.2010 00:00;0;;
MUE;10.07.2010 00:00;12.5;;
MUE;11.07.2010 00:00;10.7;;
MUE;12.07.2010 00:00;4.5;;
MUE;13.07.2010 00:00;0;;
MUE;14.07.2010 00:00;3;;
MUE;15.07.2010 00:00;0;;
MUE;16.07.2010 00:00;17.2;;
MUE;17.07.2010 00:00;17.3;;
MUE;18.07.2010 00:00;0;;
MUE;19.07.2010 00:00;0;;
MUE;20.07.2010 00:00;0;;
MUE;21.07.2010 00:00;5.6;;
MUE;22.07.2010 00:00;14.4;;
MUE;23.07.2010 00:00;28.9;;
MUE;24.07.2010 00:00;3;;
MUE;25.07.2010 00:00;0;;
MUE;26.07.2010 00:00;13.7;;
MUE;27.07.2010 00:00;0;;
MUE;28.07.2010 00:00;8.8;;
MUE;29.07.2010 00:00;32.7;;
MUE;30.07.2010 00:00;10.4;;
MUE;31.07.2010 00:00;0;;
MUE;01.08.2010 00:00;12.7;;
MUE;02.08.2010 00:00;16.1;;
MUE;03.08.2010 00:00;8.9;;
MUE;04.08.2010 00:00;8.1;;
MUE;05.08.2010 00:00;24;;
MUE;06.08.2010 00:00;3;;
MUE;07.08.2010 00:00;0;;
MUE;08.08.2010 00:00;0;;
MUE;09.08.2010 00:00;0;;
MUE;10.08.2010 00:00;0;;
MUE;11.08.2010 00:00;14.9;;
MUE;12.08.2010 00:00;6;;
MUE;13.08.2010 00:00;0;;
MUE;14.08.2010 00:00;21.2;;
MUE;15.08.2010 00:00;14.2;;
MUE;16.08.2010 00:00;6.7;;
MUE;17.08.2010 00:00;0;;
MUE;18.08.2010 00:00;6.2;;
MUE;19.08.2010 00:00;0;;
MUE;20.08.2010 00:00;2.1;;
MUE;21.08.2010 00:00;0;;
MUE;22.08.2010 00:00;0;;
MUE;23.08.2010 00:00;13.6;;
MUE;24.08.2010 00:00;0;;
MUE;25.08.2010 00:00;0;;
MUE;26.08.2010 00:00;0;;
MUE;27.08.2010 00:00;29.5;;
MUE;28.08.2010 00:00;24.6;;
MUE;29.08.2010 00:00;5;;
MUE;30.08.2010 00:00;14.1;;
MUE;31.08.2010 00:00;0;;
MUE;01.09.2010 00:00;0;;
MUE;02.09.2010 00:00;0;;
MUE;03.09.2010 00:00;0;;
MUE;04.09.2010 00:00;0;;
MUE;05.09.2010 00:00;0;;
MUE;06.09.2010 00:00;0;;
MUE;07.09.2010 00:00;0;;
MUE;08.09.2010 00:00;8.2;;
MUE;09.09.2010 00:00;8.4;;
MUE;10.09.2010 00:00;0;;
MUE;11.09.2010 00:00;0;;
MUE;12.09.2010 00:00;40.5;;
MUE;13.09.2010 00:00;0;;
MUE;14.09.2010 00:00;0;;
MUE;15.09.2010 00:00;3.3;;
MUE;16.09.2010 00:00;4.1;;
MUE;17.09.2010 00:00;3.7;;
MUE;18.09.2010 00:00;0;;
MUE;19.09.2010 00:00;0;;
MUE;20.09.2010 00:00;0;;
MUE;21.09.2010 00:00;0;;
MUE;22.09.2010 00:00;0;;
MUE;23.09.2010 00:00;0;;
MUE;24.09.2010 00:00;15.7;;
MUE;25.09.2010 00:00;35.2;;
MUE;26.09.2010 00:00;2.3;;
MUE;27.09.2010 00:00;2.1;;
MUE;28.09.2010 00:00;0;;
MUE;29.09.2010 00:00;0;;
MUE;30.09.2010 00:00;6.6;;
MUE;01.10.2010 00:00;0;;
MUE;02.10.2010 00:00;0;;
MUE;03.10.2010 00:00;0;;
MUE;04.10.2010 00:00;4.5;;
MUE;05.10.2010 00:00;5.7;;
MUE;06.10.2010 00:00;0;;
MUE;07.10.2010 00:00;0;;
MUE;08.10.2010 00:00;0;;
MUE;09.10.2010 00:00;0;;
MUE;10.10.2010 00:00;0;;
MUE;11.10.2010 00:00;0;;
MUE;12.10.2010 00:00;0;;
MUE;13.10.2010 00:00;0;;
MUE;14.10.2010 00:00;0;;
MUE;15.10.2010 00:00;0;;
MUE;16.10.2010 00:00;11.9;;
MUE;17.10.2010 00:00;5.5;;
MUE;18.10.2010 00:00;2.3;;
MUE;19.10.2010 00:00;1.9;;
MUE;20.10.2010 00:00;7.2;;
MUE;21.10.2010 00:00;0;;
MUE;22.10.2010 00:00;0;;
MUE;23.10.2010 00:00;0;;
MUE;24.10.2010 00:00;24.4;;
MUE;25.10.2010 00:00;2;;
MUE;26.10.2010 00:00;0;;
MUE;27.10.2010 00:00;0;;
MUE;28.10.2010 00:00;0;;
MUE;29.10.2010 00:00;0;;
MUE;30.10.2010 00:00;0;;
MUE;31.10.2010 00:00;0;;
MUE;01.11.2010 00:00;0;;
MUE;02.11.2010 00:00;0;;
MUE;03.11.2010 00:00;0;;
MUE;04.11.2010 00:00;0;;
MUE;05.11.2010 00:00;0;;
MUE;06.11.2010 00:00;0;;
MUE;07.11.2010 00:00;6.6;;
MUE;08.11.2010 00:00;0;;
MUE;09.11.2010 00:00;0;;
MUE;10.11.2010 00:00;9.5;;
MUE;11.11.2010 00:00;13.8;;
MUE;12.11.2010 00:00;13.2;;
MUE;13.11.2010 00:00;0;;
MUE;14.11.2010 00:00;0;;
MUE;15.11.2010 00:00;38.3;;
MUE;16.11.2010 00:00;7.7;;
MUE;17.11.2010 00:00;0;;
MUE;18.11.2010 00:00;4.6;;
MUE;19.11.2010 00:00;0;;
MUE;20.11.2010 00:00;0;;
MUE;21.11.2010 00:00;8.6;;
MUE;22.11.2010 00:00;16.8;;
MUE;23.11.2010 00:00;6.7;;
MUE;24.11.2010 00:00;0.2;;
MUE;25.11.2010 00:00;7.3;;
MUE;26.11.2010 00:00;2;;
MUE;27.11.2010 00:00;0;;
MUE;28.11.2010 00:00;0;;
MUE;29.11.2010 00:00;0;;
MUE;30.11.2010 00:00;0;;
MUE;01.12.2010 00:00;6.1;;
MUE;02.12.2010 00:00;0;;
MUE;03.12.2010 00:00;1.1;;
MUE;04.12.2010 00:00;0;;
MUE;05.12.2010 00:00;2.4;;
MUE;06.12.2010 00:00;8.9;;
MUE;07.12.2010 00:00;0;;
MUE;08.12.2010 00:00;15.8;;
MUE;09.12.2010 00:00;0;;
MUE;10.12.2010 00:00;1.3;;
MUE;11.12.2010 00:00;0;;
MUE;12.12.2010 00:00;0.6;;
MUE;13.12.2010 00:00;1.1;;
MUE;14.12.2010 00:00;3.2;;
MUE;15.12.2010 00:00;0;;
MUE;16.12.2010 00:00;1.4;;
MUE;17.12.2010 00:00;6.2;;
MUE;18.12.2010 00:00;0;;
MUE;19.12.2010 00:00;0;;
MUE;20.12.2010 00:00;0;;
MUE;21.12.2010 00:00;0;;
MUE;22.12.2010 00:00;0;;
MUE;23.12.2010 00:00;17.8;;
MUE;24.12.2010 00:00;12.5;;
MUE;25.12.2010 00:00;3;;
MUE;26.12.2010 00:00;0;;
MUE;27.12.2010 00:00;0;;
MUE;28.12.2010 00:00;7.6;;
MUE;29.12.2010 00:00;0;;
MUE;30.12.2010 00:00;0;;
MUE;31.12.2010 00:00;0;;
MUE;01.01.2011 00:00;0;;
MUE;02.01.2011 00:00;0;;
MUE;03.01.2011 00:00;0;;
MUE;04.01.2011 00:00;0;;
MUE;05.01.2011 00:00;0;;
MUE;06.01.2011 00:00;2.9;;
MUE;07.01.2011 00:00;0.1;;
MUE;08.01.2011 00:00;0;;
MUE;09.01.2011 00:00;5.7;;
MUE;10.01.2011 00:00;0;;
MUE;11.01.2011 00:00;2.6;;
MUE;12.01.2011 00:00;26.5;;
MUE;13.01.2011 00:00;0;;
MUE;14.01.2011 00:00;0;;
MUE;15.01.2011 00:00;0;;
MUE;16.01.2011 00:00;0;;
MUE;17.01.2011 00:00;0;;
MUE;18.01.2011 00:00;1.1;;
MUE;19.01.2011 00:00;8.9;;
MUE;20.01.2011 00:00;3;;
MUE;21.01.2011 00:00;1.5;;
MUE;22.01.2011 00:00;0;;
MUE;23.01.2011 00:00;0;;
MUE;24.01.2011 00:00;0;;
MUE;25.01.2011 00:00;0;;
MUE;26.01.2011 00:00;0;;
MUE;27.01.2011 00:00;0;;
MUE;28.01.2011 00:00;0;;
MUE;29.01.2011 00:00;0;;
MUE;30.01.2011 00:00;0;;
MUE;31.01.2011 00:00;0;;
MUE;01.02.2011 00:00;0;;
MUE;02.02.2011 00:00;0;;
MUE;03.02.2011 00:00;0;;
MUE;04.02.2011 00:00;0;;
MUE;05.02.2011 00:00;0;;
MUE;06.02.2011 00:00;0;;
MUE;07.02.2011 00:00;0;;
MUE;08.02.2011 00:00;0;;
MUE;09.02.2011 00:00;0;;
MUE;10.02.2011 00:00;0;;
MUE;11.02.2011 00:00;0;;
MUE;12.02.2011 00:00;0;;
MUE;13.02.2011 00:00;0;;
MUE;14.02.2011 00:00;0;;
MUE;15.02.2011 00:00;1;;
MUE;16.02.2011 00:00;0;;
MUE;17.02.2011 00:00;0;;
MUE;18.02.2011 00:00;0;;
MUE;19.02.2011 00:00;1.4;;
MUE;20.02.2011 00:00;13.9;;
MUE;21.02.2011 00:00;1;;
MUE;22.02.2011 00:00;0.4;;
MUE;23.02.2011 00:00;0;;
MUE;24.02.2011 00:00;14.5;;
MUE;25.02.2011 00:00;0;;
MUE;26.02.2011 00:00;5;;
MUE;27.02.2011 00:00;17.4;;
MUE;28.02.2011 00:00;0;;
MUE;01.03.2011 00:00;0;;
MUE;02.03.2011 00:00;0;;
MUE;03.03.2011 00:00;0;;
MUE;04.03.2011 00:00;0;;
MUE;05.03.2011 00:00;0;;
MUE;06.03.2011 00:00;0;;
MUE;07.03.2011 00:00;0;;
MUE;08.03.2011 00:00;0;;
MUE;09.03.2011 00:00;0;;
MUE;10.03.2011 00:00;0;;
MUE;11.03.2011 00:00;0;;
MUE;12.03.2011 00:00;0;;
MUE;13.03.2011 00:00;0;;
MUE;14.03.2011 00:00;0;;
MUE;15.03.2011 00:00;0;;
MUE;16.03.2011 00:00;4.9;;
MUE;17.03.2011 00:00;14;;
MUE;18.03.2011 00:00;4.5;;
MUE;19.03.2011 00:00;8.6;;
MUE;20.03.2011 00:00;0;;
MUE;21.03.2011 00:00;0;;
MUE;22.03.2011 00:00;0;;
MUE;23.03.2011 00:00;0;;
MUE;24.03.2011 00:00;0;;
MUE;25.03.2011 00:00;0;;
MUE;26.03.2011 00:00;0;;
MUE;27.03.2011 00:00;1.2;;
MUE;28.03.2011 00:00;1.5;;
MUE;29.03.2011 00:00;0;;
MUE;30.03.2011 00:00;3.6;;
MUE;31.03.2011 00:00;5;;
MUE;01.04.2011 00:00;0;;
MUE;02.04.2011 00:00;0;;
MUE;03.04.2011 00:00;9.8;;
MUE;04.04.2011 00:00;12.3;;
MUE;05.04.2011 00:00;0;;
MUE;06.04.2011 00:00;0;;
MUE;07.04.2011 00:00;0;;
MUE;08.04.2011 00:00;0;;
MUE;09.04.2011 00:00;0;;
MUE;10.04.2011 00:00;0;;
MUE;11.04.2011 00:00;0;;
MUE;12.04.2011 00:00;21;;
MUE;13.04.2011 00:00;0;;
MUE;14.04.2011 00:00;4.4;;
MUE;15.04.2011 00:00;0;;
MUE;16.04.2011 00:00;0;;
MUE;17.04.2011 00:00;0;;
MUE;18.04.2011 00:00;0;;
MUE;19.04.2011 00:00;0;;
MUE;20.04.2011 00:00;0;;
MUE;21.04.2011 00:00;0;;
MUE;22.04.2011 00:00;0;;
MUE;23.04.2011 00:00;0;;
MUE;24.04.2011 00:00;0;;
MUE;25.04.2011 00:00;0;;
MUE;26.04.2011 00:00;0;;
MUE;27.04.2011 00:00;5.6;;
MUE;28.04.2011 00:00;0;;
MUE;29.04.2011 00:00;0;;
MUE;30.04.2011 00:00;2.1;;
MUE;01.05.2011 00:00;0;;
MUE;02.05.2011 00:00;6.1;;
MUE;03.05.2011 00:00;11.6;;
MUE;04.05.2011 00:00;0;;
MUE;05.05.2011 00:00;0;;
MUE;06.05.2011 00:00;0;;
MUE;07.05.2011 00:00;0;;
MUE;08.05.2011 00:00;0;;
MUE;09.05.2011 00:00;0;;
MUE;10.05.2011 00:00;0;;
MUE;11.05.2011 00:00;8.8;;
MUE;12.05.2011 00:00;11.7;;
MUE;13.05.2011 00:00;4.2;;
MUE;14.05.2011 00:00;31.8;;
MUE;15.05.2011 00:00;16.5;;
MUE;16.05.2011 00:00;0;;
MUE;17.05.2011 00:00;0;;
MUE;18.05.2011 00:00;0;;
MUE;19.05.2011 00:00;0;;
MUE;20.05.2011 00:00;0;;
MUE;21.05.2011 00:00;0.2;;
MUE;22.05.2011 00:00;7.8;;
MUE;23.05.2011 00:00;0;;
MUE;24.05.2011 00:00;0;;
MUE;25.05.2011 00:00;0;;
MUE;26.05.2011 00:00;4.3;;
MUE;27.05.2011 00:00;21.4;;
MUE;28.05.2011 00:00;0;;
MUE;29.05.2011 00:00;0;;
MUE;30.05.2011 00:00;11.5;;
MUE;31.05.2011 00:00;42.3;;
MUE;01.06.2011 00:00;8;;
MUE;02.06.2011 00:00;0;;
MUE;03.06.2011 00:00;0;;
MUE;04.06.2011 00:00;0;;
MUE;05.06.2011 00:00;3;;
MUE;06.06.2011 00:00;6.2;;
MUE;07.06.2011 00:00;9.5;;
MUE;08.06.2011 00:00;10.3;;
MUE;09.06.2011 00:00;3.4;;
MUE;10.06.2011 00:00;7.2;;
MUE;11.06.2011 00:00;6;;
MUE;12.06.2011 00:00;7.9;;
MUE;13.06.2011 00:00;4.4;;
MUE;14.06.2011 00:00;0;;
MUE;15.06.2011 00:00;0;;
MUE;16.06.2011 00:00;13.7;;
MUE;17.06.2011 00:00;9;;
MUE;18.06.2011 00:00;11.6;;
MUE;19.06.2011 00:00;0;;
MUE;20.06.2011 00:00;0;;
MUE;21.06.2011 00:00;1;;
MUE;22.06.2011 00:00;16.5;;
MUE;23.06.2011 00:00;10.1;;
MUE;24.06.2011 00:00;0;;
MUE;25.06.2011 00:00;0;;
MUE;26.06.2011 00:00;0;;
MUE;27.06.2011 00:00;0;;
MUE;28.06.2011 00:00;0;;
MUE;29.06.2011 00:00;37.7;;
MUE;30.06.2011 00:00;1.4;;
MUE;01.07.2011 00:00;0;;
MUE;02.07.2011 00:00;0;;
MUE;03.07.2011 00:00;0;;
MUE;04.07.2011 00:00;0;;
MUE;05.07.2011 00:00;0;;
MUE;06.07.2011 00:00;0.2;;
MUE;07.07.2011 00:00;18.9;;
MUE;08.07.2011 00:00;1.5;;
MUE;09.07.2011 00:00;10.4;;
MUE;10.07.2011 00:00;5.9;;
MUE;11.07.2011 00:00;0;;
MUE;12.07.2011 00:00;9.3;;
MUE;13.07.2011 00:00;20;;
MUE;14.07.2011 00:00;13.4;;
MUE;15.07.2011 00:00;0;;
MUE;16.07.2011 00:00;0;;
MUE;17.07.2011 00:00;17.1;;
MUE;18.07.2011 00:00;0;;
MUE;19.07.2011 00:00;23.6;;
MUE;20.07.2011 00:00;6.5;;
MUE;21.07.2011 00:00;5;;
MUE;22.07.2011 00:00;10.6;;
MUE;23.07.2011 00:00;9.3;;
MUE;24.07.2011 00:00;0;;
MUE;25.07.2011 00:00;0;;
MUE;26.07.2011 00:00;3.8;;
MUE;27.07.2011 00:00;14.8;;
MUE;28.07.2011 00:00;3.7;;
MUE;29.07.2011 00:00;5.3;;
MUE;30.07.2011 00:00;5.9;;
MUE;31.07.2011 00:00;0;;
MUE;01.08.2011 00:00;0;;
MUE;02.08.2011 00:00;0;;
MUE;03.08.2011 00:00;26.5;;
MUE;04.08.2011 00:00;0;;
MUE;05.08.2011 00:00;6.8;;
MUE;06.08.2011 00:00;4.5;;
MUE;07.08.2011 00:00;3.8;;
MUE;08.08.2011 00:00;6.8;;
MUE;09.08.2011 00:00;8.2;;
MUE;10.08.2011 00:00;0;;
MUE;11.08.2011 00:00;0;;
MUE;12.08.2011 00:00;0.5;;
MUE;13.08.2011 00:00;0;;
MUE;14.08.2011 00:00;11.6;;
MUE;15.08.2011 00:00;9.8;;
MUE;16.08.2011 00:00;0;;
MUE;17.08.2011 00:00;0;;
MUE;18.08.2011 00:00;7.1;;
MUE;19.08.2011 00:00;5.4;;
MUE;20.08.2011 00:00;0;;
MUE;21.08.2011 00:00;0;;
MUE;22.08.2011 00:00;0;;
MUE;23.08.2011 00:00;5.5;;
MUE;24.08.2011 00:00;9.4;;
MUE;25.08.2011 00:00;1.8;;
MUE;26.08.2011 00:00;23.3;;
MUE;27.08.2011 00:00;0;;
MUE;28.08.2011 00:00;0;;
MUE;29.08.2011 00:00;0;;
MUE;30.08.2011 00:00;0;;
MUE;31.08.2011 00:00;1.9;;
MUE;01.09.2011 00:00;0.6;;
MUE;02.09.2011 00:00;0;;
MUE;03.09.2011 00:00;1.3;;
MUE;04.09.2011 00:00;25.6;;
MUE;05.09.2011 00:00;10.9;;
MUE;06.09.2011 00:00;0;;
MUE;07.09.2011 00:00;0;;
MUE;08.09.2011 00:00;0;;
MUE;09.09.2011 00:00;0;;
MUE;10.09.2011 00:00;0;;
MUE;11.09.2011 00:00;9.7;;
MUE;12.09.2011 00:00;0;;
MUE;13.09.2011 00:00;0;;
MUE;14.09.2011 00:00;0;;
MUE;15.09.2011 00:00;0;;
MUE;16.09.2011 00:00;2.2;;
MUE;17.09.2011 00:00;6.8;;
MUE;18.09.2011 00:00;12.9;;
MUE;19.09.2011 00:00;14;;
MUE;20.09.2011 00:00;0;;
MUE;21.09.2011 00:00;0;;
MUE;22.09.2011 00:00;0;;
MUE;23.09.2011 00:00;0;;
MUE;24.09.2011 00:00;0;;
MUE;25.09.2011 00:00;0;;
MUE;26.09.2011 00:00;0;;
MUE;27.09.2011 00:00;0;;
MUE;28.09.2011 00:00;0;;
MUE;29.09.2011 00:00;0;;
MUE;30.09.2011 00:00;0;;
MUE;01.10.2011 00:00;0;;
MUE;02.10.2011 00:00;0;;
MUE;03.10.2011 00:00;0;;
MUE;04.10.2011 00:00;0;;
MUE;05.10.2011 00:00;0;;
MUE;06.10.2011 00:00;22.1;;
MUE;07.10.2011 00:00;14.3;;
MUE;08.10.2011 00:00;39.1;;
MUE;09.10.2011 00:00;45.8;;
MUE;10.10.2011 00:00;26.5;;
MUE;11.10.2011 00:00;0;;
MUE;12.10.2011 00:00;0.2;;
MUE;13.10.2011 00:00;0;;
MUE;14.10.2011 00:00;0;;
MUE;15.10.2011 00:00;0;;
MUE;16.10.2011 00:00;0;;
MUE;17.10.2011 00:00;0;;
MUE;18.10.2011 00:00;0;;
MUE;19.10.2011 00:00;13.5;;
MUE;20.10.2011 00:00;0;;
MUE;21.10.2011 00:00;0;;
MUE;22.10.2011 00:00;0;;
MUE;23.10.2011 00:00;0;;
MUE;24.10.2011 00:00;0;;
MUE;25.10.2011 00:00;0;;
MUE;26.10.2011 00:00;0;;
MUE;27.10.2011 00:00;0;;
MUE;28.10.2011 00:00;0;;
MUE;29.10.2011 00:00;0;;
MUE;30.10.2011 00:00;0;;
MUE;31.10.2011 00:00;0;;
MUE;01.11.2011 00:00;0;;
MUE;02.11.2011 00:00;0;;
MUE;03.11.2011 00:00;0;;
MUE;04.11.2011 00:00;0;;
MUE;05.11.2011 00:00;0;;
MUE;06.11.2011 00:00;0;;
MUE;07.11.2011 00:00;0;;
MUE;08.11.2011 00:00;0;;
MUE;09.11.2011 00:00;0;;
MUE;10.11.2011 00:00;0;;
MUE;11.11.2011 00:00;0;;
MUE;12.11.2011 00:00;0;;
MUE;13.11.2011 00:00;0;;
MUE;14.11.2011 00:00;0;;
MUE;15.11.2011 00:00;0;;
MUE;16.11.2011 00:00;0;;
MUE;17.11.2011 00:00;0;;
MUE;18.11.2011 00:00;0;;
MUE;19.11.2011 00:00;0;;
MUE;20.11.2011 00:00;0;;
MUE;21.11.2011 00:00;0;;
MUE;22.11.2011 00:00;0;;
MUE;23.11.2011 00:00;0;;
MUE;24.11.2011 00:00;0;;
MUE;25.11.2011 00:00;0;;
MUE;26.11.2011 00:00;0;;
MUE;27.11.2011 00:00;0;;
MUE;28.11.2011 00:00;0;;
MUE;29.11.2011 00:00;0;;
MUE;30.11.2011 00:00;0;;
MUE;01.12.2011 00:00;0;;
MUE;02.12.2011 00:00;2.3;;
MUE;03.12.2011 00:00;3.8;;
MUE;04.12.2011 00:00;13.2;;
MUE;05.12.2011 00:00;4.8;;
MUE;06.12.2011 00:00;7.4;;
MUE;07.12.2011 00:00;10.3;;
MUE;08.12.2011 00:00;0;;
MUE;09.12.2011 00:00;0;;
MUE;10.12.2011 00:00;0;;
MUE;11.12.2011 00:00;0;;
MUE;12.12.2011 00:00;9.9;;
MUE;13.12.2011 00:00;2.1;;
MUE;14.12.2011 00:00;3.1;;
MUE;15.12.2011 00:00;7.3;;
MUE;16.12.2011 00:00;37.5;;
MUE;17.12.2011 00:00;19.3;;
MUE;18.12.2011 00:00;14.1;;
MUE;19.12.2011 00:00;2.6;;
MUE;20.12.2011 00:00;22.6;;
MUE;21.12.2011 00:00;24.6;;
MUE;22.12.2011 00:00;43.1;;
MUE;23.12.2011 00:00;7.6;;
MUE;24.12.2011 00:00;15.2;;
MUE;25.12.2011 00:00;0;;
MUE;26.12.2011 00:00;0;;
MUE;27.12.2011 00:00;0;;
MUE;28.12.2011 00:00;1.5;;
MUE;29.12.2011 00:00;11.3;;
MUE;30.12.2011 00:00;29.3;;
MUE;31.12.2011 00:00;56.9;;
MUE;01.01.2012 00:00;0;;
MUE;02.01.2012 00:00;15.7;;
MUE;03.01.2012 00:00;7.1;;
MUE;04.01.2012 00:00;5.1;;
MUE;05.01.2012 00:00;31.3;;
MUE;06.01.2012 00:00;13;;
MUE;07.01.2012 00:00;10.5;;
MUE;08.01.2012 00:00;15.7;;
MUE;09.01.2012 00:00;0;;
MUE;10.01.2012 00:00;0;;
MUE;11.01.2012 00:00;0;;
MUE;12.01.2012 00:00;0;;
MUE;13.01.2012 00:00;0;;
MUE;14.01.2012 00:00;0;;
MUE;15.01.2012 00:00;0;;
MUE;16.01.2012 00:00;0;;
MUE;17.01.2012 00:00;0;;
MUE;18.01.2012 00:00;0;;
MUE;19.01.2012 00:00;4.2;;
MUE;20.01.2012 00:00;48;;
MUE;21.01.2012 00:00;7.9;;
MUE;22.01.2012 00:00;0;;
MUE;23.01.2012 00:00;3.1;;
MUE;24.01.2012 00:00;11;;
MUE;25.01.2012 00:00;0;;
MUE;26.01.2012 00:00;0;;
MUE;27.01.2012 00:00;7.1;;
MUE;28.01.2012 00:00;7.1;;
MUE;29.01.2012 00:00;0;;
MUE;30.01.2012 00:00;4.2;;
MUE;31.01.2012 00:00;7.6;;
MUE;01.02.2012 00:00;6.6;;
MUE;02.02.2012 00:00;3;;
MUE;03.02.2012 00:00;1.7;;
MUE;04.02.2012 00:00;0;;
MUE;05.02.2012 00:00;0;;
MUE;06.02.2012 00:00;0;;
MUE;07.02.2012 00:00;0;;
MUE;08.02.2012 00:00;0;;
MUE;09.02.2012 00:00;0;;
MUE;10.02.2012 00:00;2.3;;
MUE;11.02.2012 00:00;2;;
MUE;12.02.2012 00:00;0;;
MUE;13.02.2012 00:00;0;;
MUE;14.02.2012 00:00;1.4;;
MUE;15.02.2012 00:00;13.2;;
MUE;16.02.2012 00:00;0;;
MUE;17.02.2012 00:00;0;;
MUE;18.02.2012 00:00;0;;
MUE;19.02.2012 00:00;11.2;;
MUE;20.02.2012 00:00;0;;
MUE;21.02.2012 00:00;0;;
MUE;22.02.2012 00:00;0;;
MUE;23.02.2012 00:00;0;;
MUE;24.02.2012 00:00;0;;
MUE;25.02.2012 00:00;0;;
MUE;26.02.2012 00:00;0;;
MUE;27.02.2012 00:00;0;;
MUE;28.02.2012 00:00;0;;
MUE;29.02.2012 00:00;0;;
MUE;01.03.2012 00:00;0;;
MUE;02.03.2012 00:00;0;;
MUE;03.03.2012 00:00;0;;
MUE;04.03.2012 00:00;9.8;;
MUE;05.03.2012 00:00;13.4;;
MUE;06.03.2012 00:00;0;;
MUE;07.03.2012 00:00;3.2;;
MUE;08.03.2012 00:00;5.5;;
MUE;09.03.2012 00:00;0;;
MUE;10.03.2012 00:00;0;;
MUE;11.03.2012 00:00;0;;
MUE;12.03.2012 00:00;0;;
MUE;13.03.2012 00:00;0;;
MUE;14.03.2012 00:00;0;;
MUE;15.03.2012 00:00;0;;
MUE;16.03.2012 00:00;0;;
MUE;17.03.2012 00:00;0;;
MUE;18.03.2012 00:00;15.5;;
MUE;19.03.2012 00:00;17.5;;
MUE;20.03.2012 00:00;0;;
MUE;21.03.2012 00:00;0;;
MUE;22.03.2012 00:00;0;;
MUE;23.03.2012 00:00;0;;
MUE;24.03.2012 00:00;0;;
MUE;25.03.2012 00:00;0;;
MUE;26.03.2012 00:00;0;;
MUE;27.03.2012 00:00;0;;
MUE;28.03.2012 00:00;0;;
MUE;29.03.2012 00:00;0;;
MUE;30.03.2012 00:00;0;;
MUE;31.03.2012 00:00;0;;
MUE;01.04.2012 00:00;0;;
MUE;02.04.2012 00:00;0.4;;
MUE;03.04.2012 00:00;0;;
MUE;04.04.2012 00:00;4.5;;
MUE;05.04.2012 00:00;5.4;;
MUE;06.04.2012 00:00;4.4;;
MUE;07.04.2012 00:00;14.7;;
MUE;08.04.2012 00:00;8.8;;
MUE;09.04.2012 00:00;0;;
MUE;10.04.2012 00:00;4.9;;
MUE;11.04.2012 00:00;11.7;;
MUE;12.04.2012 00:00;15.4;;
MUE;13.04.2012 00:00;1.2;;
MUE;14.04.2012 00:00;9.5;;
MUE;15.04.2012 00:00;11;;
MUE;16.04.2012 00:00;23.3;;
MUE;17.04.2012 00:00;0;;
MUE;18.04.2012 00:00;1;;
MUE;19.04.2012 00:00;2.8;;
MUE;20.04.2012 00:00;9.9;;
MUE;21.04.2012 00:00;6.7;;
MUE;22.04.2012 00:00;0.3;;
MUE;23.04.2012 00:00;4.6;;
MUE;24.04.2012 00:00;0;;
MUE;25.04.2012 00:00;0;;
MUE;26.04.2012 00:00;0;;
MUE;27.04.2012 00:00;0;;
MUE;28.04.2012 00:00;0;;
MUE;29.04.2012 00:00;0;;
MUE;30.04.2012 00:00;18.2;;
MUE;01.05.2012 00:00;7.3;;
MUE;02.05.2012 00:00;0.8;;
MUE;03.05.2012 00:00;0;;
MUE;04.05.2012 00:00;12.4;;
MUE;05.05.2012 00:00;17.5;;
MUE;06.05.2012 00:00;4.2;;
MUE;07.05.2012 00:00;0;;
MUE;08.05.2012 00:00;2.8;;
MUE;09.05.2012 00:00;0;;
MUE;10.05.2012 00:00;0;;
MUE;11.05.2012 00:00;1.7;;
MUE;12.05.2012 00:00;16.2;;
MUE;13.05.2012 00:00;0;;
MUE;14.05.2012 00:00;0;;
MUE;15.05.2012 00:00;4.5;;
MUE;16.05.2012 00:00;18.6;;
MUE;17.05.2012 00:00;0;;
MUE;18.05.2012 00:00;0;;
MUE;19.05.2012 00:00;0;;
MUE;20.05.2012 00:00;0;;
MUE;21.05.2012 00:00;26.5;;
MUE;22.05.2012 00:00;4.4;;
MUE;23.05.2012 00:00;1;;
MUE;24.05.2012 00:00;0;;
MUE;25.05.2012 00:00;0;;
MUE;26.05.2012 00:00;0;;
MUE;27.05.2012 00:00;0;;
MUE;28.05.2012 00:00;0;;
MUE;29.05.2012 00:00;0;;
MUE;30.05.2012 00:00;0.4;;
MUE;31.05.2012 00:00;0;;
MUE;01.06.2012 00:00;0;;
MUE;02.06.2012 00:00;0.8;;
MUE;03.06.2012 00:00;34.6;;
MUE;04.06.2012 00:00;6.6;;
MUE;05.06.2012 00:00;0;;
MUE;06.06.2012 00:00;1.4;;
MUE;07.06.2012 00:00;3.5;;
MUE;08.06.2012 00:00;15.3;;
MUE;09.06.2012 00:00;0.4;;
MUE;10.06.2012 00:00;17.1;;
MUE;11.06.2012 00:00;9.4;;
MUE;12.06.2012 00:00;15.4;;
MUE;13.06.2012 00:00;3.5;;
MUE;14.06.2012 00:00;0;;
MUE;15.06.2012 00:00;0;;
MUE;16.06.2012 00:00;0;;
MUE;17.06.2012 00:00;0;;
MUE;18.06.2012 00:00;5.2;;
MUE;19.06.2012 00:00;0;;
MUE;20.06.2012 00:00;6.1;;
MUE;21.06.2012 00:00;18.8;;
MUE;22.06.2012 00:00;0;;
MUE;23.06.2012 00:00;0;;
MUE;24.06.2012 00:00;7.4;;
MUE;25.06.2012 00:00;11.4;;
MUE;26.06.2012 00:00;5.7;;
MUE;27.06.2012 00:00;0;;
MUE;28.06.2012 00:00;0;;
MUE;29.06.2012 00:00;0;;
MUE;30.06.2012 00:00;1.3;;
MUE;01.07.2012 00:00;28.9;0;
MUE;02.07.2012 00:00;15.7;0;0
MUE;03.07.2012 00:00;0;0;0
MUE;04.07.2012 00:00;1.6;0;0
MUE;05.07.2012 00:00;6.6;0;0
MUE;06.07.2012 00:00;16.8;0;0
MUE;07.07.2012 00:00;0;0;0
MUE;08.07.2012 00:00;0;0;0
MUE;09.07.2012 00:00;2;0;0
MUE;10.07.2012 00:00;0.7;0;0
MUE;11.07.2012 00:00;5.9;0;0
MUE;12.07.2012 00:00;0;0;0
MUE;13.07.2012 00:00;8.6;0;0
MUE;14.07.2012 00:00;1.1;0;0
MUE;15.07.2012 00:00;3.1;0;0
MUE;16.07.2012 00:00;0;0;0
MUE;17.07.2012 00:00;0;0;0
MUE;18.07.2012 00:00;0;0;0
MUE;19.07.2012 00:00;0.1;0;0
MUE;20.07.2012 00:00;14.2;0;0
MUE;21.07.2012 00:00;6.9;0;0
MUE;22.07.2012 00:00;0;0;0
MUE;23.07.2012 00:00;0;0;0
MUE;24.07.2012 00:00;1;0;0
MUE;25.07.2012 00:00;0;0;0
MUE;26.07.2012 00:00;0;0;0
MUE;27.07.2012 00:00;8.7;0;0
MUE;28.07.2012 00:00;32.6;0;0
MUE;29.07.2012 00:00;0;0;0
MUE;30.07.2012 00:00;0;0;0
MUE;31.07.2012 00:00;0;0;0
MUE;01.08.2012 00:00;7.9;;0
MUE;02.08.2012 00:00;7.6;;
MUE;03.08.2012 00:00;0;;
MUE;04.08.2012 00:00;19.8;;
MUE;05.08.2012 00:00;4.3;;
MUE;06.08.2012 00:00;15.7;;
MUE;07.08.2012 00:00;0;;
MUE;08.08.2012 00:00;0;;
MUE;09.08.2012 00:00;0;;
MUE;10.08.2012 00:00;0;;
MUE;11.08.2012 00:00;0;;
MUE;12.08.2012 00:00;3.1;;
MUE;13.08.2012 00:00;0.9;;
MUE;14.08.2012 00:00;0;;
MUE;15.08.2012 00:00;4;;
MUE;16.08.2012 00:00;0;;
MUE;17.08.2012 00:00;0;;
MUE;18.08.2012 00:00;0;;
MUE;19.08.2012 00:00;0;;
MUE;20.08.2012 00:00;6.1;;
MUE;21.08.2012 00:00;0;;
MUE;22.08.2012 00:00;3.8;;
MUE;23.08.2012 00:00;5;;
MUE;24.08.2012 00:00;4.7;;
MUE;25.08.2012 00:00;10.9;;
MUE;26.08.2012 00:00;0;;
MUE;27.08.2012 00:00;0;;
MUE;28.08.2012 00:00;1;;
MUE;29.08.2012 00:00;1.9;;
MUE;30.08.2012 00:00;23.1;;
MUE;31.08.2012 00:00;66;5;
MUE;01.09.2012 00:00;5.8;0;5
MUE;02.09.2012 00:00;0;0;0
MUE;03.09.2012 00:00;0;0;0
MUE;04.09.2012 00:00;0;0;0
MUE;05.09.2012 00:00;0;0;0
MUE;06.09.2012 00:00;0;0;0
MUE;07.09.2012 00:00;0;0;0
MUE;08.09.2012 00:00;0;;0
MUE;09.09.2012 00:00;0;0;
MUE;10.09.2012 00:00;0;0;0
MUE;11.09.2012 00:00;7.9;0;0
MUE;12.09.2012 00:00;29.4;0;0
MUE;13.09.2012 00:00;0;0;0
MUE;14.09.2012 00:00;0;0;0
MUE;15.09.2012 00:00;0;0;0
MUE;16.09.2012 00:00;0;0;0
MUE;17.09.2012 00:00;0;0;0
MUE;18.09.2012 00:00;14.5;0;0
MUE;19.09.2012 00:00;4.8;0;0
MUE;20.09.2012 00:00;0;0;0
MUE;21.09.2012 00:00;10.1;0;0
MUE;22.09.2012 00:00;3.4;0;0
MUE;23.09.2012 00:00;0;0;0
MUE;24.09.2012 00:00;4.1;0;0
MUE;25.09.2012 00:00;0;0;0
MUE;26.09.2012 00:00;12.2;0;0
MUE;27.09.2012 00:00;0;0;0
MUE;28.09.2012 00:00;0.8;0;0
MUE;29.09.2012 00:00;1.1;0;0
MUE;30.09.2012 00:00;1.6;0;0
MUE;01.10.2012 00:00;0.4;0;0
MUE;02.10.2012 00:00;0;0;0
MUE;03.10.2012 00:00;0;0;0
MUE;04.10.2012 00:00;0;0;0
MUE;05.10.2012 00:00;0;0;0
MUE;06.10.2012 00:00;1.4;0;0
MUE;07.10.2012 00:00;8.8;0;0
MUE;08.10.2012 00:00;28.8;0;0
MUE;09.10.2012 00:00;17.8;0;0
MUE;10.10.2012 00:00;14.2;0;0
MUE;11.10.2012 00:00;0;0;0
MUE;12.10.2012 00:00;5;0;0
MUE;13.10.2012 00:00;0;0;0
MUE;14.10.2012 00:00;13;6;0
MUE;15.10.2012 00:00;14.5;14;6
MUE;16.10.2012 00:00;0;0;19
MUE;17.10.2012 00:00;0;0;14
MUE;18.10.2012 00:00;0;0;2
MUE;19.10.2012 00:00;0;0;0
MUE;20.10.2012 00:00;0;0;0
MUE;21.10.2012 00:00;0;0;0
MUE;22.10.2012 00:00;0;0;0
MUE;23.10.2012 00:00;0;0;0
MUE;24.10.2012 00:00;0;0;0
MUE;25.10.2012 00:00;0;0;0
MUE;26.10.2012 00:00;6.5;0;0
MUE;27.10.2012 00:00;29.1;25;0
MUE;28.10.2012 00:00;10;15;
MUE;29.10.2012 00:00;0;0;30
MUE;30.10.2012 00:00;0;0;23
MUE;31.10.2012 00:00;0;0;17
MUE;01.11.2012 00:00;0;0;15
MUE;02.11.2012 00:00;0;0;10
MUE;03.11.2012 00:00;0;0;7
MUE;04.11.2012 00:00;14.1;2;0
MUE;05.11.2012 00:00;4.9;5;2
MUE;06.11.2012 00:00;7.7;8;5
MUE;07.11.2012 00:00;0;0;10
MUE;08.11.2012 00:00;0;0;9
MUE;09.11.2012 00:00;1.9;0;2
MUE;10.11.2012 00:00;7.4;0;0
MUE;11.11.2012 00:00;11.2;;0
MUE;12.11.2012 00:00;0;0;
MUE;13.11.2012 00:00;0;0;0
MUE;14.11.2012 00:00;0;0;0
MUE;15.11.2012 00:00;0;0;0
MUE;16.11.2012 00:00;0;0;0
MUE;17.11.2012 00:00;0;0;0
MUE;18.11.2012 00:00;0;0;0
MUE;19.11.2012 00:00;0;0;0
MUE;20.11.2012 00:00;0;0;0
MUE;21.11.2012 00:00;0;0;0
MUE;22.11.2012 00:00;0;0;0
MUE;23.11.2012 00:00;0;0;0
MUE;24.11.2012 00:00;0;0;0
MUE;25.11.2012 00:00;0.2;0;0
MUE;26.11.2012 00:00;1;0;0
MUE;27.11.2012 00:00;8.1;9;0
MUE;28.11.2012 00:00;25.4;23;9
MUE;29.11.2012 00:00;8.5;15;30
MUE;30.11.2012 00:00;0;;38
MUE;01.12.2012 00:00;0;0;
MUE;02.12.2012 00:00;9.9;11;26
MUE;03.12.2012 00:00;26.8;25;36
MUE;04.12.2012 00:00;21.9;29;55
MUE;05.12.2012 00:00;14.9;25;70
MUE;06.12.2012 00:00;0;0;88
MUE;07.12.2012 00:00;28.5;30;75
MUE;08.12.2012 00:00;0.9;;105
MUE;09.12.2012 00:00;9.8;28;
MUE;10.12.2012 00:00;17.6;35;130
MUE;11.12.2012 00:00;2.3;2;120
MUE;12.12.2012 00:00;0;0;115
MUE;13.12.2012 00:00;0;0;101
MUE;14.12.2012 00:00;7.5;9;90
MUE;15.12.2012 00:00;2.5;3;98
MUE;16.12.2012 00:00;3.3;5;100
MUE;17.12.2012 00:00;9.5;16;102
MUE;18.12.2012 00:00;15.2;23;110
MUE;19.12.2012 00:00;0;0;120
MUE;20.12.2012 00:00;6.8;9;110
MUE;21.12.2012 00:00;0;0;116
MUE;22.12.2012 00:00;40.2;0;112
MUE;23.12.2012 00:00;0;0;100
MUE;24.12.2012 00:00;0;0;83
MUE;25.12.2012 00:00;6.4;10;78
MUE;26.12.2012 00:00;0;0;82
MUE;27.12.2012 00:00;11.9;11;77
MUE;28.12.2012 00:00;0;0;85
MUE;29.12.2012 00:00;0;0;85
MUE;30.12.2012 00:00;0;0;75
MUE;31.12.2012 00:00;0;0;71
MUE;01.01.2013 00:00;4.9;10;74
MUE;02.01.2013 00:00;0;0;84
MUE;03.01.2013 00:00;2;1;79
MUE;04.01.2013 00:00;0;0;75
MUE;05.01.2013 00:00;0;0;70
MUE;06.01.2013 00:00;0;0;70
MUE;07.01.2013 00:00;0;0;68
MUE;08.01.2013 00:00;0;0;68
MUE;09.01.2013 00:00;0;0;65
MUE;10.01.2013 00:00;16.7;29;65
MUE;11.01.2013 00:00;21.6;14;94
MUE;12.01.2013 00:00;0;0;108
MUE;13.01.2013 00:00;1.8;4;108
MUE;14.01.2013 00:00;9.3;10;112
MUE;15.01.2013 00:00;1.5;4;122
MUE;16.01.2013 00:00;3.6;7;123
MUE;17.01.2013 00:00;1.9;4;130
MUE;18.01.2013 00:00;1.5;1;134
MUE;19.01.2013 00:00;0;0;133
MUE;20.01.2013 00:00;1.9;2;131
MUE;21.01.2013 00:00;0;0;133
MUE;22.01.2013 00:00;0;0;133
MUE;23.01.2013 00:00;0;0;130
MUE;24.01.2013 00:00;0;0;129
MUE;25.01.2013 00:00;0.7;4;127
MUE;26.01.2013 00:00;0;0;131
MUE;27.01.2013 00:00;16.2;20;128
MUE;28.01.2013 00:00;1.8;2;120
MUE;29.01.2013 00:00;8.3;0;115
MUE;30.01.2013 00:00;6.6;0;115
MUE;31.01.2013 00:00;1.6;3;115
MUE;01.02.2013 00:00;19.3;11;118
MUE;02.02.2013 00:00;11.1;19;118
MUE;03.02.2013 00:00;14.4;15;132
MUE;04.02.2013 00:00;0;0;144
MUE;05.02.2013 00:00;14.2;40;144
MUE;06.02.2013 00:00;7.2;9;160
MUE;07.02.2013 00:00;12.2;11;169
MUE;08.02.2013 00:00;6;6;160
MUE;09.02.2013 00:00;0;0;165
MUE;10.02.2013 00:00;0;0;165
MUE;11.02.2013 00:00;12.7;13;148
MUE;12.02.2013 00:00;8.7;9;161
MUE;13.02.2013 00:00;0;0;170
MUE;14.02.2013 00:00;4.1;7;170
MUE;15.02.2013 00:00;4.3;7;159
MUE;16.02.2013 00:00;0;0;162
MUE;17.02.2013 00:00;0;0;158
MUE;18.02.2013 00:00;1.4;2;150
MUE;19.02.2013 00:00;0.5;2;151
MUE;20.02.2013 00:00;1;3;152
MUE;21.02.2013 00:00;1.8;3;155
MUE;22.02.2013 00:00;2.1;4;158
MUE;23.02.2013 00:00;2.2;3;156
MUE;24.02.2013 00:00;0;0;158
MUE;25.02.2013 00:00;0;0;152
MUE;26.02.2013 00:00;0;0;152
MUE;27.02.2013 00:00;0;0;150
MUE;28.02.2013 00:00;0;0;150
MUE;01.03.2013 00:00;0;0;148
MUE;02.03.2013 00:00;0;0;140
MUE;03.03.2013 00:00;0;0;137
MUE;04.03.2013 00:00;0;0;136
MUE;05.03.2013 00:00;0;0;135
MUE;06.03.2013 00:00;0;0;133
MUE;07.03.2013 00:00;0;0;130
MUE;08.03.2013 00:00;2.4;0;130
MUE;09.03.2013 00:00;0;0;130
MUE;10.03.2013 00:00;0;0;125
MUE;11.03.2013 00:00;0;0;119
MUE;12.03.2013 00:00;0;0;118
MUE;13.03.2013 00:00;6.5;12;118
MUE;14.03.2013 00:00;2.1;3;130
MUE;15.03.2013 00:00;0;0;133
MUE;16.03.2013 00:00;0;0;133
MUE;17.03.2013 00:00;0.9;1;129
MUE;18.03.2013 00:00;17.1;22;130
MUE;19.03.2013 00:00;0;0;152
MUE;20.03.2013 00:00;5.8;15;135
MUE;21.03.2013 00:00;0;0;150
MUE;22.03.2013 00:00;0;0;150
MUE;23.03.2013 00:00;0;0;141
MUE;24.03.2013 00:00;0;0;128
MUE;25.03.2013 00:00;2.4;1;127
MUE;26.03.2013 00:00;3.4;3;128
MUE;27.03.2013 00:00;0;0;129
MUE;28.03.2013 00:00;4.6;3;127
MUE;29.03.2013 00:00;1.8;2;130
MUE;30.03.2013 00:00;14.3;19;131
MUE;31.03.2013 00:00;0;0;149
MUE;01.04.2013 00:00;0;0;149
MUE;02.04.2013 00:00;0;0;147
MUE;03.04.2013 00:00;0;0;140
MUE;04.04.2013 00:00;0;0;137
MUE;05.04.2013 00:00;0.4;1;135
MUE;06.04.2013 00:00;0;0;129
MUE;07.04.2013 00:00;0;0;125
MUE;08.04.2013 00:00;5.7;5;123
MUE;09.04.2013 00:00;0;0;128
MUE;10.04.2013 00:00;11.6;0;127
MUE;11.04.2013 00:00;5.9;0;125
MUE;12.04.2013 00:00;8.3;12;124
MUE;13.04.2013 00:00;0;0;131
MUE;14.04.2013 00:00;0;0;127
MUE;15.04.2013 00:00;0;0;109
MUE;16.04.2013 00:00;0;0;100
MUE;17.04.2013 00:00;0;0;99
MUE;18.04.2013 00:00;2.7;0;90
MUE;19.04.2013 00:00;46.3;57;79
MUE;20.04.2013 00:00;3.4;12;125
MUE;21.04.2013 00:00;0;0;106
MUE;22.04.2013 00:00;0;0;99
MUE;23.04.2013 00:00;0;0;92
MUE;24.04.2013 00:00;0;0;87
MUE;25.04.2013 00:00;0;0;80
MUE;26.04.2013 00:00;0.3;0;69
MUE;27.04.2013 00:00;24;6;60
MUE;28.04.2013 00:00;0;0;66
MUE;29.04.2013 00:00;0.1;0;64
MUE;30.04.2013 00:00;0.2;0;63
MUE;01.05.2013 00:00;0;0;58
MUE;02.05.2013 00:00;7.7;0;50
MUE;03.05.2013 00:00;15.5;0;45
MUE;04.05.2013 00:00;2;0;40
MUE;05.05.2013 00:00;0;0;32
MUE;06.05.2013 00:00;7.7;0;25
MUE;07.05.2013 00:00;0;0;19
MUE;08.05.2013 00:00;1;0;0
MUE;09.05.2013 00:00;20.5;0;0
MUE;10.05.2013 00:00;17;0;0
MUE;11.05.2013 00:00;6.3;0;0
MUE;12.05.2013 00:00;7.2;1;0
MUE;13.05.2013 00:00;0;0;1
MUE;14.05.2013 00:00;0.4;;0
MUE;15.05.2013 00:00;0;0;
MUE;16.05.2013 00:00;23.4;0;0
MUE;17.05.2013 00:00;2.5;0;0
MUE;18.05.2013 00:00;7.4;0;0
MUE;19.05.2013 00:00;8.6;0;0
MUE;20.05.2013 00:00;0.5;0;0
MUE;21.05.2013 00:00;1.8;0;0
MUE;22.05.2013 00:00;10.6;0;0
MUE;23.05.2013 00:00;9.8;4;0
MUE;24.05.2013 00:00;2.8;1;4
MUE;25.05.2013 00:00;8.5;10;1
MUE;26.05.2013 00:00;0.5;0;11
MUE;27.05.2013 00:00;1.3;0;0
MUE;28.05.2013 00:00;24.9;27;0
MUE;29.05.2013 00:00;7.6;3;27
MUE;30.05.2013 00:00;2;0;10
MUE;31.05.2013 00:00;52.3;0;0
MUE;01.06.2013 00:00;26.5;0;0
MUE;02.06.2013 00:00;0.7;0;0
MUE;03.06.2013 00:00;2.1;0;0
MUE;04.06.2013 00:00;0;0;0
MUE;05.06.2013 00:00;0.3;0;0
MUE;06.06.2013 00:00;0;0;0
MUE;07.06.2013 00:00;0;0;0
MUE;08.06.2013 00:00;0;0;0
MUE;09.06.2013 00:00;16.9;0;0
MUE;10.06.2013 00:00;7.1;0;0
MUE;11.06.2013 00:00;0.9;0;0
MUE;12.06.2013 00:00;0;0;0
MUE;13.06.2013 00:00;8.8;0;0
MUE;14.06.2013 00:00;0;0;0
MUE;15.06.2013 00:00;0.6;0;0
MUE;16.06.2013 00:00;0;0;0
MUE;17.06.2013 00:00;0;0;0
MUE;18.06.2013 00:00;0;0;0
MUE;19.06.2013 00:00;0;0;0
MUE;20.06.2013 00:00;6.7;0;0
MUE;21.06.2013 00:00;26.7;0;0
MUE;22.06.2013 00:00;0;0;0
MUE;23.06.2013 00:00;10.2;0;0
MUE;24.06.2013 00:00;6.7;0;0
MUE;25.06.2013 00:00;4.6;0;0
MUE;26.06.2013 00:00;0;;0
MUE;27.06.2013 00:00;6.1;0;
MUE;28.06.2013 00:00;0;0;0
MUE;29.06.2013 00:00;24.6;0;0
MUE;30.06.2013 00:00;0;0;0
MUE;01.07.2013 00:00;0;0;0
MUE;02.07.2013 00:00;5.5;0;0
MUE;03.07.2013 00:00;14.9;0;0
MUE;04.07.2013 00:00;0;0;0
MUE;05.07.2013 00:00;0.1;0;0
MUE;06.07.2013 00:00;0;0;0
MUE;07.07.2013 00:00;0;0;0
MUE;08.07.2013 00:00;0.7;0;0
MUE;09.07.2013 00:00;11.8;0;0
MUE;10.07.2013 00:00;4.8;0;0
MUE;11.07.2013 00:00;0;0;0
MUE;12.07.2013 00:00;0;0;0
MUE;13.07.2013 00:00;0.1;;0
MUE;14.07.2013 00:00;0;0;
MUE;15.07.2013 00:00;0;0;0
MUE;16.07.2013 00:00;1.1;0;0
MUE;17.07.2013 00:00;5.8;0;0
MUE;18.07.2013 00:00;0;0;0
MUE;19.07.2013 00:00;0;0;0
MUE;20.07.2013 00:00;13.4;0;0
MUE;21.07.2013 00:00;0.6;0;0
MUE;22.07.2013 00:00;0;0;0
MUE;23.07.2013 00:00;0;0;0
MUE;24.07.2013 00:00;0;0;0
MUE;25.07.2013 00:00;2.1;0;0
MUE;26.07.2013 00:00;0;0;0
MUE;27.07.2013 00:00;0;0;0
MUE;28.07.2013 00:00;10.4;0;0
MUE;29.07.2013 00:00;41;0;0
MUE;30.07.2013 00:00;0;0;0
MUE;31.07.2013 00:00;0;;0
MUE;01.08.2013 00:00;0;0;
MUE;02.08.2013 00:00;0;0;0
MUE;03.08.2013 00:00;14.4;0;0
MUE;04.08.2013 00:00;1.2;0;0
MUE;05.08.2013 00:00;7.7;0;0
MUE;06.08.2013 00:00;18.4;0;0
MUE;07.08.2013 00:00;16.8;0;0
MUE;08.08.2013 00:00;20.1;0;0
MUE;09.08.2013 00:00;9.3;0;0
MUE;10.08.2013 00:00;0;0;0
MUE;11.08.2013 00:00;0;0;0
MUE;12.08.2013 00:00;1.1;0;0
MUE;13.08.2013 00:00;0;0;0
MUE;14.08.2013 00:00;0;0;0
MUE;15.08.2013 00:00;0;0;0
MUE;16.08.2013 00:00;0;0;0
MUE;17.08.2013 00:00;0;0;0
MUE;18.08.2013 00:00;13.6;0;0
MUE;19.08.2013 00:00;11.3;0;0
MUE;20.08.2013 00:00;0;0;0
MUE;21.08.2013 00:00;0;0;0
MUE;22.08.2013 00:00;0;0;0
MUE;23.08.2013 00:00;0;0;0
MUE;24.08.2013 00:00;13.2;0;0
MUE;25.08.2013 00:00;2.9;0;0
MUE;26.08.2013 00:00;0;0;0
MUE;27.08.2013 00:00;18.6;0;0
MUE;28.08.2013 00:00;0;0;0
MUE;29.08.2013 00:00;0;0;0
MUE;30.08.2013 00:00;0;0;0
MUE;31.08.2013 00:00;0;0;0
MUE;01.09.2013 00:00;0.6;0;0
MUE;02.09.2013 00:00;0;0;0
MUE;03.09.2013 00:00;0;0;0
MUE;04.09.2013 00:00;0;;0
MUE;05.09.2013 00:00;0;0;
MUE;06.09.2013 00:00;0;0;0
MUE;07.09.2013 00:00;2.9;0;0
MUE;08.09.2013 00:00;22.1;0;0
MUE;09.09.2013 00:00;0.6;0;0
MUE;10.09.2013 00:00;14.9;0;0
MUE;11.09.2013 00:00;0.9;0;0
MUE;12.09.2013 00:00;4.8;0;0
MUE;13.09.2013 00:00;0;0;0
MUE;14.09.2013 00:00;4.7;0;0
MUE;15.09.2013 00:00;13.8;0;0
MUE;16.09.2013 00:00;24.3;8;0
MUE;17.09.2013 00:00;26;0;8
MUE;18.09.2013 00:00;7.8;0;0
MUE;19.09.2013 00:00;0;0;0
MUE;20.09.2013 00:00;0;0;0
MUE;21.09.2013 00:00;0;0;0
MUE;22.09.2013 00:00;0;0;0
MUE;23.09.2013 00:00;0;0;0
MUE;24.09.2013 00:00;0;0;0
MUE;25.09.2013 00:00;0;;0
MUE;26.09.2013 00:00;0;0;
MUE;27.09.2013 00:00;0;0;0
MUE;28.09.2013 00:00;0;0;0
MUE;29.09.2013 00:00;9.8;0;0
MUE;30.09.2013 00:00;2.4;0;0
MUE;01.10.2013 00:00;1.3;;0
MUE;02.10.2013 00:00;0;0;
MUE;03.10.2013 00:00;0.2;0;0
MUE;04.10.2013 00:00;10.3;0;0
MUE;05.10.2013 00:00;4.7;0;0
MUE;06.10.2013 00:00;0.2;0;0
MUE;07.10.2013 00:00;0;0;0
MUE;08.10.2013 00:00;1.4;0;0
MUE;09.10.2013 00:00;1.1;0;0
MUE;10.10.2013 00:00;11.8;10;0
MUE;11.10.2013 00:00;26.3;22;10
MUE;12.10.2013 00:00;2.9;0;23
MUE;13.10.2013 00:00;0;0;14
MUE;14.10.2013 00:00;0;0;0
MUE;15.10.2013 00:00;18.5;0;0
MUE;16.10.2013 00:00;4.8;0;0
MUE;17.10.2013 00:00;0;0;0
MUE;18.10.2013 00:00;0;0;0
MUE;19.10.2013 00:00;0;0;0
MUE;20.10.2013 00:00;2.2;0;0
MUE;21.10.2013 00:00;0;0;0
MUE;22.10.2013 00:00;0;0;0
MUE;23.10.2013 00:00;11.4;0;0
MUE;24.10.2013 00:00;0;0;0
MUE;25.10.2013 00:00;0;0;0
MUE;26.10.2013 00:00;0;0;0
MUE;27.10.2013 00:00;0.6;0;0
MUE;28.10.2013 00:00;7.1;0;0
MUE;29.10.2013 00:00;5.2;0;0
MUE;30.10.2013 00:00;0.5;0;0
MUE;31.10.2013 00:00;0;0;0
MUE;01.11.2013 00:00;2.3;0;0
MUE;02.11.2013 00:00;10.9;0;0
MUE;03.11.2013 00:00;4.6;0;0
MUE;04.11.2013 00:00;10.2;3;0
MUE;05.11.2013 00:00;12.7;;3
MUE;06.11.2013 00:00;5.2;0;
MUE;07.11.2013 00:00;0;0;0
MUE;08.11.2013 00:00;13.7;0;0
MUE;09.11.2013 00:00;0.7;0;0
MUE;10.11.2013 00:00;27.9;25;0
MUE;11.11.2013 00:00;0;0;25
MUE;12.11.2013 00:00;0;0;23
MUE;13.11.2013 00:00;0;0;20
MUE;14.11.2013 00:00;18.4;10;20
MUE;15.11.2013 00:00;14;4;30
MUE;16.11.2013 00:00;0;0;34
MUE;17.11.2013 00:00;0;0;4
MUE;18.11.2013 00:00;0;0;4
MUE;19.11.2013 00:00;8.6;5;3
MUE;20.11.2013 00:00;4;4;10
MUE;21.11.2013 00:00;20.2;28;14
MUE;22.11.2013 00:00;0;0;40
MUE;23.11.2013 00:00;3.6;4;40
MUE;24.11.2013 00:00;2;4;44
MUE;25.11.2013 00:00;0.4;0;44
MUE;26.11.2013 00:00;0;0;40
MUE;27.11.2013 00:00;0;0;37
MUE;28.11.2013 00:00;0;0;37
MUE;29.11.2013 00:00;8.9;18;35
MUE;30.11.2013 00:00;1.5;1;50
MUE;01.12.2013 00:00;0;0;48
MUE;02.12.2013 00:00;0;;46
MUE;03.12.2013 00:00;0;0;
MUE;04.12.2013 00:00;0;0;43
MUE;05.12.2013 00:00;0;0;40
MUE;06.12.2013 00:00;0;0;37
MUE;07.12.2013 00:00;0;0;36
MUE;08.12.2013 00:00;0;0;31
MUE;09.12.2013 00:00;0;0;29
MUE;10.12.2013 00:00;0;0;20
MUE;11.12.2013 00:00;0;0;15
MUE;12.12.2013 00:00;0;0;12
MUE;13.12.2013 00:00;0;0;10
MUE;14.12.2013 00:00;0;0;9
MUE;15.12.2013 00:00;0;0;9
MUE;16.12.2013 00:00;0;0;9
MUE;17.12.2013 00:00;0;0;8
MUE;18.12.2013 00:00;0;0;7
MUE;19.12.2013 00:00;0;0;7
MUE;20.12.2013 00:00;2.6;2;5
MUE;21.12.2013 00:00;0;0;7
MUE;22.12.2013 00:00;0;0;4
MUE;23.12.2013 00:00;0;0;4
MUE;24.12.2013 00:00;0;0;4
MUE;25.12.2013 00:00;23.8;31;3
MUE;26.12.2013 00:00;27.8;36;34
MUE;27.12.2013 00:00;0;0;70
MUE;28.12.2013 00:00;11;17;67
MUE;29.12.2013 00:00;0;0;83
MUE;30.12.2013 00:00;0;0;80
MUE;31.12.2013 00:00;0;0;80
MUE;01.01.2014 00:00;0;0;80
MUE;02.01.2014 00:00;2.9;5;75
MUE;03.01.2014 00:00;0;0;80
MUE;04.01.2014 00:00;12.5;13;80
MUE;05.01.2014 00:00;0.7;1;93
MUE;06.01.2014 00:00;0;0;93
MUE;07.01.2014 00:00;0;0;91
MUE;08.01.2014 00:00;0;0;90
MUE;09.01.2014 00:00;0.3;0;86
MUE;10.01.2014 00:00;0;0;72
MUE;11.01.2014 00:00;0;0;68
MUE;12.01.2014 00:00;0;0;65
MUE;13.01.2014 00:00;11.1;15;60
MUE;14.01.2014 00:00;11.8;18;65
MUE;15.01.2014 00:00;0;0;71
MUE;16.01.2014 00:00;11.6;22;68
MUE;17.01.2014 00:00;0.4;2;80
MUE;18.01.2014 00:00;0;0;80
MUE;19.01.2014 00:00;0;0;78
MUE;20.01.2014 00:00;7.6;11;74
MUE;21.01.2014 00:00;0.2;1;85
MUE;22.01.2014 00:00;0;0;85
MUE;23.01.2014 00:00;11.8;22;83
MUE;24.01.2014 00:00;4.5;5;105
MUE;25.01.2014 00:00;5.4;9;103
MUE;26.01.2014 00:00;6.5;12;112
MUE;27.01.2014 00:00;0.5;1;122
MUE;28.01.2014 00:00;0;0;123
MUE;29.01.2014 00:00;0;0;118
MUE;30.01.2014 00:00;0;0;115
MUE;31.01.2014 00:00;0;0;113
MUE;01.02.2014 00:00;11.4;23;110
MUE;02.02.2014 00:00;3.4;8;133
MUE;03.02.2014 00:00;2.6;9;140
MUE;04.02.2014 00:00;0.2;0;149
MUE;05.02.2014 00:00;4.1;4;148
MUE;06.02.2014 00:00;0;0;152
MUE;07.02.2014 00:00;11.9;15;151
MUE;08.02.2014 00:00;2.1;2;115
MUE;09.02.2014 00:00;0;0;107
MUE;10.02.2014 00:00;4.5;12;105
MUE;11.02.2014 00:00;0.3;1;90
MUE;12.02.2014 00:00;0;0;90
MUE;13.02.2014 00:00;14.4;18;88
MUE;14.02.2014 00:00;0;0;95
MUE;15.02.2014 00:00;7.3;12;90
MUE;16.02.2014 00:00;15.9;20;98
MUE;17.02.2014 00:00;0;0;118
MUE;18.02.2014 00:00;0;0;100
MUE;19.02.2014 00:00;5.1;;98
MUE;20.02.2014 00:00;2.5;5;
MUE;21.02.2014 00:00;12.1;16;95
MUE;22.02.2014 00:00;6.3;9;111
MUE;23.02.2014 00:00;0;0;120
MUE;24.02.2014 00:00;0;0;117
MUE;25.02.2014 00:00;0;0;115
MUE;26.02.2014 00:00;7;14;110
MUE;27.02.2014 00:00;0;0;110
MUE;28.02.2014 00:00;17.6;19;105
MUE;01.03.2014 00:00;7.3;9;117
MUE;02.03.2014 00:00;0;0;126
MUE;03.03.2014 00:00;6;7;126
MUE;04.03.2014 00:00;3.9;9;133
MUE;05.03.2014 00:00;0.9;2;142
MUE;06.03.2014 00:00;0;0;136
MUE;07.03.2014 00:00;0;0;133
MUE;08.03.2014 00:00;0;0;124
MUE;09.03.2014 00:00;0;0;123
MUE;10.03.2014 00:00;0;0;115
MUE;11.03.2014 00:00;0;0;113
MUE;12.03.2014 00:00;0;0;108
MUE;13.03.2014 00:00;0;0;99
MUE;14.03.2014 00:00;0;0;95
MUE;15.03.2014 00:00;0.1;0;93
MUE;16.03.2014 00:00;0;0;90
MUE;17.03.2014 00:00;0;0;79
MUE;18.03.2014 00:00;0;;70
MUE;19.03.2014 00:00;0;0;
MUE;20.03.2014 00:00;0;0;60
MUE;21.03.2014 00:00;0;0;54
MUE;22.03.2014 00:00;12.2;23;47
MUE;23.03.2014 00:00;38.5;51;70
MUE;24.03.2014 00:00;0;0;115
MUE;25.03.2014 00:00;0;0;110
MUE;26.03.2014 00:00;0;0;80
MUE;27.03.2014 00:00;0;;74
MUE;28.03.2014 00:00;0;0;
MUE;29.03.2014 00:00;0;0;70
MUE;30.03.2014 00:00;0;0;64
MUE;31.03.2014 00:00;0;0;61
MUE;01.04.2014 00:00;0;0;56
MUE;02.04.2014 00:00;0;0;42
MUE;03.04.2014 00:00;0;0;37
MUE;04.04.2014 00:00;0;0;33
MUE;05.04.2014 00:00;4.7;0;27
MUE;06.04.2014 00:00;0;0;20
MUE;07.04.2014 00:00;0;0;16
MUE;08.04.2014 00:00;7.1;0;13
MUE;09.04.2014 00:00;0;0;0
MUE;10.04.2014 00:00;0;0;0
MUE;11.04.2014 00:00;0;0;0
MUE;12.04.2014 00:00;0.2;0;0
MUE;13.04.2014 00:00;0;0;0
MUE;14.04.2014 00:00;0;0;0
MUE;15.04.2014 00:00;0;0;0
MUE;16.04.2014 00:00;0;0;0
MUE;17.04.2014 00:00;0;0;0
MUE;18.04.2014 00:00;11.7;11;0
MUE;19.04.2014 00:00;4.1;0;11
MUE;20.04.2014 00:00;1.5;0;1
MUE;21.04.2014 00:00;8.1;0;0
MUE;22.04.2014 00:00;0;0;0
MUE;23.04.2014 00:00;4.6;0;0
MUE;24.04.2014 00:00;0;0;0
MUE;25.04.2014 00:00;2.9;0;0
MUE;26.04.2014 00:00;33.2;17;0
MUE;27.04.2014 00:00;16.5;19;0
MUE;28.04.2014 00:00;34;30;20
MUE;29.04.2014 00:00;0;0;35
MUE;30.04.2014 00:00;5;0;17
MUE;01.05.2014 00:00;30;;0
MUE;02.05.2014 00:00;26;0;
MUE;03.05.2014 00:00;3.6;;0
MUE;04.05.2014 00:00;0;0;
MUE;05.05.2014 00:00;0;0;0
MUE;06.05.2014 00:00;0;0;0
MUE;07.05.2014 00:00;3.3;0;0
MUE;08.05.2014 00:00;3.1;0;0
MUE;09.05.2014 00:00;0;0;0
MUE;10.05.2014 00:00;1.9;0;0
MUE;11.05.2014 00:00;4.4;1;0
MUE;12.05.2014 00:00;10.9;4;1
MUE;13.05.2014 00:00;18.8;13;5
MUE;14.05.2014 00:00;11.6;12;13
MUE;15.05.2014 00:00;3.1;4;14
MUE;16.05.2014 00:00;0;0;8
MUE;17.05.2014 00:00;0;0;0
MUE;18.05.2014 00:00;0;0;0
MUE;19.05.2014 00:00;0;0;0
MUE;20.05.2014 00:00;0;0;0
MUE;21.05.2014 00:00;0;0;0
MUE;22.05.2014 00:00;24.7;0;0
MUE;23.05.2014 00:00;3.5;0;0
MUE;24.05.2014 00:00;0;0;0
MUE;25.05.2014 00:00;0;0;0
MUE;26.05.2014 00:00;13.4;0;0
MUE;27.05.2014 00:00;6.6;0;0
MUE;28.05.2014 00:00;4.2;0;0
MUE;29.05.2014 00:00;0.5;0;0
MUE;30.05.2014 00:00;4.3;0;0
MUE;31.05.2014 00:00;0;;0
MUE;01.06.2014 00:00;0;0;
MUE;02.06.2014 00:00;5.7;0;0
MUE;03.06.2014 00:00;0;0;0
MUE;04.06.2014 00:00;7;;0
MUE;05.06.2014 00:00;0;0;
MUE;06.06.2014 00:00;0;0;0
MUE;07.06.2014 00:00;0;0;0
MUE;08.06.2014 00:00;0;0;0
MUE;09.06.2014 00:00;0;0;0
MUE;10.06.2014 00:00;0;0;0
MUE;11.06.2014 00:00;16;0;0
MUE;12.06.2014 00:00;5;0;0
MUE;13.06.2014 00:00;11.2;0;0
MUE;14.06.2014 00:00;8.5;0;0
MUE;15.06.2014 00:00;0;0;0
MUE;16.06.2014 00:00;0;0;0
MUE;17.06.2014 00:00;4;0;0
MUE;18.06.2014 00:00;2.9;0;0
MUE;19.06.2014 00:00;3.3;0;0
MUE;20.06.2014 00:00;0;0;0
MUE;21.06.2014 00:00;0;0;0
MUE;22.06.2014 00:00;14.9;0;0
MUE;23.06.2014 00:00;15;0;0
MUE;24.06.2014 00:00;9.7;0;0
MUE;25.06.2014 00:00;0.5;0;0
MUE;26.06.2014 00:00;0;0;0
MUE;27.06.2014 00:00;0;0;0
MUE;28.06.2014 00:00;6.9;0;0
MUE;29.06.2014 00:00;18.5;0;0
MUE;30.06.2014 00:00;0.9;0;0
MUE;01.07.2014 00:00;7.6;0;0
MUE;02.07.2014 00:00;15.1;0;0
MUE;03.07.2014 00:00;0;0;0
MUE;04.07.2014 00:00;2.5;0;0
MUE;05.07.2014 00:00;0.4;0;0
MUE;06.07.2014 00:00;3;0;0
MUE;07.07.2014 00:00;17.7;0;0
MUE;08.07.2014 00:00;30.8;0;0
MUE;09.07.2014 00:00;18.7;0;0
MUE;10.07.2014 00:00;21;0;0
MUE;11.07.2014 00:00;11.9;0;0
MUE;12.07.2014 00:00;10.1;0;0
MUE;13.07.2014 00:00;5.2;0;0
MUE;14.07.2014 00:00;4.4;0;0
MUE;15.07.2014 00:00;0.1;;0
MUE;16.07.2014 00:00;0;0;
MUE;17.07.2014 00:00;0;0;0
MUE;18.07.2014 00:00;0;0;0
MUE;19.07.2014 00:00;0;0;0
MUE;20.07.2014 00:00;7.9;0;0
MUE;21.07.2014 00:00;53.2;0;0
MUE;22.07.2014 00:00;10.6;0;0
MUE;23.07.2014 00:00;8.5;0;0
MUE;24.07.2014 00:00;12.5;0;0
MUE;25.07.2014 00:00;1.7;0;0
MUE;26.07.2014 00:00;12.9;0;0
MUE;27.07.2014 00:00;0;0;0
MUE;28.07.2014 00:00;56.1;0;0
MUE;29.07.2014 00:00;3.5;0;0
MUE;30.07.2014 00:00;28.2;0;0
MUE;31.07.2014 00:00;0.2;0;0
MUE;01.08.2014 00:00;2.6;0;0
MUE;02.08.2014 00:00;5.4;0;0
MUE;03.08.2014 00:00;4.2;0;0
MUE;04.08.2014 00:00;16.6;0;0
MUE;05.08.2014 00:00;0.6;0;0
MUE;06.08.2014 00:00;0.2;0;0
MUE;07.08.2014 00:00;9.1;0;0
MUE;08.08.2014 00:00;9.5;0;0
MUE;09.08.2014 00:00;1.2;0;0
MUE;10.08.2014 00:00;18.1;0;0
MUE;11.08.2014 00:00;9.5;0;0
MUE;12.08.2014 00:00;4;0;0
MUE;13.08.2014 00:00;6.5;0;0
MUE;14.08.2014 00:00;3.3;0;0
MUE;15.08.2014 00:00;8;0;0
MUE;16.08.2014 00:00;2.7;0;0
MUE;17.08.2014 00:00;0;0;0
MUE;18.08.2014 00:00;8.5;0;0
MUE;19.08.2014 00:00;0.1;0;0
MUE;20.08.2014 00:00;0;0;0
MUE;21.08.2014 00:00;0;0;0
MUE;22.08.2014 00:00;0;0;0
MUE;23.08.2014 00:00;5.7;0;0
MUE;24.08.2014 00:00;0;0;0
MUE;25.08.2014 00:00;24;0;0
MUE;26.08.2014 00:00;31;0;0
MUE;27.08.2014 00:00;0;0;0
MUE;28.08.2014 00:00;0;0;0
MUE;29.08.2014 00:00;18.7;0;0
MUE;30.08.2014 00:00;0;0;0
MUE;31.08.2014 00:00;34.1;0;0
MUE;01.09.2014 00:00;1.9;0;0
MUE;02.09.2014 00:00;0;0;0
MUE;03.09.2014 00:00;0;0;0
MUE;04.09.2014 00:00;11.2;0;0
MUE;05.09.2014 00:00;3.3;0;0
MUE;06.09.2014 00:00;0;0;0
MUE;07.09.2014 00:00;0;0;0
MUE;08.09.2014 00:00;5.5;0;0
MUE;09.09.2014 00:00;9.2;0;0
MUE;10.09.2014 00:00;7.6;0;0
MUE;11.09.2014 00:00;0.3;;0
MUE;12.09.2014 00:00;2.2;0;
MUE;13.09.2014 00:00;0;0;0
MUE;14.09.2014 00:00;0;;0
MUE;15.09.2014 00:00;3.4;0;
MUE;16.09.2014 00:00;0;0;0
MUE;17.09.2014 00:00;0;0;0
MUE;18.09.2014 00:00;0;0;0
MUE;19.09.2014 00:00;0;0;0
MUE;20.09.2014 00:00;7.2;0;0
MUE;21.09.2014 00:00;21.2;0;0
MUE;22.09.2014 00:00;0;0;0
MUE;23.09.2014 00:00;0;0;0
MUE;24.09.2014 00:00;5.3;0;0
MUE;25.09.2014 00:00;0;0;0
MUE;26.09.2014 00:00;0;0;0
MUE;27.09.2014 00:00;0;0;0
MUE;28.09.2014 00:00;0;0;0
MUE;29.09.2014 00:00;0;0;0
MUE;30.09.2014 00:00;5;0;0
MUE;01.10.2014 00:00;0;0;0
MUE;02.10.2014 00:00;0;0;0
MUE;03.10.2014 00:00;0;0;0
MUE;04.10.2014 00:00;2.5;0;0
MUE;05.10.2014 00:00;8.5;0;0
MUE;06.10.2014 00:00;0;0;0
MUE;07.10.2014 00:00;0;0;0
MUE;08.10.2014 00:00;0;0;0
MUE;09.10.2014 00:00;0;0;0
MUE;10.10.2014 00:00;0.3;0;0
MUE;11.10.2014 00:00;0.1;0;0
MUE;12.10.2014 00:00;0;0;0
MUE;13.10.2014 00:00;20.1;0;0
MUE;14.10.2014 00:00;3.2;0;0
MUE;15.10.2014 00:00;2;0;0
MUE;16.10.2014 00:00;4.6;0;0
MUE;17.10.2014 00:00;0;0;0
MUE;18.10.2014 00:00;0;0;0
MUE;19.10.2014 00:00;0;0;0
MUE;20.10.2014 00:00;32;11;0
MUE;21.10.2014 00:00;21;;11
MUE;22.10.2014 00:00;9.4;14;
MUE;23.10.2014 00:00;0;;25
MUE;24.10.2014 00:00;0.2;0;
MUE;25.10.2014 00:00;7.4;0;3
MUE;26.10.2014 00:00;0;0;0
MUE;27.10.2014 00:00;0;0;0
MUE;28.10.2014 00:00;0;0;0
MUE;29.10.2014 00:00;0;0;0
MUE;30.10.2014 00:00;0;0;0
MUE;31.10.2014 00:00;0;0;0
MUE;01.11.2014 00:00;0;0;0
MUE;02.11.2014 00:00;0;0;0
MUE;03.11.2014 00:00;0;0;0
MUE;04.11.2014 00:00;7.1;3;0
MUE;05.11.2014 00:00;30;46;3
MUE;06.11.2014 00:00;2;0;49
MUE;07.11.2014 00:00;0;0;46
MUE;08.11.2014 00:00;0;0;27
MUE;09.11.2014 00:00;0.4;0;22
MUE;10.11.2014 00:00;2.9;0;16
MUE;11.11.2014 00:00;0;0;10
MUE;12.11.2014 00:00;21.1;0;8
MUE;13.11.2014 00:00;0;0;6
MUE;14.11.2014 00:00;0;0;5
MUE;15.11.2014 00:00;31;22;0
MUE;16.11.2014 00:00;0.2;;22
MUE;17.11.2014 00:00;5.4;0;
MUE;18.11.2014 00:00;0.3;0;20
MUE;19.11.2014 00:00;0;0;18
MUE;20.11.2014 00:00;0;0;16
MUE;21.11.2014 00:00;0;0;14
MUE;22.11.2014 00:00;0;;0
MUE;23.11.2014 00:00;0;0;
MUE;24.11.2014 00:00;0;0;0
MUE;25.11.2014 00:00;0;0;0
MUE;26.11.2014 00:00;0;0;0
MUE;27.11.2014 00:00;0;;0
MUE;28.11.2014 00:00;0;0;
MUE;29.11.2014 00:00;0;0;0
MUE;30.11.2014 00:00;1.7;0;0
MUE;01.12.2014 00:00;0;0;0
MUE;02.12.2014 00:00;0;0;0
MUE;03.12.2014 00:00;0;;0
MUE;04.12.2014 00:00;0;0;
MUE;05.12.2014 00:00;0;0;0
MUE;06.12.2014 00:00;0;1;0
MUE;07.12.2014 00:00;0.9;3;1
MUE;08.12.2014 00:00;7.8;18;4
MUE;09.12.2014 00:00;4.1;6;20
MUE;10.12.2014 00:00;1.2;11;15
MUE;11.12.2014 00:00;0;0;13
MUE;12.12.2014 00:00;0;0;10
MUE;13.12.2014 00:00;0;0;6
MUE;14.12.2014 00:00;0;0;4
MUE;15.12.2014 00:00;1.9;5;3
MUE;16.12.2014 00:00;3.8;2;8
MUE;17.12.2014 00:00;13.8;8;10
MUE;18.12.2014 00:00;9.3;0;18
MUE;19.12.2014 00:00;5.6;4;10
MUE;20.12.2014 00:00;0;0;4
MUE;21.12.2014 00:00;0;0;4
MUE;22.12.2014 00:00;0;0;2
MUE;23.12.2014 00:00;0;0;1
MUE;24.12.2014 00:00;0;0;1
MUE;25.12.2014 00:00;5.5;15;1
MUE;26.12.2014 00:00;1.3;2;16
MUE;27.12.2014 00:00;14.4;22;18
MUE;28.12.2014 00:00;2.3;4;25
MUE;29.12.2014 00:00;7.4;9;29
MUE;30.12.2014 00:00;4.6;4;34
MUE;31.12.2014 00:00;0.5;0;35
MUE;01.01.2015 00:00;0;0;35
MUE;02.01.2015 00:00;4.2;0;30
MUE;03.01.2015 00:00;16;1;18
MUE;04.01.2015 00:00;2.9;;15
MUE;05.01.2015 00:00;0;0;
MUE;06.01.2015 00:00;0;;14
MUE;07.01.2015 00:00;0;;
MUE;08.01.2015 00:00;0;0;
MUE;09.01.2015 00:00;17.9;0;9
MUE;10.01.2015 00:00;1.5;0;8
MUE;11.01.2015 00:00;11;14;7
MUE;12.01.2015 00:00;0;0;21
MUE;13.01.2015 00:00;0.9;2;19
MUE;14.01.2015 00:00;4.7;5;14
MUE;15.01.2015 00:00;0;0;15
MUE;16.01.2015 00:00;12.7;20;12
MUE;17.01.2015 00:00;16.1;12;30
MUE;18.01.2015 00:00;0;0;40
MUE;19.01.2015 00:00;0.7;1;35
MUE;20.01.2015 00:00;0;1;36
MUE;21.01.2015 00:00;0;0;33
MUE;22.01.2015 00:00;0;0;30
MUE;23.01.2015 00:00;2.4;2;30
MUE;24.01.2015 00:00;1.4;4;32
MUE;25.01.2015 00:00;0.7;1;30
MUE;26.01.2015 00:00;24.9;34;31
MUE;27.01.2015 00:00;2.9;3;58
MUE;28.01.2015 00:00;6.6;11;62
MUE;29.01.2015 00:00;6.4;10;60
MUE;30.01.2015 00:00;4.3;10;52
MUE;31.01.2015 00:00;6.2;6;58
MUE;01.02.2015 00:00;23.3;35;64
MUE;02.02.2015 00:00;4.8;16;96
MUE;03.02.2015 00:00;0;0;112
MUE;04.02.2015 00:00;0.2;0;110
MUE;05.02.2015 00:00;0.8;3;110
MUE;06.02.2015 00:00;0;0;107
MUE;07.02.2015 00:00;0;;105
MUE;08.02.2015 00:00;1;;
MUE;09.02.2015 00:00;0;1;
MUE;10.02.2015 00:00;0;0;99
MUE;11.02.2015 00:00;0;0;70
MUE;12.02.2015 00:00;0;0;70
MUE;13.02.2015 00:00;0;0;68
MUE;14.02.2015 00:00;0.7;2;61
MUE;15.02.2015 00:00;4.9;3;63
MUE;16.02.2015 00:00;0;0;66
MUE;17.02.2015 00:00;0;0;63
MUE;18.02.2015 00:00;0;0;60
MUE;19.02.2015 00:00;0;0;57
MUE;20.02.2015 00:00;0;0;54
MUE;21.02.2015 00:00;20.3;22;53
MUE;22.02.2015 00:00;0.5;0;75
MUE;23.02.2015 00:00;5;10;75
MUE;24.02.2015 00:00;3.3;5;85
MUE;25.02.2015 00:00;0;5;80
MUE;26.02.2015 00:00;2.3;7;80
MUE;27.02.2015 00:00;13.2;17;85
MUE;28.02.2015 00:00;0;0;102
MUE;01.03.2015 00:00;6.7;0;90
MUE;02.03.2015 00:00;15;15;88
MUE;03.03.2015 00:00;3.8;7;103
MUE;04.03.2015 00:00;12.4;18;110
MUE;05.03.2015 00:00;0;0;105
MUE;06.03.2015 00:00;0;0;100
MUE;07.03.2015 00:00;0;0;85
MUE;08.03.2015 00:00;0;0;81
MUE;09.03.2015 00:00;0;0;74
MUE;10.03.2015 00:00;0;0;69
MUE;11.03.2015 00:00;0;0;65
MUE;12.03.2015 00:00;0;0;60
MUE;13.03.2015 00:00;0;0;59
MUE;14.03.2015 00:00;0;0;59
MUE;15.03.2015 00:00;0;0;59
MUE;16.03.2015 00:00;0;;58
MUE;17.03.2015 00:00;0;0;
MUE;18.03.2015 00:00;0;;55
MUE;19.03.2015 00:00;0;;
MUE;20.03.2015 00:00;0.5;;
MUE;21.03.2015 00:00;20;12;
MUE;22.03.2015 00:00;0;0;64
MUE;23.03.2015 00:00;0;0;43
MUE;24.03.2015 00:00;0;;43
MUE;25.03.2015 00:00;8.1;1;
MUE;26.03.2015 00:00;9.6;10;38
MUE;27.03.2015 00:00;0.5;0;48
MUE;28.03.2015 00:00;1.8;0;45
MUE;29.03.2015 00:00;12;0;41
MUE;30.03.2015 00:00;36.5;0;40
MUE;31.03.2015 00:00;8.4;7;38
MUE;01.04.2015 00:00;16;2;45
MUE;02.04.2015 00:00;24;23;43
MUE;03.04.2015 00:00;9.2;8;49
MUE;04.04.2015 00:00;33.7;44;48
MUE;05.04.2015 00:00;0;;92
MUE;06.04.2015 00:00;0;0;
MUE;07.04.2015 00:00;0;0;65
MUE;08.04.2015 00:00;0;0;60
MUE;09.04.2015 00:00;0;;57
MUE;10.04.2015 00:00;0;;
MUE;11.04.2015 00:00;0;;
MUE;12.04.2015 00:00;0;0;
MUE;13.04.2015 00:00;0;;10
MUE;14.04.2015 00:00;0;0;
MUE;15.04.2015 00:00;0;;7
MUE;16.04.2015 00:00;0;0;
MUE;17.04.2015 00:00;14.5;0;2
MUE;18.04.2015 00:00;0;0;0
MUE;19.04.2015 00:00;0;0;0
MUE;20.04.2015 00:00;0;;0
MUE;21.04.2015 00:00;0;;
MUE;22.04.2015 00:00;0;;
MUE;23.04.2015 00:00;0;;
MUE;24.04.2015 00:00;0;;
MUE;25.04.2015 00:00;5.8;0;
MUE;26.04.2015 00:00;0;0;0
MUE;27.04.2015 00:00;16.5;2;0
MUE;28.04.2015 00:00;2.1;;2
MUE;29.04.2015 00:00;4.5;0;
MUE;30.04.2015 00:00;7.8;0;0
MUE;01.05.2015 00:00;42.1;0;0
MUE;02.05.2015 00:00;39.5;0;0
MUE;03.05.2015 00:00;43.8;0;0
MUE;04.05.2015 00:00;6.5;0;0
MUE;05.05.2015 00:00;10.5;0;0
MUE;06.05.2015 00:00;4.4;0;0
MUE;07.05.2015 00:00;0;0;0
MUE;08.05.2015 00:00;6.7;0;0
MUE;09.05.2015 00:00;0;0;0
MUE;10.05.2015 00:00;0;0;0
MUE;11.05.2015 00:00;0;0;0
MUE;12.05.2015 00:00;0;0;0
MUE;13.05.2015 00:00;0.9;0;0
MUE;14.05.2015 00:00;6;0;0
MUE;15.05.2015 00:00;53.7;29;0
MUE;16.05.2015 00:00;0;0;29
MUE;17.05.2015 00:00;0;0;20
MUE;18.05.2015 00:00;0;0;10
MUE;19.05.2015 00:00;17.6;3;0
MUE;20.05.2015 00:00;18.9;18;3
MUE;21.05.2015 00:00;7.6;3;18
MUE;22.05.2015 00:00;1.3;1;12
MUE;23.05.2015 00:00;0.9;0;1
MUE;24.05.2015 00:00;0;0;0
MUE;25.05.2015 00:00;18;0;0
MUE;26.05.2015 00:00;17.1;0;0
MUE;27.05.2015 00:00;0;0;0
MUE;28.05.2015 00:00;0;0;0
MUE;29.05.2015 00:00;0.6;0;0
MUE;30.05.2015 00:00;0;0;0
MUE;31.05.2015 00:00;0;0;0
MUE;01.06.2015 00:00;0.3;;0
MUE;02.06.2015 00:00;0;0;
MUE;03.06.2015 00:00;0;0;0
MUE;04.06.2015 00:00;0;0;0
MUE;05.06.2015 00:00;0;0;0
MUE;06.06.2015 00:00;7.2;0;0
MUE;07.06.2015 00:00;0;0;0
MUE;08.06.2015 00:00;2.1;0;0
MUE;09.06.2015 00:00;0.3;;0
MUE;10.06.2015 00:00;0;;
MUE;11.06.2015 00:00;0.2;0;
MUE;12.06.2015 00:00;2.1;0;0
MUE;13.06.2015 00:00;1.2;0;0
MUE;14.06.2015 00:00;11.1;0;0
MUE;15.06.2015 00:00;10.3;0;0
MUE;16.06.2015 00:00;3.4;0;0
MUE;17.06.2015 00:00;0;;0
MUE;18.06.2015 00:00;34.1;0;
MUE;19.06.2015 00:00;0;;0
MUE;20.06.2015 00:00;2;0;
MUE;21.06.2015 00:00;0.8;0;0
MUE;22.06.2015 00:00;26.3;0;0
MUE;23.06.2015 00:00;6.4;0;0
MUE;24.06.2015 00:00;0;0;0
MUE;25.06.2015 00:00;0;;0
MUE;26.06.2015 00:00;0;0;
MUE;27.06.2015 00:00;1.5;;0
MUE;28.06.2015 00:00;0;0;
MUE;29.06.2015 00:00;0;0;0
MUE;30.06.2015 00:00;0;0;0
MUE;01.07.2015 00:00;0;0;0
MUE;02.07.2015 00:00;0;0;0
MUE;03.07.2015 00:00;0;0;0
MUE;04.07.2015 00:00;0;0;0
MUE;05.07.2015 00:00;4.1;0;0
MUE;06.07.2015 00:00;0;0;0
MUE;07.07.2015 00:00;4.6;0;0
MUE;08.07.2015 00:00;0;0;0
MUE;09.07.2015 00:00;0;0;0
MUE;10.07.2015 00:00;0;0;0
MUE;11.07.2015 00:00;0;0;0
MUE;12.07.2015 00:00;0;0;0
MUE;13.07.2015 00:00;0;0;0
MUE;14.07.2015 00:00;0;0;0
MUE;15.07.2015 00:00;0;0;0
MUE;16.07.2015 00:00;0;0;0
MUE;17.07.2015 00:00;0;0;0
MUE;18.07.2015 00:00;4.2;;0
MUE;19.07.2015 00:00;18.4;;
MUE;20.07.2015 00:00;0;;
MUE;21.07.2015 00:00;0.2;0;
MUE;22.07.2015 00:00;2.5;0;0
MUE;23.07.2015 00:00;0;0;0
MUE;24.07.2015 00:00;32;0;0
MUE;25.07.2015 00:00;0;0;0
MUE;26.07.2015 00:00;24;0;0
MUE;27.07.2015 00:00;0;0;0
MUE;28.07.2015 00:00;0;0;0
MUE;29.07.2015 00:00;12.7;;0
MUE;30.07.2015 00:00;0.4;0;
MUE;31.07.2015 00:00;11.3;0;0
MUE;01.08.2015 00:00;24.5;0;0
MUE;02.08.2015 00:00;0;0;0
MUE;03.08.2015 00:00;0;0;0
MUE;04.08.2015 00:00;9;0;0
MUE;05.08.2015 00:00;0;0;0
MUE;06.08.2015 00:00;0;0;0
MUE;07.08.2015 00:00;0;0;0
MUE;08.08.2015 00:00;0;0;0
MUE;09.08.2015 00:00;9.3;0;0
MUE;10.08.2015 00:00;0;0;0
MUE;11.08.2015 00:00;0;0;0
MUE;12.08.2015 00:00;0;0;0
MUE;13.08.2015 00:00;3.3;0;0
MUE;14.08.2015 00:00;10;0;0
MUE;15.08.2015 00:00;18.8;0;0
MUE;16.08.2015 00:00;15.5;0;0
MUE;17.08.2015 00:00;4.5;0;0
MUE;18.08.2015 00:00;66.5;0;0
MUE;19.08.2015 00:00;12.8;0;0
MUE;20.08.2015 00:00;0;0;0
MUE;21.08.2015 00:00;0;0;0
MUE;22.08.2015 00:00;0;0;0
MUE;23.08.2015 00:00;0.9;0;0
MUE;24.08.2015 00:00;9.6;0;0
MUE;25.08.2015 00:00;0;0;0
MUE;26.08.2015 00:00;0;0;0
MUE;27.08.2015 00:00;0;0;0
MUE;28.08.2015 00:00;0;0;0
MUE;29.08.2015 00:00;0;0;0
MUE;30.08.2015 00:00;0;0;0
MUE;31.08.2015 00:00;0;;0
MUE;01.09.2015 00:00;24.2;0;
MUE;02.09.2015 00:00;1.6;0;0
MUE;03.09.2015 00:00;4.1;0;0
MUE;04.09.2015 00:00;9.4;0;0
MUE;05.09.2015 00:00;8.5;0;0
MUE;06.09.2015 00:00;0;0;0
MUE;07.09.2015 00:00;0;0;0
MUE;08.09.2015 00:00;0;0;0
MUE;09.09.2015 00:00;0;0;0
MUE;10.09.2015 00:00;8.8;0;0
MUE;11.09.2015 00:00;0;0;0
MUE;12.09.2015 00:00;0;0;0
MUE;13.09.2015 00:00;16.4;0;0
MUE;14.09.2015 00:00;4.9;0;0
MUE;15.09.2015 00:00;0;0;0
MUE;16.09.2015 00:00;0;0;0
MUE;17.09.2015 00:00;14.8;0;0
MUE;18.09.2015 00:00;2.6;0;0
MUE;19.09.2015 00:00;13;0;0
MUE;20.09.2015 00:00;0;0;0
MUE;21.09.2015 00:00;0;0;0
MUE;22.09.2015 00:00;0.9;0;0
MUE;23.09.2015 00:00;12.1;0;0
MUE;24.09.2015 00:00;0;0;0
MUE;25.09.2015 00:00;0;0;0
MUE;26.09.2015 00:00;0;0;0
MUE;27.09.2015 00:00;0;0;0
MUE;28.09.2015 00:00;0;0;0
MUE;29.09.2015 00:00;0;0;0
MUE;30.09.2015 00:00;0;0;0
MUE;01.10.2015 00:00;0;0;0
MUE;02.10.2015 00:00;0;0;0
MUE;03.10.2015 00:00;6;0;0
MUE;04.10.2015 00:00;2.3;0;0
MUE;05.10.2015 00:00;3.9;0;0
MUE;06.10.2015 00:00;17.2;0;0
MUE;07.10.2015 00:00;4.2;0;0
MUE;08.10.2015 00:00;0;0;0
MUE;09.10.2015 00:00;0;0;0
MUE;10.10.2015 00:00;0;0;0
MUE;11.10.2015 00:00;0;0;0
MUE;12.10.2015 00:00;0.3;0;0
MUE;13.10.2015 00:00;13.7;0;0
MUE;14.10.2015 00:00;1.2;0;0
MUE;15.10.2015 00:00;12.4;10;0
MUE;16.10.2015 00:00;0;0;10
MUE;17.10.2015 00:00;0;0;0
MUE;18.10.2015 00:00;10.7;0;0
MUE;19.10.2015 00:00;0;0;0
MUE;20.10.2015 00:00;0;0;0
MUE;21.10.2015 00:00;0;0;0
MUE;22.10.2015 00:00;0;0;0
MUE;23.10.2015 00:00;0;0;0
MUE;24.10.2015 00:00;0;0;0
MUE;25.10.2015 00:00;0;0;0
MUE;26.10.2015 00:00;0;0;0
MUE;27.10.2015 00:00;0.3;0;0
MUE;28.10.2015 00:00;20.5;1;0
MUE;29.10.2015 00:00;0.9;0;0
MUE;30.10.2015 00:00;0;0;0
MUE;31.10.2015 00:00;0;0;0
MUE;01.11.2015 00:00;0;0;0
MUE;02.11.2015 00:00;0;0;0
MUE;03.11.2015 00:00;0;0;0
MUE;04.11.2015 00:00;0;0;0
MUE;05.11.2015 00:00;0;0;0
MUE;06.11.2015 00:00;0;0;0
MUE;07.11.2015 00:00;0;0;0
MUE;08.11.2015 00:00;0;0;0
MUE;09.11.2015 00:00;0;0;0
MUE;10.11.2015 00:00;0;0;0
MUE;11.11.2015 00:00;0;0;0
MUE;12.11.2015 00:00;0;0;0
MUE;13.11.2015 00:00;0;0;0
MUE;14.11.2015 00:00;0;0;0
MUE;15.11.2015 00:00;0;0;0
MUE;16.11.2015 00:00;0;0;0
MUE;17.11.2015 00:00;0;0;0
MUE;18.11.2015 00:00;0;0;0
MUE;19.11.2015 00:00;0;0;0
MUE;20.11.2015 00:00;52.2;20;0
MUE;21.11.2015 00:00;18.5;10;20
MUE;22.11.2015 00:00;9.1;10;30
MUE;23.11.2015 00:00;0;0;40
MUE;24.11.2015 00:00;6;8;40
MUE;25.11.2015 00:00;21.3;33;38
MUE;26.11.2015 00:00;3.1;;71
MUE;27.11.2015 00:00;0;29;
MUE;28.11.2015 00:00;3.1;4;29
MUE;29.11.2015 00:00;0.8;3;32
MUE;30.11.2015 00:00;0;0;35
MUE;01.12.2015 00:00;0;;33
MUE;02.12.2015 00:00;0;0;
MUE;03.12.2015 00:00;0;0;27
MUE;04.12.2015 00:00;0;0;26
MUE;05.12.2015 00:00;0;0;24
MUE;06.12.2015 00:00;0;0;21
MUE;07.12.2015 00:00;0;0;20
MUE;08.12.2015 00:00;0.1;1;18
MUE;09.12.2015 00:00;0.5;1;18
MUE;10.12.2015 00:00;0;0;17
MUE;11.12.2015 00:00;0;0;14
MUE;12.12.2015 00:00;0;0;14
MUE;13.12.2015 00:00;0;0;13
MUE;14.12.2015 00:00;0;0;13
MUE;15.12.2015 00:00;1.4;0;13
MUE;16.12.2015 00:00;4;0;13
MUE;17.12.2015 00:00;0;0;10
MUE;18.12.2015 00:00;0;0;7
MUE;19.12.2015 00:00;0;0;7
MUE;20.12.2015 00:00;0;0;4
MUE;21.12.2015 00:00;0.9;0;4
MUE;22.12.2015 00:00;0;0;2
MUE;23.12.2015 00:00;0;0;2
MUE;24.12.2015 00:00;0;0;0
MUE;25.12.2015 00:00;0;0;0
MUE;26.12.2015 00:00;0;0;0
MUE;27.12.2015 00:00;0;0;0
MUE;28.12.2015 00:00;0;0;0
MUE;29.12.2015 00:00;0;0;0
MUE;30.12.2015 00:00;0;0;0
MUE;31.12.2015 00:00;1.9;1;0
MUE;01.01.2016 00:00;0;0;1
MUE;02.01.2016 00:00;9.4;10;0
MUE;03.01.2016 00:00;5.2;4;10
MUE;04.01.2016 00:00;4.1;8;14
MUE;05.01.2016 00:00;0;0;20
MUE;06.01.2016 00:00;3.4;4;19
MUE;07.01.2016 00:00;9.7;0;22
MUE;08.01.2016 00:00;3.3;0;16
MUE;09.01.2016 00:00;9.3;3;13
MUE;10.01.2016 00:00;1.7;1;14
MUE;11.01.2016 00:00;12.5;10;13
MUE;12.01.2016 00:00;9;14;23
MUE;13.01.2016 00:00;0.3;1;34
MUE;14.01.2016 00:00;6.2;15;35
MUE;15.01.2016 00:00;6.5;14;41
MUE;16.01.2016 00:00;7.1;9;55
MUE;17.01.2016 00:00;6.8;14;61
MUE;18.01.2016 00:00;0.3;1;75
MUE;19.01.2016 00:00;0;0;75
MUE;20.01.2016 00:00;0.5;1;45
MUE;21.01.2016 00:00;0;1;41
MUE;22.01.2016 00:00;1.8;0;41
MUE;23.01.2016 00:00;0.2;0;39
MUE;24.01.2016 00:00;0;0;38
MUE;25.01.2016 00:00;0;0;35
MUE;26.01.2016 00:00;0;0;33
MUE;27.01.2016 00:00;0;;30
MUE;28.01.2016 00:00;0;0;
MUE;29.01.2016 00:00;0;0;25
MUE;30.01.2016 00:00;3.7;0;25
MUE;31.01.2016 00:00;25.1;0;19
MUE;01.02.2016 00:00;0;0;18
MUE;02.02.2016 00:00;0;0;18
MUE;03.02.2016 00:00;26;35;18
MUE;04.02.2016 00:00;31.7;30;53
MUE;05.02.2016 00:00;0;0;83
MUE;06.02.2016 00:00;0;0;71
MUE;07.02.2016 00:00;5.4;15;56
MUE;08.02.2016 00:00;0;0;71
MUE;09.02.2016 00:00;5.8;9;65
MUE;10.02.2016 00:00;0;1;73
MUE;11.02.2016 00:00;2.4;4;69
MUE;12.02.2016 00:00;8.8;13;73
MUE;13.02.2016 00:00;9.8;15;59
MUE;14.02.2016 00:00;3.9;6;63
MUE;15.02.2016 00:00;2.3;3;69
MUE;16.02.2016 00:00;0.5;1;64
MUE;17.02.2016 00:00;0;0;63
MUE;18.02.2016 00:00;6.7;13;60
MUE;19.02.2016 00:00;4.3;9;60
MUE;20.02.2016 00:00;11.4;2;67
MUE;21.02.2016 00:00;0;0;55
MUE;22.02.2016 00:00;1.9;0;52
MUE;23.02.2016 00:00;11.9;25;51
MUE;24.02.2016 00:00;0.8;1;76
MUE;25.02.2016 00:00;9.9;7;76
MUE;26.02.2016 00:00;0;0;83
MUE;27.02.2016 00:00;4.5;5;80
MUE;28.02.2016 00:00;1.4;2;85
MUE;29.02.2016 00:00;18.2;16;87
MUE;01.03.2016 00:00;5.3;3;74
MUE;02.03.2016 00:00;23.1;28;70
MUE;03.03.2016 00:00;14;20;98
MUE;04.03.2016 00:00;0.7;2;118
MUE;05.03.2016 00:00;11.5;13;120
MUE;06.03.2016 00:00;4.1;5;126
MUE;07.03.2016 00:00;4.8;6;80
MUE;08.03.2016 00:00;0.7;2;80
MUE;09.03.2016 00:00;0;0;82
MUE;10.03.2016 00:00;0;0;76
MUE;11.03.2016 00:00;0;0;70
MUE;12.03.2016 00:00;0;0;63
MUE;13.03.2016 00:00;0;0;63
MUE;14.03.2016 00:00;0;0;58
MUE;15.03.2016 00:00;4.4;4;58
MUE;16.03.2016 00:00;0;0;59
MUE;17.03.2016 00:00;0;0;59
MUE;18.03.2016 00:00;0;0;58
MUE;19.03.2016 00:00;0;0;58
MUE;20.03.2016 00:00;0;0;55
MUE;21.03.2016 00:00;0;0;54
MUE;22.03.2016 00:00;0;0;54
MUE;23.03.2016 00:00;0;0;52
MUE;24.03.2016 00:00;0;;48
MUE;25.03.2016 00:00;13;2;
MUE;26.03.2016 00:00;0;;47
MUE;27.03.2016 00:00;3.4;3;
MUE;28.03.2016 00:00;1;0;50
MUE;29.03.2016 00:00;0;0;43
MUE;30.03.2016 00:00;0;0;39
MUE;31.03.2016 00:00;0.1;0;35
MUE;01.04.2016 00:00;0;0;34
MUE;02.04.2016 00:00;0;0;33
MUE;03.04.2016 00:00;0;0;19
MUE;04.04.2016 00:00;0;;17
MUE;05.04.2016 00:00;5.8;0;
MUE;06.04.2016 00:00;5.2;0;9
MUE;07.04.2016 00:00;5.2;1;0
MUE;08.04.2016 00:00;9;5;1
MUE;09.04.2016 00:00;2.9;1;5
MUE;10.04.2016 00:00;0;0;4
MUE;11.04.2016 00:00;0;0;0
MUE;12.04.2016 00:00;0;0;0
MUE;13.04.2016 00:00;15.9;8;0
MUE;14.04.2016 00:00;0;0;8
MUE;15.04.2016 00:00;0.8;0;0
MUE;16.04.2016 00:00;2.5;0;0
MUE;17.04.2016 00:00;12.1;0;0
MUE;18.04.2016 00:00;15.9;16;0
MUE;19.04.2016 00:00;0;0;16
MUE;20.04.2016 00:00;0;0;0
MUE;21.04.2016 00:00;0;0;0
MUE;22.04.2016 00:00;8.9;0;0
MUE;23.04.2016 00:00;20.7;11;0
MUE;24.04.2016 00:00;18.5;18;11
MUE;25.04.2016 00:00;0;0;29
MUE;26.04.2016 00:00;10.5;14;12
MUE;27.04.2016 00:00;0;0;26
MUE;28.04.2016 00:00;0;0;5
MUE;29.04.2016 00:00;0;0;4
MUE;30.04.2016 00:00;9.8;10;0
MUE;01.05.2016 00:00;18;8;10
MUE;02.05.2016 00:00;0;0;18
MUE;03.05.2016 00:00;15.1;0;11
MUE;04.05.2016 00:00;0;0;10
MUE;05.05.2016 00:00;0;0;2
MUE;06.05.2016 00:00;0;0;0
MUE;07.05.2016 00:00;0;0;0
MUE;08.05.2016 00:00;0;0;0
MUE;09.05.2016 00:00;0;0;0
MUE;10.05.2016 00:00;0;0;0
MUE;11.05.2016 00:00;11.5;0;0
MUE;12.05.2016 00:00;48.2;0;0
MUE;13.05.2016 00:00;15.4;0;0
MUE;14.05.2016 00:00;34.5;0;0
MUE;15.05.2016 00:00;0;0;0
MUE;16.05.2016 00:00;2.3;0;0
MUE;17.05.2016 00:00;0;0;0
MUE;18.05.2016 00:00;8.9;0;0
MUE;19.05.2016 00:00;3.6;0;0
MUE;20.05.2016 00:00;0;0;0
MUE;21.05.2016 00:00;0;;0
MUE;22.05.2016 00:00;22.5;18;
MUE;23.05.2016 00:00;29.1;6;18
MUE;24.05.2016 00:00;2.4;0;24
MUE;25.05.2016 00:00;0.6;0;8
MUE;26.05.2016 00:00;0;0;0
MUE;27.05.2016 00:00;13.8;0;0
MUE;28.05.2016 00:00;0;0;0
MUE;29.05.2016 00:00;22.3;0;0
MUE;30.05.2016 00:00;0;0;0
MUE;31.05.2016 00:00;6.8;0;0
MUE;01.06.2016 00:00;1.4;0;0
MUE;02.06.2016 00:00;6.6;0;0
MUE;03.06.2016 00:00;8.6;0;0
MUE;04.06.2016 00:00;5.1;0;0
MUE;05.06.2016 00:00;3.1;0;0
MUE;06.06.2016 00:00;1.7;0;0
MUE;07.06.2016 00:00;0.9;0;0
MUE;08.06.2016 00:00;15.8;0;0
MUE;09.06.2016 00:00;22.6;0;0
MUE;10.06.2016 00:00;7.8;0;0
MUE;11.06.2016 00:00;7.6;0;0
MUE;12.06.2016 00:00;6.9;0;0
MUE;13.06.2016 00:00;5.6;0;0
MUE;14.06.2016 00:00;21.1;0;0
MUE;15.06.2016 00:00;19.5;0;0
MUE;16.06.2016 00:00;31;0;0
MUE;17.06.2016 00:00;1.5;0;0
MUE;18.06.2016 00:00;17.8;0;0
MUE;19.06.2016 00:00;13.9;0;0
MUE;20.06.2016 00:00;2.4;0;0
MUE;21.06.2016 00:00;0.2;0;0
MUE;22.06.2016 00:00;0;0;0
MUE;23.06.2016 00:00;0;0;0
MUE;24.06.2016 00:00;2;0;0
MUE;25.06.2016 00:00;11.6;0;0
MUE;26.06.2016 00:00;1.8;0;0
MUE;27.06.2016 00:00;0;0;0
MUE;28.06.2016 00:00;0;0;0
MUE;29.06.2016 00:00;4.4;0;0
MUE;30.06.2016 00:00;0.7;0;0
MUE;01.07.2016 00:00;0;0;0
MUE;02.07.2016 00:00;12.8;0;0
MUE;03.07.2016 00:00;0;0;0
MUE;04.07.2016 00:00;0;0;0
MUE;05.07.2016 00:00;7;0;0
MUE;06.07.2016 00:00;0;0;0
MUE;07.07.2016 00:00;0;0;0
MUE;08.07.2016 00:00;0;0;0
MUE;09.07.2016 00:00;0;0;0
MUE;10.07.2016 00:00;0;0;0
MUE;11.07.2016 00:00;27.5;0;0
MUE;12.07.2016 00:00;23.4;0;0
MUE;13.07.2016 00:00;31.3;0;0
MUE;14.07.2016 00:00;20.7;0;0
MUE;15.07.2016 00:00;0;0;0
MUE;16.07.2016 00:00;0;0;0
MUE;17.07.2016 00:00;0;0;0
MUE;18.07.2016 00:00;0;0;0
MUE;19.07.2016 00:00;0;0;0
MUE;20.07.2016 00:00;4;0;0
MUE;21.07.2016 00:00;16.5;0;0
MUE;22.07.2016 00:00;8.6;0;0
MUE;23.07.2016 00:00;2.1;0;0
MUE;24.07.2016 00:00;1.8;0;0
MUE;25.07.2016 00:00;3.1;0;0
MUE;26.07.2016 00:00;8.4;0;0
MUE;27.07.2016 00:00;10.9;0;0
MUE;28.07.2016 00:00;2.1;0;0
MUE;29.07.2016 00:00;0;0;0
MUE;30.07.2016 00:00;0.9;0;0
MUE;31.07.2016 00:00;24.3;0;0
MUE;01.08.2016 00:00;0.4;0;0
MUE;02.08.2016 00:00;0;;0
MUE;03.08.2016 00:00;0;0;
MUE;04.08.2016 00:00;43.2;0;0
MUE;05.08.2016 00:00;20.4;0;0
MUE;06.08.2016 00:00;0;0;0
MUE;07.08.2016 00:00;0;0;0
MUE;08.08.2016 00:00;0;0;0
MUE;09.08.2016 00:00;32.2;0;0
MUE;10.08.2016 00:00;9.2;0;0
MUE;11.08.2016 00:00;0;0;0
MUE;12.08.2016 00:00;0;0;0
MUE;13.08.2016 00:00;0;0;0
MUE;14.08.2016 00:00;0;0;0
MUE;15.08.2016 00:00;3.4;0;0
MUE;16.08.2016 00:00;5.2;0;0
MUE;17.08.2016 00:00;10.5;0;0
MUE;18.08.2016 00:00;12.6;0;0
MUE;19.08.2016 00:00;0;0;0
MUE;20.08.2016 00:00;4.9;0;0
MUE;21.08.2016 00:00;0;0;0
MUE;22.08.2016 00:00;0;0;0
MUE;23.08.2016 00:00;0;0;0
MUE;24.08.2016 00:00;0;0;0
MUE;25.08.2016 00:00;0;0;0
MUE;26.08.2016 00:00;0;0;0
MUE;27.08.2016 00:00;0.9;0;0
MUE;28.08.2016 00:00;0.3;0;0
MUE;29.08.2016 00:00;1.1;0;0
MUE;30.08.2016 00:00;0;0;0
MUE;31.08.2016 00:00;0.6;;0
MUE;01.09.2016 00:00;0;0;
MUE;02.09.2016 00:00;0;0;0
MUE;03.09.2016 00:00;0;0;0
MUE;04.09.2016 00:00;45.3;0;0
MUE;05.09.2016 00:00;67.5;0;0
MUE;06.09.2016 00:00;0;0;0
MUE;07.09.2016 00:00;0;0;0
MUE;08.09.2016 00:00;0;0;0
MUE;09.09.2016 00:00;0;0;0
MUE;10.09.2016 00:00;0;0;0
MUE;11.09.2016 00:00;0;0;0
MUE;12.09.2016 00:00;0;0;0
MUE;13.09.2016 00:00;0;0;0
MUE;14.09.2016 00:00;0;0;0
MUE;15.09.2016 00:00;13.1;0;0
MUE;16.09.2016 00:00;6.5;0;0
MUE;17.09.2016 00:00;11.4;0;0
MUE;18.09.2016 00:00;12.9;0;0
MUE;19.09.2016 00:00;9.6;0;0
MUE;20.09.2016 00:00;3.7;0;0
MUE;21.09.2016 00:00;0;0;0
MUE;22.09.2016 00:00;0;0;0
MUE;23.09.2016 00:00;0;0;0
MUE;24.09.2016 00:00;0;0;0
MUE;25.09.2016 00:00;0;0;0
MUE;26.09.2016 00:00;8.3;0;0
MUE;27.09.2016 00:00;0;0;0
MUE;28.09.2016 00:00;0;0;0
MUE;29.09.2016 00:00;0;0;0
MUE;30.09.2016 00:00;0;0;0
MUE;01.10.2016 00:00;0.6;;0
MUE;02.10.2016 00:00;12.2;0;
MUE;03.10.2016 00:00;0;0;0
MUE;04.10.2016 00:00;0;0;0
MUE;05.10.2016 00:00;0;0;0
MUE;06.10.2016 00:00;0;0;0
MUE;07.10.2016 00:00;0;;0
MUE;08.10.2016 00:00;0;0;
MUE;09.10.2016 00:00;5.7;5;0
MUE;10.10.2016 00:00;0.2;0;5
MUE;11.10.2016 00:00;0;0;0
MUE;12.10.2016 00:00;0;0;0
MUE;13.10.2016 00:00;0;0;0
MUE;14.10.2016 00:00;15.4;0;0
MUE;15.10.2016 00:00;1.7;0;0
MUE;16.10.2016 00:00;0;0;0
MUE;17.10.2016 00:00;3.4;0;0
MUE;18.10.2016 00:00;2;0;0
MUE;19.10.2016 00:00;1.1;0;0
MUE;20.10.2016 00:00;0;0;0
MUE;21.10.2016 00:00;0;0;0
MUE;22.10.2016 00:00;0;0;0
MUE;23.10.2016 00:00;1;0;0
MUE;24.10.2016 00:00;0.4;0;0
MUE;25.10.2016 00:00;11.4;0;0
MUE;26.10.2016 00:00;12.3;0;0
MUE;27.10.2016 00:00;0;0;0
MUE;28.10.2016 00:00;0;0;0
MUE;29.10.2016 00:00;0;0;0
MUE;30.10.2016 00:00;0;0;0
MUE;31.10.2016 00:00;0;0;0
MUE;01.11.2016 00:00;0;0;0
MUE;02.11.2016 00:00;0;0;0
MUE;03.11.2016 00:00;0;0;0
MUE;04.11.2016 00:00;0.9;0;0
MUE;05.11.2016 00:00;28.5;6;0
MUE;06.11.2016 00:00;7.5;9;6
MUE;07.11.2016 00:00;2.4;2;15
MUE;08.11.2016 00:00;2.5;2;17
MUE;09.11.2016 00:00;3;5;15
MUE;10.11.2016 00:00;18.2;32;20
MUE;11.11.2016 00:00;21.9;17;50
MUE;12.11.2016 00:00;0;0;67
MUE;13.11.2016 00:00;7;5;30
MUE;14.11.2016 00:00;0;0;35
MUE;15.11.2016 00:00;0;0;32
MUE;16.11.2016 00:00;2.1;0;30
MUE;17.11.2016 00:00;0;0;18
MUE;18.11.2016 00:00;9.7;2;12
MUE;19.11.2016 00:00;5.3;4;14
MUE;20.11.2016 00:00;0;0;18
MUE;21.11.2016 00:00;0;0;6
MUE;22.11.2016 00:00;0;0;0
MUE;23.11.2016 00:00;0;0;0
MUE;24.11.2016 00:00;0;;0
MUE;25.11.2016 00:00;0.7;0;
MUE;26.11.2016 00:00;0;0;0
MUE;27.11.2016 00:00;0;0;0
MUE;28.11.2016 00:00;0;0;0
MUE;29.11.2016 00:00;0;0;0
MUE;30.11.2016 00:00;0;0;0
MUE;01.12.2016 00:00;0;0;0
MUE;02.12.2016 00:00;0;0;0
MUE;03.12.2016 00:00;0;0;0
MUE;04.12.2016 00:00;0;0;0
MUE;05.12.2016 00:00;0;0;0
MUE;06.12.2016 00:00;0;0;0
MUE;07.12.2016 00:00;0;0;0
MUE;08.12.2016 00:00;0;0;0
MUE;09.12.2016 00:00;0;0;0
MUE;10.12.2016 00:00;0;0;0
MUE;11.12.2016 00:00;0;0;0
MUE;12.12.2016 00:00;0;0;0
MUE;13.12.2016 00:00;0;0;0
MUE;14.12.2016 00:00;0;0;0
MUE;15.12.2016 00:00;0;0;0
MUE;16.12.2016 00:00;0;0;0
MUE;17.12.2016 00:00;0;0;0
MUE;18.12.2016 00:00;0.3;1;0
MUE;19.12.2016 00:00;0;0;1
MUE;20.12.2016 00:00;0;0;0
MUE;21.12.2016 00:00;0;0;0
MUE;22.12.2016 00:00;0;0;0
MUE;23.12.2016 00:00;0;0;0
MUE;24.12.2016 00:00;0.3;;0
MUE;25.12.2016 00:00;0;0;
MUE;26.12.2016 00:00;0;0;0
MUE;27.12.2016 00:00;0;0;0
MUE;28.12.2016 00:00;0;0;0
MUE;29.12.2016 00:00;0;0;0
MUE;30.12.2016 00:00;0;0;0
MUE;31.12.2016 00:00;0;0;0
MUE;01.01.2017 00:00;0;0;0
MUE;02.01.2017 00:00;2.5;5;0
MUE;03.01.2017 00:00;0;0;5
MUE;04.01.2017 00:00;11.6;14;7
MUE;05.01.2017 00:00;1.4;2;15
MUE;06.01.2017 00:00;0;0;22
MUE;07.01.2017 00:00;4.8;6;20
MUE;08.01.2017 00:00;0;0;23
MUE;09.01.2017 00:00;0;0;22
MUE;10.01.2017 00:00;8.7;11;20
MUE;11.01.2017 00:00;5.8;8;29
MUE;12.01.2017 00:00;3.7;3;28
MUE;13.01.2017 00:00;16.4;28;31
MUE;14.01.2017 00:00;10.5;19;51
MUE;15.01.2017 00:00;3.6;2;61
MUE;16.01.2017 00:00;4;0;55
MUE;17.01.2017 00:00;0;2;52
MUE;18.01.2017 00:00;0;0;49
MUE;19.01.2017 00:00;0;0;47
MUE;20.01.2017 00:00;0;0;44
MUE;21.01.2017 00:00;0;0;41
MUE;22.01.2017 00:00;0;0;40
MUE;23.01.2017 00:00;0;0;39
MUE;24.01.2017 00:00;0;0;38
MUE;25.01.2017 00:00;0;0;37
MUE;26.01.2017 00:00;0;0;36
MUE;27.01.2017 00:00;0;0;36
MUE;28.01.2017 00:00;0;0;36
MUE;29.01.2017 00:00;0;0;36
MUE;30.01.2017 00:00;6;2;36
MUE;31.01.2017 00:00;18.3;0;40
MUE;01.02.2017 00:00;0.2;0;41
MUE;02.02.2017 00:00;0;0;38
MUE;03.02.2017 00:00;0;0;35
MUE;04.02.2017 00:00;3.4;2;35
MUE;05.02.2017 00:00;27.4;32;36
MUE;06.02.2017 00:00;14.6;2;68
MUE;07.02.2017 00:00;8.5;20;70
MUE;08.02.2017 00:00;8.1;13;88
MUE;09.02.2017 00:00;0;0;98
MUE;10.02.2017 00:00;0;0;97
MUE;11.02.2017 00:00;0;0;96
MUE;12.02.2017 00:00;0;0;79
MUE;13.02.2017 00:00;0;0;74
MUE;14.02.2017 00:00;0;0;71
MUE;15.02.2017 00:00;0;0;69
MUE;16.02.2017 00:00;0;0;66
MUE;17.02.2017 00:00;9.8;14;65
MUE;18.02.2017 00:00;0;0;76
MUE;19.02.2017 00:00;0;0;75
MUE;20.02.2017 00:00;0.8;0;60
MUE;21.02.2017 00:00;10;0;59
MUE;22.02.2017 00:00;0;;56
MUE;23.02.2017 00:00;5;6;
MUE;24.02.2017 00:00;7.4;9;59
MUE;25.02.2017 00:00;0;0;67
MUE;26.02.2017 00:00;0;0;50
MUE;27.02.2017 00:00;0;0;48
MUE;28.02.2017 00:00;11.1;15;46
MUE;01.03.2017 00:00;5.6;7;58
MUE;02.03.2017 00:00;0;0;65
MUE;03.03.2017 00:00;0;0;59
MUE;04.03.2017 00:00;5.5;5;50
MUE;05.03.2017 00:00;5.8;4;50
MUE;06.03.2017 00:00;26.8;30;53
MUE;07.03.2017 00:00;9.2;17;83
MUE;08.03.2017 00:00;24.5;10;100
MUE;09.03.2017 00:00;14.1;5;90
MUE;10.03.2017 00:00;0;0;85
MUE;11.03.2017 00:00;0;0;70
MUE;12.03.2017 00:00;0;0;68
MUE;13.03.2017 00:00;0;0;65
MUE;14.03.2017 00:00;0;0;63
MUE;15.03.2017 00:00;0;0;61
MUE;16.03.2017 00:00;0;0;58
MUE;17.03.2017 00:00;0;0;55
MUE;18.03.2017 00:00;25.1;0;46
MUE;19.03.2017 00:00;1.9;0;36
MUE;20.03.2017 00:00;0;0;33
MUE;21.03.2017 00:00;0.4;0;28
MUE;22.03.2017 00:00;13;8;24
MUE;23.03.2017 00:00;0;0;20
MUE;24.03.2017 00:00;0;0;15
MUE;25.03.2017 00:00;1.1;0;7
MUE;26.03.2017 00:00;0.5;0;4
MUE;27.03.2017 00:00;0;0;0
MUE;28.03.2017 00:00;1;0;0
MUE;29.03.2017 00:00;0;0;0
MUE;30.03.2017 00:00;0;0;0
MUE;31.03.2017 00:00;0;0;0
MUE;01.04.2017 00:00;6.9;1;0
MUE;02.04.2017 00:00;0.5;0;1
MUE;03.04.2017 00:00;1.4;0;0
MUE;04.04.2017 00:00;6.6;2;0
MUE;05.04.2017 00:00;0;0;2
MUE;06.04.2017 00:00;0;0;0
MUE;07.04.2017 00:00;0;0;0
MUE;08.04.2017 00:00;0;0;0
MUE;09.04.2017 00:00;0;0;0
MUE;10.04.2017 00:00;1;0;0
MUE;11.04.2017 00:00;0;0;0
MUE;12.04.2017 00:00;0;0;0
MUE;13.04.2017 00:00;0;0;0
MUE;14.04.2017 00:00;0;0;0
MUE;15.04.2017 00:00;19.5;0;0
MUE;16.04.2017 00:00;14.1;8;0
MUE;17.04.2017 00:00;9.8;9;8
MUE;18.04.2017 00:00;3.8;4;17
MUE;19.04.2017 00:00;1.4;0;20
MUE;20.04.2017 00:00;0;0;19
MUE;21.04.2017 00:00;0;0;5
MUE;22.04.2017 00:00;0;0;0
MUE;23.04.2017 00:00;0;0;0
MUE;24.04.2017 00:00;0;0;0
MUE;25.04.2017 00:00;8.4;0;0
MUE;26.04.2017 00:00;11.2;6;0
MUE;27.04.2017 00:00;26.1;33;6
MUE;28.04.2017 00:00;0;5;39
MUE;29.04.2017 00:00;0;0;36
MUE;30.04.2017 00:00;0;0;0
MUE;01.05.2017 00:00;17.7;18;0
MUE;02.05.2017 00:00;7.5;0;18
MUE;03.05.2017 00:00;3.7;2;12
MUE;04.05.2017 00:00;3.2;0;14
MUE;05.05.2017 00:00;7.2;0;0
MUE;06.05.2017 00:00;26.6;0;0
MUE;07.05.2017 00:00;7.4;2;0
MUE;08.05.2017 00:00;1.9;0;2
MUE;09.05.2017 00:00;0;0;0
MUE;10.05.2017 00:00;0;0;0
MUE;11.05.2017 00:00;0;0;0
MUE;12.05.2017 00:00;10;0;0
MUE;13.05.2017 00:00;7.5;0;0
MUE;14.05.2017 00:00;6.6;0;0
MUE;15.05.2017 00:00;0;0;0
MUE;16.05.2017 00:00;0;0;0
MUE;17.05.2017 00:00;0;0;0
MUE;18.05.2017 00:00;4.7;0;0
MUE;19.05.2017 00:00;29.5;22;0
MUE;20.05.2017 00:00;0;0;22
MUE;21.05.2017 00:00;0;0;0
MUE;22.05.2017 00:00;0;0;0
MUE;23.05.2017 00:00;0;0;0
MUE;24.05.2017 00:00;0;0;0
MUE;25.05.2017 00:00;0;;0
MUE;26.05.2017 00:00;0;0;
MUE;27.05.2017 00:00;0;0;0
MUE;28.05.2017 00:00;0;0;0
MUE;29.05.2017 00:00;15;0;0
MUE;30.05.2017 00:00;3.2;0;0
MUE;31.05.2017 00:00;0.1;;0
MUE;01.06.2017 00:00;0;0;
MUE;02.06.2017 00:00;0.8;0;0
MUE;03.06.2017 00:00;18.5;0;0
MUE;04.06.2017 00:00;5.4;0;0
MUE;05.06.2017 00:00;3.1;0;0
MUE;06.06.2017 00:00;5.9;0;0
MUE;07.06.2017 00:00;0;0;0
MUE;08.06.2017 00:00;0;0;0
MUE;09.06.2017 00:00;0;0;0
MUE;10.06.2017 00:00;0;0;0
MUE;11.06.2017 00:00;0;0;0
MUE;12.06.2017 00:00;0;0;0
MUE;13.06.2017 00:00;0;0;0
MUE;14.06.2017 00:00;9.5;0;0
MUE;15.06.2017 00:00;0;0;0
MUE;16.06.2017 00:00;0;0;0
MUE;17.06.2017 00:00;0;0;0
MUE;18.06.2017 00:00;0;0;0
MUE;19.06.2017 00:00;0;0;0
MUE;20.06.2017 00:00;0;0;0
MUE;21.06.2017 00:00;7.7;0;0
MUE;22.06.2017 00:00;0;0;0
MUE;23.06.2017 00:00;0;0;0
MUE;24.06.2017 00:00;18.1;0;0
MUE;25.06.2017 00:00;0;0;0
MUE;26.06.2017 00:00;26.6;0;0
MUE;27.06.2017 00:00;3.6;0;0
MUE;28.06.2017 00:00;16.1;0;0
MUE;29.06.2017 00:00;11.5;0;0
MUE;30.06.2017 00:00;11.7;0;0
MUE;01.07.2017 00:00;5.5;0;0
MUE;02.07.2017 00:00;3.5;0;0
MUE;03.07.2017 00:00;0;0;0
MUE;04.07.2017 00:00;0;0;0
MUE;05.07.2017 00:00;5.4;0;0
MUE;06.07.2017 00:00;0;0;0
MUE;07.07.2017 00:00;0;0;0
MUE;08.07.2017 00:00;8.9;0;0
MUE;09.07.2017 00:00;4.3;0;0
MUE;10.07.2017 00:00;24.2;0;0
MUE;11.07.2017 00:00;0;0;0
MUE;12.07.2017 00:00;0;0;0
MUE;13.07.2017 00:00;0;0;0
MUE;14.07.2017 00:00;0.5;0;0
MUE;15.07.2017 00:00;0;0;0
MUE;16.07.2017 00:00;0;0;0
MUE;17.07.2017 00:00;0;0;0
MUE;18.07.2017 00:00;7.7;0;0
MUE;19.07.2017 00:00;16.4;0;0
MUE;20.07.2017 00:00;1.1;0;0
MUE;21.07.2017 00:00;2.7;0;0
MUE;22.07.2017 00:00;1.4;0;0
MUE;23.07.2017 00:00;3.9;0;0
MUE;24.07.2017 00:00;16.2;0;0
MUE;25.07.2017 00:00;27.7;0;0
MUE;26.07.2017 00:00;2;0;0
MUE;27.07.2017 00:00;0.2;0;0
MUE;28.07.2017 00:00;0;0;0
MUE;29.07.2017 00:00;0;0;0
MUE;30.07.2017 00:00;16.8;0;0
MUE;31.07.2017 00:00;3.6;0;0
MUE;01.08.2017 00:00;15.4;0;0
MUE;02.08.2017 00:00;0;0;0
MUE;03.08.2017 00:00;0;0;0
MUE;04.08.2017 00:00;0;0;0
MUE;05.08.2017 00:00;0;0;0
MUE;06.08.2017 00:00;16.1;0;0
MUE;07.08.2017 00:00;0;0;0
MUE;08.08.2017 00:00;27.1;0;0
MUE;09.08.2017 00:00;19.5;0;0
MUE;10.08.2017 00:00;57.2;0;0
MUE;11.08.2017 00:00;16;0;0
MUE;12.08.2017 00:00;0;0;0
MUE;13.08.2017 00:00;0;0;0
MUE;14.08.2017 00:00;0.6;0;0
MUE;15.08.2017 00:00;11.7;0;0
MUE;16.08.2017 00:00;0;0;0
MUE;17.08.2017 00:00;0;0;0
MUE;18.08.2017 00:00;30.4;0;0
MUE;19.08.2017 00:00;0.5;0;0
MUE;20.08.2017 00:00;0;0;0
MUE;21.08.2017 00:00;0;0;0
MUE;22.08.2017 00:00;0;0;0
MUE;23.08.2017 00:00;0;0;0
MUE;24.08.2017 00:00;5.9;0;0
MUE;25.08.2017 00:00;0;0;0
MUE;26.08.2017 00:00;3.9;0;0
MUE;27.08.2017 00:00;0.2;0;0
MUE;28.08.2017 00:00;0;0;0
MUE;29.08.2017 00:00;0;0;0
MUE;30.08.2017 00:00;2.3;0;0
MUE;31.08.2017 00:00;31.2;0;0
MUE;01.09.2017 00:00;39.5;0;0
MUE;02.09.2017 00:00;12.6;0;0
MUE;03.09.2017 00:00;0;0;0
MUE;04.09.2017 00:00;0;0;0
MUE;05.09.2017 00:00;0;0;0
MUE;06.09.2017 00:00;0;0;0
MUE;07.09.2017 00:00;0;0;0
MUE;08.09.2017 00:00;0;0;0
MUE;09.09.2017 00:00;24.5;0;0
MUE;10.09.2017 00:00;0;0;0
MUE;11.09.2017 00:00;0.3;0;0
MUE;12.09.2017 00:00;0.4;0;0
MUE;13.09.2017 00:00;1.2;0;0
MUE;14.09.2017 00:00;8.6;0;0
MUE;15.09.2017 00:00;2.9;0;0
MUE;16.09.2017 00:00;4;0;0
MUE;17.09.2017 00:00;7.2;0;0
MUE;18.09.2017 00:00;13.1;0;0
MUE;19.09.2017 00:00;3.6;0;0
MUE;20.09.2017 00:00;0;0;0
MUE;21.09.2017 00:00;0;0;0
MUE;22.09.2017 00:00;0;0;0
MUE;23.09.2017 00:00;2.7;0;0
MUE;24.09.2017 00:00;0.2;0;0
MUE;25.09.2017 00:00;0;0;0
MUE;26.09.2017 00:00;3.5;0;0
MUE;27.09.2017 00:00;0;0;0
MUE;28.09.2017 00:00;0;0;0
MUE;29.09.2017 00:00;0;0;0
MUE;30.09.2017 00:00;14.8;0;0
MUE;01.10.2017 00:00;0;0;0
MUE;02.10.2017 00:00;10.2;0;0
MUE;03.10.2017 00:00;27.4;0;0
MUE;04.10.2017 00:00;0;0;0
MUE;05.10.2017 00:00;6.8;0;0
MUE;06.10.2017 00:00;0.2;0;0
MUE;07.10.2017 00:00;3.6;0;0
MUE;08.10.2017 00:00;0;0;0
MUE;09.10.2017 00:00;0;0;0
MUE;10.10.2017 00:00;0;0;0
MUE;11.10.2017 00:00;0;0;0
MUE;12.10.2017 00:00;0;0;0
MUE;13.10.2017 00:00;0;0;0
MUE;14.10.2017 00:00;0;0;0
MUE;15.10.2017 00:00;0;0;0
MUE;16.10.2017 00:00;0;0;0
MUE;17.10.2017 00:00;0;0;0
MUE;18.10.2017 00:00;0;0;0
MUE;19.10.2017 00:00;0;0;0
MUE;20.10.2017 00:00;0;0;0
MUE;21.10.2017 00:00;4.7;0;0
MUE;22.10.2017 00:00;9.4;8;0
MUE;23.10.2017 00:00;2;0;8
MUE;24.10.2017 00:00;0;0;0
MUE;25.10.2017 00:00;0;0;0
MUE;26.10.2017 00:00;0;0;0
MUE;27.10.2017 00:00;7.1;0;0
MUE;28.10.2017 00:00;1.2;0;0
MUE;29.10.2017 00:00;15.6;0;0
MUE;30.10.2017 00:00;1.9;0;0
MUE;31.10.2017 00:00;0;0;0
MUE;01.11.2017 00:00;0;0;0
MUE;02.11.2017 00:00;0;0;0
MUE;03.11.2017 00:00;0;0;0
MUE;04.11.2017 00:00;1.2;0;0
MUE;05.11.2017 00:00;37;27;0
MUE;06.11.2017 00:00;4;1;27
MUE;07.11.2017 00:00;6.9;4;28
MUE;08.11.2017 00:00;0;0;28
MUE;09.11.2017 00:00;0;0;20
MUE;10.11.2017 00:00;1.5;0;2
MUE;11.11.2017 00:00;23.7;;1
MUE;12.11.2017 00:00;31;47;
MUE;13.11.2017 00:00;8.4;16;47
MUE;14.11.2017 00:00;0;0;63
MUE;15.11.2017 00:00;0;0;45
MUE;16.11.2017 00:00;0;0;40
MUE;17.11.2017 00:00;0;0;35
MUE;18.11.2017 00:00;4.1;8;35
MUE;19.11.2017 00:00;14.7;12;43
MUE;20.11.2017 00:00;0;0;55
MUE;21.11.2017 00:00;0;0;40
MUE;22.11.2017 00:00;0;0;37
MUE;23.11.2017 00:00;0;0;35
MUE;24.11.2017 00:00;0;0;33
MUE;25.11.2017 00:00;21.6;29;33
MUE;26.11.2017 00:00;0.3;2;62
MUE;27.11.2017 00:00;0;0;53
MUE;28.11.2017 00:00;2;2;47
MUE;29.11.2017 00:00;9.7;13;49
MUE;30.11.2017 00:00;0.8;3;62
MUE;01.12.2017 00:00;0;0;55
MUE;02.12.2017 00:00;0;0;55
MUE;03.12.2017 00:00;3.1;4;50
MUE;04.12.2017 00:00;0;0;54
MUE;05.12.2017 00:00;0;0;43
MUE;06.12.2017 00:00;0;;43
MUE;07.12.2017 00:00;5.1;;
MUE;08.12.2017 00:00;19.4;36;
MUE;09.12.2017 00:00;3.5;2;70
MUE;10.12.2017 00:00;8.3;0;70
MUE;11.12.2017 00:00;9.6;12;50
MUE;12.12.2017 00:00;7.8;5;62
MUE;13.12.2017 00:00;0;0;67
MUE;14.12.2017 00:00;5.7;5;60
MUE;15.12.2017 00:00;5.7;5;63
MUE;16.12.2017 00:00;16.9;28;64
MUE;17.12.2017 00:00;2.3;3;93
MUE;18.12.2017 00:00;13.5;21;96
MUE;19.12.2017 00:00;0;0;97
MUE;20.12.2017 00:00;0;0;95
MUE;21.12.2017 00:00;0.3;0;89
MUE;22.12.2017 00:00;2.7;0;87
MUE;23.12.2017 00:00;0;0;82
MUE;24.12.2017 00:00;0;0;80
MUE;25.12.2017 00:00;0;0;80
MUE;26.12.2017 00:00;0;0;80
MUE;27.12.2017 00:00;14.2;22;80
MUE;28.12.2017 00:00;5.2;8;80
MUE;29.12.2017 00:00;10.4;12;88
MUE;30.12.2017 00:00;18.7;;100
MUE;31.12.2017 00:00;4.9;5;
MUE;01.01.2018 00:00;6.9;;105
MUE;02.01.2018 00:00;6.1;5;
MUE;03.01.2018 00:00;29;13;110
MUE;04.01.2018 00:00;47.2;;115
MUE;05.01.2018 00:00;0;;
MUE;06.01.2018 00:00;0;;
MUE;07.01.2018 00:00;0;;
MUE;08.01.2018 00:00;24;5;
MUE;09.01.2018 00:00;0;0;65
MUE;10.01.2018 00:00;0;0;59
MUE;11.01.2018 00:00;0.1;0;48
MUE;12.01.2018 00:00;0;0;50
MUE;13.01.2018 00:00;0;0;50
MUE;14.01.2018 00:00;0;0;50
MUE;15.01.2018 00:00;0;0;47
MUE;16.01.2018 00:00;9.5;;46
MUE;17.01.2018 00:00;4.1;9;80
MUE;18.01.2018 00:00;13.2;8;89
MUE;19.01.2018 00:00;8.6;13;97
MUE;20.01.2018 00:00;12.5;0;110
MUE;21.01.2018 00:00;40.4;14;110
MUE;22.01.2018 00:00;74.4;0;124
MUE;23.01.2018 00:00;0;0;120
MUE;24.01.2018 00:00;0;0;118
MUE;25.01.2018 00:00;0;0;116
MUE;26.01.2018 00:00;0;0;114
MUE;27.01.2018 00:00;0;0;114
MUE;28.01.2018 00:00;0;0;114
MUE;29.01.2018 00:00;0;0;114
MUE;30.01.2018 00:00;0;0;114
MUE;31.01.2018 00:00;0.9;0;113
MUE;01.02.2018 00:00;12.4;5;120
MUE;02.02.2018 00:00;0;0;125
MUE;03.02.2018 00:00;0;0;124
MUE;04.02.2018 00:00;0;0;124
MUE;05.02.2018 00:00;0;0;123
MUE;06.02.2018 00:00;0;0;123
MUE;07.02.2018 00:00;0.1;1;122
MUE;08.02.2018 00:00;0;0;123
MUE;09.02.2018 00:00;0;0;123
MUE;10.02.2018 00:00;0;0;122
MUE;11.02.2018 00:00;17.5;32;122
MUE;12.02.2018 00:00;10.8;1;154
MUE;13.02.2018 00:00;0;0;152
MUE;14.02.2018 00:00;0;0;152
MUE;15.02.2018 00:00;26.9;0;140
MUE;16.02.2018 00:00;2.5;0;138
MUE;17.02.2018 00:00;8.5;0;136
MUE;18.02.2018 00:00;0;0;132
MUE;19.02.2018 00:00;0;0;132
MUE;20.02.2018 00:00;0;0;132
MUE;21.02.2018 00:00;2.5;3;132
MUE;22.02.2018 00:00;0;0;135
MUE;23.02.2018 00:00;0;;131
MUE;24.02.2018 00:00;0;0;
MUE;25.02.2018 00:00;0.7;2;125
MUE;26.02.2018 00:00;2;2;127
MUE;27.02.2018 00:00;0;0;129
MUE;28.02.2018 00:00;1.6;3;128
MUE;01.03.2018 00:00;1.2;2;131
MUE;02.03.2018 00:00;5.9;7;133
MUE;03.03.2018 00:00;0;0;138
MUE;04.03.2018 00:00;0;0;135
MUE;05.03.2018 00:00;0;0;133
MUE;06.03.2018 00:00;8.5;15;130
MUE;07.03.2018 00:00;0.9;2;140
MUE;08.03.2018 00:00;0;0;142
MUE;09.03.2018 00:00;0;0;142
MUE;10.03.2018 00:00;0;0;136
MUE;11.03.2018 00:00;1;;134
MUE;12.03.2018 00:00;3.5;3;
MUE;13.03.2018 00:00;5.5;10;129
MUE;14.03.2018 00:00;0;0;139
MUE;15.03.2018 00:00;0.7;0;137
MUE;16.03.2018 00:00;0;0;135
MUE;17.03.2018 00:00;19;4;135
MUE;18.03.2018 00:00;9.9;5;139
MUE;19.03.2018 00:00;5.7;2;144
MUE;20.03.2018 00:00;6.5;4;146
MUE;21.03.2018 00:00;0;0;148
MUE;22.03.2018 00:00;2.6;4;141
MUE;23.03.2018 00:00;0;0;145
MUE;24.03.2018 00:00;0;0;145
MUE;25.03.2018 00:00;0.3;1;144
MUE;26.03.2018 00:00;3.3;0;145
MUE;27.03.2018 00:00;6.9;5;143
MUE;28.03.2018 00:00;7.1;2;148
MUE;29.03.2018 00:00;0;0;150
MUE;30.03.2018 00:00;35;30;146
MUE;31.03.2018 00:00;18.1;6;176
MUE;01.04.2018 00:00;0;0;182
MUE;02.04.2018 00:00;0;0;160
MUE;03.04.2018 00:00;0;0;150
MUE;04.04.2018 00:00;6.5;0;149
MUE;05.04.2018 00:00;0;0;135
MUE;06.04.2018 00:00;0;0;127
MUE;07.04.2018 00:00;0;0;126
MUE;08.04.2018 00:00;0;0;125
MUE;09.04.2018 00:00;0;0;103
MUE;10.04.2018 00:00;0.6;0;100
MUE;11.04.2018 00:00;6.4;0;95
MUE;12.04.2018 00:00;0;0;90
MUE;13.04.2018 00:00;0;0;80
MUE;14.04.2018 00:00;0;0;70
MUE;15.04.2018 00:00;3.2;0;60
MUE;16.04.2018 00:00;0;0;40
MUE;17.04.2018 00:00;0;0;40
MUE;18.04.2018 00:00;0;0;40
MUE;19.04.2018 00:00;0;0;40
MUE;20.04.2018 00:00;0;0;40
MUE;21.04.2018 00:00;0;0;38
MUE;22.04.2018 00:00;0;0;38
MUE;23.04.2018 00:00;4;0;12
MUE;24.04.2018 00:00;0;0;10
MUE;25.04.2018 00:00;0;0;0
MUE;26.04.2018 00:00;0;0;0
MUE;27.04.2018 00:00;0;0;0
MUE;28.04.2018 00:00;0;0;0
MUE;29.04.2018 00:00;18.3;;0
MUE;30.04.2018 00:00;7.7;;
MUE;01.05.2018 00:00;3.5;0;
MUE;02.05.2018 00:00;18.4;0;0
MUE;03.05.2018 00:00;8.5;0;0
MUE;04.05.2018 00:00;0;0;0
MUE;05.05.2018 00:00;0;0;0
MUE;06.05.2018 00:00;0;0;0
MUE;07.05.2018 00:00;6.2;0;0
MUE;08.05.2018 00:00;9.4;0;0
MUE;09.05.2018 00:00;1.2;0;0
MUE;10.05.2018 00:00;4.8;0;0
MUE;11.05.2018 00:00;0.9;0;0
MUE;12.05.2018 00:00;0;0;0
MUE;13.05.2018 00:00;24.5;0;0
MUE;14.05.2018 00:00;27.4;0;0
MUE;15.05.2018 00:00;13.5;0;0
MUE;16.05.2018 00:00;3.6;0;0
MUE;17.05.2018 00:00;0.1;0;0
MUE;18.05.2018 00:00;0;0;0
MUE;19.05.2018 00:00;8.2;0;0
MUE;20.05.2018 00:00;0;0;0
MUE;21.05.2018 00:00;0;0;0
MUE;22.05.2018 00:00;1;0;0
MUE;23.05.2018 00:00;0;0;0
MUE;24.05.2018 00:00;0;0;0
MUE;25.05.2018 00:00;0.8;0;0
MUE;26.05.2018 00:00;2.5;0;0
MUE;27.05.2018 00:00;0;0;0
MUE;28.05.2018 00:00;2.1;0;0
MUE;29.05.2018 00:00;0;0;0
MUE;30.05.2018 00:00;3.3;0;0
MUE;31.05.2018 00:00;0;0;0
MUE;01.06.2018 00:00;0;0;0
MUE;02.06.2018 00:00;0.3;0;0
MUE;03.06.2018 00:00;0;0;0
MUE;04.06.2018 00:00;0;0;0
MUE;05.06.2018 00:00;0.1;0;0
MUE;06.06.2018 00:00;0.7;0;0
MUE;07.06.2018 00:00;0;0;0
MUE;08.06.2018 00:00;5.2;0;0
MUE;09.06.2018 00:00;4.8;0;0
MUE;10.06.2018 00:00;0;0;0
MUE;11.06.2018 00:00;13.8;0;0
MUE;12.06.2018 00:00;31.3;0;0
MUE;13.06.2018 00:00;13.1;0;0
MUE;14.06.2018 00:00;0;0;0
MUE;15.06.2018 00:00;0;0;0
MUE;16.06.2018 00:00;0;0;0
MUE;17.06.2018 00:00;5.5;0;0
MUE;18.06.2018 00:00;0;0;0
MUE;19.06.2018 00:00;0;0;0
MUE;20.06.2018 00:00;0;0;0
MUE;21.06.2018 00:00;0.4;0;0
MUE;22.06.2018 00:00;0;0;0
MUE;23.06.2018 00:00;0;0;0
MUE;24.06.2018 00:00;0.6;0;0
MUE;25.06.2018 00:00;0;0;0
MUE;26.06.2018 00:00;0;0;0
MUE;27.06.2018 00:00;0;0;0
MUE;28.06.2018 00:00;0;0;0
MUE;29.06.2018 00:00;0;;0
MUE;30.06.2018 00:00;0;0;
MUE;01.07.2018 00:00;0;0;0
MUE;02.07.2018 00:00;9.8;0;0
MUE;03.07.2018 00:00;1.2;0;0
MUE;04.07.2018 00:00;0.2;0;0
MUE;05.07.2018 00:00;12.2;0;0
MUE;06.07.2018 00:00;14.1;0;0
MUE;07.07.2018 00:00;0;0;0
MUE;08.07.2018 00:00;0;0;0
MUE;09.07.2018 00:00;0;0;0
MUE;10.07.2018 00:00;0;0;0
MUE;11.07.2018 00:00;0;0;0
MUE;12.07.2018 00:00;0;0;0
MUE;13.07.2018 00:00;0;0;0
MUE;14.07.2018 00:00;18.5;0;0
MUE;15.07.2018 00:00;27.4;0;0
MUE;16.07.2018 00:00;1.3;0;0
MUE;17.07.2018 00:00;0;0;0
MUE;18.07.2018 00:00;0;0;0
MUE;19.07.2018 00:00;0;0;0
MUE;20.07.2018 00:00;38;0;0
MUE;21.07.2018 00:00;12;0;0
MUE;22.07.2018 00:00;0.7;0;0
MUE;23.07.2018 00:00;0;0;0
MUE;24.07.2018 00:00;19.2;0;0
MUE;25.07.2018 00:00;0;0;0
MUE;26.07.2018 00:00;0;0;0
MUE;27.07.2018 00:00;0;0;0
MUE;28.07.2018 00:00;5.1;0;0
MUE;29.07.2018 00:00;0;0;0
MUE;30.07.2018 00:00;0;0;0
MUE;31.07.2018 00:00;0;0;0
MUE;01.08.2018 00:00;6.1;0;0
MUE;02.08.2018 00:00;0;0;0
MUE;03.08.2018 00:00;0;0;0
MUE;04.08.2018 00:00;0.7;0;0
MUE;05.08.2018 00:00;0;0;0
MUE;06.08.2018 00:00;1.5;0;0
MUE;07.08.2018 00:00;7.2;0;0
MUE;08.08.2018 00:00;2.7;0;0
MUE;09.08.2018 00:00;7.2;0;0
MUE;10.08.2018 00:00;0.3;0;0
MUE;11.08.2018 00:00;0;0;0
MUE;12.08.2018 00:00;0;0;0
MUE;13.08.2018 00:00;10.9;0;0
MUE;14.08.2018 00:00;7.4;0;0
MUE;15.08.2018 00:00;0;0;0
MUE;16.08.2018 00:00;0;0;0
MUE;17.08.2018 00:00;3.3;0;0
MUE;18.08.2018 00:00;0.4;0;0
MUE;19.08.2018 00:00;4.6;0;0
MUE;20.08.2018 00:00;0;0;0
MUE;21.08.2018 00:00;16.5;0;0
MUE;22.08.2018 00:00;11.2;0;0
MUE;23.08.2018 00:00;14;0;0
MUE;24.08.2018 00:00;2.6;0;0
MUE;25.08.2018 00:00;10.4;0;0
MUE;26.08.2018 00:00;0;0;0
MUE;27.08.2018 00:00;0;0;0
MUE;28.08.2018 00:00;0;0;0
MUE;29.08.2018 00:00;21.6;0;0
MUE;30.08.2018 00:00;2.9;0;0
MUE;31.08.2018 00:00;18.4;0;0
MUE;01.09.2018 00:00;7.7;0;0
MUE;02.09.2018 00:00;0;0;0
MUE;03.09.2018 00:00;0.5;0;0
MUE;04.09.2018 00:00;0;0;0
MUE;05.09.2018 00:00;0;0;0
MUE;06.09.2018 00:00;21.1;0;0
MUE;07.09.2018 00:00;0;0;0
MUE;08.09.2018 00:00;0;0;0
MUE;09.09.2018 00:00;0;0;0
MUE;10.09.2018 00:00;0;0;0
MUE;11.09.2018 00:00;0;0;0
MUE;12.09.2018 00:00;9.4;0;0
MUE;13.09.2018 00:00;17.3;0;0
MUE;14.09.2018 00:00;0;0;0
MUE;15.09.2018 00:00;0;0;0
MUE;16.09.2018 00:00;0;0;0
MUE;17.09.2018 00:00;0;0;0
MUE;18.09.2018 00:00;1.2;0;0
MUE;19.09.2018 00:00;0;0;0
MUE;20.09.2018 00:00;0;0;0
MUE;21.09.2018 00:00;2.7;0;0
MUE;22.09.2018 00:00;1.1;0;0
MUE;23.09.2018 00:00;19.2;0;0
MUE;24.09.2018 00:00;0.8;0;0
MUE;25.09.2018 00:00;0;0;0
MUE;26.09.2018 00:00;0;0;0
MUE;27.09.2018 00:00;0;0;0
MUE;28.09.2018 00:00;0;0;0
MUE;29.09.2018 00:00;0;0;0
MUE;30.09.2018 00:00;27.8;0;0
MUE;01.10.2018 00:00;5.5;0;0
MUE;02.10.2018 00:00;0.2;0;0
MUE;03.10.2018 00:00;0;0;0
MUE;04.10.2018 00:00;0;0;0
MUE;05.10.2018 00:00;0;0;0
MUE;06.10.2018 00:00;1.9;0;0
MUE;07.10.2018 00:00;0;0;0
MUE;08.10.2018 00:00;0;0;0
MUE;09.10.2018 00:00;0;0;0
MUE;10.10.2018 00:00;0;0;0
MUE;11.10.2018 00:00;0;0;0
MUE;12.10.2018 00:00;0;0;0
MUE;13.10.2018 00:00;0;0;0
MUE;14.10.2018 00:00;0;0;0
MUE;15.10.2018 00:00;0;0;0
MUE;16.10.2018 00:00;0;0;0
MUE;17.10.2018 00:00;0;0;0
MUE;18.10.2018 00:00;0;0;0
MUE;19.10.2018 00:00;0;0;0
MUE;20.10.2018 00:00;0;0;0
MUE;21.10.2018 00:00;0;0;0
MUE;22.10.2018 00:00;0;0;0
MUE;23.10.2018 00:00;0;0;0
MUE;24.10.2018 00:00;0;0;0
MUE;25.10.2018 00:00;0;0;0
MUE;26.10.2018 00:00;5.5;0;0
MUE;27.10.2018 00:00;21.8;12;0
MUE;28.10.2018 00:00;7.4;0;12
MUE;29.10.2018 00:00;47.6;0;2
MUE;30.10.2018 00:00;0;0;0
MUE;31.10.2018 00:00;0;0;0
MUE;01.11.2018 00:00;0;0;0
MUE;02.11.2018 00:00;0;0;0
MUE;03.11.2018 00:00;0;0;0
MUE;04.11.2018 00:00;0;0;0
MUE;05.11.2018 00:00;0;0;0
MUE;06.11.2018 00:00;4.4;0;0
MUE;07.11.2018 00:00;1.1;0;0
MUE;08.11.2018 00:00;0;0;0
MUE;09.11.2018 00:00;0;;0
MUE;10.11.2018 00:00;0;0;
MUE;11.11.2018 00:00;0;0;0
MUE;12.11.2018 00:00;0;0;0
MUE;13.11.2018 00:00;0;0;0
MUE;14.11.2018 00:00;0;0;0
MUE;15.11.2018 00:00;0;0;0
MUE;16.11.2018 00:00;0;0;0
MUE;17.11.2018 00:00;0;0;0
MUE;18.11.2018 00:00;1.7;1;0
MUE;19.11.2018 00:00;1.5;1;1
MUE;20.11.2018 00:00;0;0;2
MUE;21.11.2018 00:00;0;0;0
MUE;22.11.2018 00:00;0;0;0
MUE;23.11.2018 00:00;1;3;0
MUE;24.11.2018 00:00;0;0;3
MUE;25.11.2018 00:00;0;0;0
MUE;26.11.2018 00:00;4.7;8;0
MUE;27.11.2018 00:00;3;9;8
MUE;28.11.2018 00:00;0;0;12
MUE;29.11.2018 00:00;0;0;9
MUE;30.11.2018 00:00;7.1;6;0
MUE;01.12.2018 00:00;2;0;10
MUE;02.12.2018 00:00;30.6;0;2
MUE;03.12.2018 00:00;29.9;0;0
MUE;04.12.2018 00:00;6.8;;0
MUE;05.12.2018 00:00;1.3;0;
MUE;06.12.2018 00:00;1;0;0
MUE;07.12.2018 00:00;4;4;0
MUE;08.12.2018 00:00;1.9;0;4
MUE;09.12.2018 00:00;42.2;32;4
MUE;10.12.2018 00:00;21.5;27;38
MUE;11.12.2018 00:00;0;0;54
MUE;12.12.2018 00:00;0;0;47
MUE;13.12.2018 00:00;0;0;45
MUE;14.12.2018 00:00;0;0;38
MUE;15.12.2018 00:00;10.4;1;36
MUE;16.12.2018 00:00;11.3;14;37
MUE;17.12.2018 00:00;0;0;49
MUE;18.12.2018 00:00;0;0;40
MUE;19.12.2018 00:00;3.5;4;38
MUE;20.12.2018 00:00;0;0;38
MUE;21.12.2018 00:00;24;0;38
MUE;22.12.2018 00:00;0.9;0;27
MUE;23.12.2018 00:00;38;0;21
MUE;24.12.2018 00:00;36;10;14
MUE;25.12.2018 00:00;0;0;25
MUE;26.12.2018 00:00;0;0;19
MUE;27.12.2018 00:00;0;;17
MUE;28.12.2018 00:00;0;0;
MUE;29.12.2018 00:00;0;0;14
MUE;30.12.2018 00:00;0.3;0;12
MUE;31.12.2018 00:00;0;0;12
MUE;01.01.2019 00:00;1.7;2;10
MUE;02.01.2019 00:00;3.9;7;14
MUE;03.01.2019 00:00;0;0;24
MUE;04.01.2019 00:00;0;0;23
MUE;05.01.2019 00:00;4.2;5;21
MUE;06.01.2019 00:00;0.6;0;25
MUE;07.01.2019 00:00;2.2;10;25
MUE;08.01.2019 00:00;18.6;30;24
MUE;09.01.2019 00:00;14.4;23;57
MUE;10.01.2019 00:00;0.5;4;68
MUE;11.01.2019 00:00;3.7;18;62
MUE;12.01.2019 00:00;18.4;32;63
MUE;13.01.2019 00:00;50;90;83
MUE;14.01.2019 00:00;8;12;115
MUE;15.01.2019 00:00;0;0;119
MUE;16.01.2019 00:00;0;0;108
MUE;17.01.2019 00:00;5.2;4;102
MUE;18.01.2019 00:00;0;0;105
MUE;19.01.2019 00:00;0;0;104
MUE;20.01.2019 00:00;1;2;103
MUE;21.01.2019 00:00;0;0;85
MUE;22.01.2019 00:00;0;;84
MUE;23.01.2019 00:00;0;0;
MUE;24.01.2019 00:00;0;0;90
MUE;25.01.2019 00:00;0;0;90
MUE;26.01.2019 00:00;0;0;89
MUE;27.01.2019 00:00;19.8;24;86
MUE;28.01.2019 00:00;7.2;15;114
MUE;29.01.2019 00:00;0.1;0;118
MUE;30.01.2019 00:00;0.1;0;105
MUE;31.01.2019 00:00;0;0;100
MUE;01.02.2019 00:00;6.3;13;96
MUE;02.02.2019 00:00;13.6;17;105
MUE;03.02.2019 00:00;1.4;1;119
MUE;04.02.2019 00:00;0;0;120
MUE;05.02.2019 00:00;0;0;113
MUE;06.02.2019 00:00;0;0;105
MUE;07.02.2019 00:00;7.2;10;97
MUE;08.02.2019 00:00;0;0;110
MUE;09.02.2019 00:00;0;0;105
MUE;10.02.2019 00:00;28.2;47;108
MUE;11.02.2019 00:00;4.9;4;150
MUE;12.02.2019 00:00;0;0;135
MUE;13.02.2019 00:00;0;0;124
MUE;14.02.2019 00:00;0;0;113
MUE;15.02.2019 00:00;0;0;109
MUE;16.02.2019 00:00;0;0;103
MUE;17.02.2019 00:00;0;0;101
MUE;18.02.2019 00:00;0;0;95
MUE;19.02.2019 00:00;0;0;85
MUE;20.02.2019 00:00;0;0;79
MUE;21.02.2019 00:00;0;0;79
MUE;22.02.2019 00:00;0;0;75
MUE;23.02.2019 00:00;0;0;75
MUE;24.02.2019 00:00;0;0;75
MUE;25.02.2019 00:00;0;0;72
MUE;26.02.2019 00:00;0;0;71
MUE;27.02.2019 00:00;0;0;70
MUE;28.02.2019 00:00;0;0;68
MUE;01.03.2019 00:00;13.3;16;55
MUE;02.03.2019 00:00;0;0;73
MUE;03.03.2019 00:00;0;0;52
MUE;04.03.2019 00:00;7.8;12;52
MUE;05.03.2019 00:00;0;0;64
MUE;06.03.2019 00:00;0;3;57
MUE;07.03.2019 00:00;5.2;0;60
MUE;08.03.2019 00:00;0;0;59
MUE;09.03.2019 00:00;6.5;0;59
MUE;10.03.2019 00:00;7.2;6;48
MUE;11.03.2019 00:00;24.5;32;56
MUE;12.03.2019 00:00;2.9;6;84
MUE;13.03.2019 00:00;8.9;10;90
MUE;14.03.2019 00:00;33.7;24;94
MUE;15.03.2019 00:00;6.1;3;118
MUE;16.03.2019 00:00;0;0;121
MUE;17.03.2019 00:00;9.9;9;82
MUE;18.03.2019 00:00;0;0;88
MUE;19.03.2019 00:00;0;0;87
MUE;20.03.2019 00:00;0;0;80
MUE;21.03.2019 00:00;0;0;80
MUE;22.03.2019 00:00;0;0;67
MUE;23.03.2019 00:00;0;0;64
MUE;24.03.2019 00:00;0;0;62
MUE;25.03.2019 00:00;3.9;2;59
MUE;26.03.2019 00:00;0;0;58
MUE;27.03.2019 00:00;0;0;50
MUE;28.03.2019 00:00;0;0;47
MUE;29.03.2019 00:00;0;0;45
MUE;30.03.2019 00:00;0;0;30
MUE;31.03.2019 00:00;0;0;25
MUE;01.04.2019 00:00;0;0;23
MUE;02.04.2019 00:00;0;0;23
MUE;03.04.2019 00:00;28.5;39;20
MUE;04.04.2019 00:00;28.9;30;59
MUE;05.04.2019 00:00;0;0;89
MUE;06.04.2019 00:00;0;0;78
MUE;07.04.2019 00:00;0;0;35
MUE;08.04.2019 00:00;0;0;30
MUE;09.04.2019 00:00;0;0;28
MUE;10.04.2019 00:00;0;0;20
MUE;11.04.2019 00:00;0.6;0;17
MUE;12.04.2019 00:00;0;0;13
MUE;13.04.2019 00:00;3.2;5;10
MUE;14.04.2019 00:00;0.8;8;16
MUE;15.04.2019 00:00;0;0;24
MUE;16.04.2019 00:00;0;0;12
MUE;17.04.2019 00:00;0;0;0
MUE;18.04.2019 00:00;0;0;0
MUE;19.04.2019 00:00;0;0;0
MUE;20.04.2019 00:00;0;0;0
MUE;21.04.2019 00:00;0;0;0
MUE;22.04.2019 00:00;0;0;0
MUE;23.04.2019 00:00;0;0;0
MUE;24.04.2019 00:00;0;0;0
MUE;25.04.2019 00:00;13.6;10;0
MUE;26.04.2019 00:00;14.9;6;10
MUE;27.04.2019 00:00;9.9;15;14
MUE;28.04.2019 00:00;0;0;17
MUE;29.04.2019 00:00;0;0;15
MUE;30.04.2019 00:00;0;0;10
MUE;01.05.2019 00:00;0;0;0
MUE;02.05.2019 00:00;13;3;0
MUE;03.05.2019 00:00;10.5;2;3
MUE;04.05.2019 00:00;15.6;18;5
MUE;05.05.2019 00:00;4.5;5;22
MUE;06.05.2019 00:00;0;0;15
MUE;07.05.2019 00:00;0;0;0
MUE;08.05.2019 00:00;12.3;1;0
MUE;09.05.2019 00:00;0;0;1
MUE;10.05.2019 00:00;0;0;0
MUE;11.05.2019 00:00;23.4;16;0
MUE;12.05.2019 00:00;0;0;16
MUE;13.05.2019 00:00;0;0;1
MUE;14.05.2019 00:00;0;0;0
MUE;15.05.2019 00:00;0;0;0
MUE;16.05.2019 00:00;0;0;0
MUE;17.05.2019 00:00;0.7;0;0
MUE;18.05.2019 00:00;0.7;0;0
MUE;19.05.2019 00:00;20.1;0;0
MUE;20.05.2019 00:00;12.1;0;0
MUE;21.05.2019 00:00;4.2;0;0
MUE;22.05.2019 00:00;0.1;0;0
MUE;23.05.2019 00:00;0;0;0
MUE;24.05.2019 00:00;3.4;0;0
MUE;25.05.2019 00:00;3.5;0;0
MUE;26.05.2019 00:00;0;0;0
MUE;27.05.2019 00:00;11.5;0;0
MUE;28.05.2019 00:00;22;0;0
MUE;29.05.2019 00:00;1.5;0;0
MUE;30.05.2019 00:00;0;0;0
MUE;31.05.2019 00:00;0;0;0
MUE;01.06.2019 00:00;0;0;0
MUE;02.06.2019 00:00;0;0;0
MUE;03.06.2019 00:00;0;0;0
MUE;04.06.2019 00:00;0;0;0
MUE;05.06.2019 00:00;1.4;0;0
MUE;06.06.2019 00:00;6.1;0;0
MUE;07.06.2019 00:00;0.5;0;0
MUE;08.06.2019 00:00;0;0;0
MUE;09.06.2019 00:00;2.1;0;0
MUE;10.06.2019 00:00;30.9;0;0
MUE;11.06.2019 00:00;4.7;0;0
MUE;12.06.2019 00:00;4.1;0;0
MUE;13.06.2019 00:00;0;0;0
MUE;14.06.2019 00:00;0;0;0
MUE;15.06.2019 00:00;15.7;0;0
MUE;16.06.2019 00:00;0;0;0
MUE;17.06.2019 00:00;0;0;0
MUE;18.06.2019 00:00;3.4;0;0
MUE;19.06.2019 00:00;13.1;0;0
MUE;20.06.2019 00:00;8;0;0
MUE;21.06.2019 00:00;4.4;0;0
MUE;22.06.2019 00:00;2.9;0;0
MUE;23.06.2019 00:00;0;0;0
MUE;24.06.2019 00:00;0;0;0
MUE;25.06.2019 00:00;0;0;0
MUE;26.06.2019 00:00;0;0;0
MUE;27.06.2019 00:00;0;0;0
MUE;28.06.2019 00:00;0;0;0
MUE;29.06.2019 00:00;0;0;0
MUE;30.06.2019 00:00;0;0;0
MUE;01.07.2019 00:00;10.3;0;0
MUE;02.07.2019 00:00;17.8;0;0
MUE;03.07.2019 00:00;10.1;0;0
MUE;04.07.2019 00:00;2.3;0;0
MUE;05.07.2019 00:00;0;0;0
MUE;06.07.2019 00:00;8.7;0;0
MUE;07.07.2019 00:00;14.4;0;0
MUE;08.07.2019 00:00;0;0;0
MUE;09.07.2019 00:00;0;0;0
MUE;10.07.2019 00:00;0;0;0
MUE;11.07.2019 00:00;0;0;0
MUE;12.07.2019 00:00;18.8;0;0
MUE;13.07.2019 00:00;0;0;0
MUE;14.07.2019 00:00;17.5;0;0
MUE;15.07.2019 00:00;1;0;0
MUE;16.07.2019 00:00;0;0;0
MUE;17.07.2019 00:00;0;0;0
MUE;18.07.2019 00:00;0;0;0
MUE;19.07.2019 00:00;0;0;0
MUE;20.07.2019 00:00;0.5;0;0
MUE;21.07.2019 00:00;0;0;0
MUE;22.07.2019 00:00;0;0;0
MUE;23.07.2019 00:00;0;0;0
MUE;24.07.2019 00:00;0;0;0
MUE;25.07.2019 00:00;8.1;0;0
MUE;26.07.2019 00:00;8.2;0;0
MUE;27.07.2019 00:00;11.1;0;0
MUE;28.07.2019 00:00;33.6;0;0
MUE;29.07.2019 00:00;0;0;0
MUE;30.07.2019 00:00;2.6;0;0
MUE;31.07.2019 00:00;0;0;0
MUE;01.08.2019 00:00;7.4;0;0
MUE;02.08.2019 00:00;16.1;0;0
MUE;03.08.2019 00:00;0;0;0
MUE;04.08.2019 00:00;0.7;0;0
MUE;05.08.2019 00:00;0;0;0
MUE;06.08.2019 00:00;29.2;0;0
MUE;07.08.2019 00:00;8.9;0;0
MUE;08.08.2019 00:00;0;0;0
MUE;09.08.2019 00:00;7.7;0;0
MUE;10.08.2019 00:00;0.8;0;0
MUE;11.08.2019 00:00;19.6;0;0
MUE;12.08.2019 00:00;11.3;0;0
MUE;13.08.2019 00:00;1.8;0;0
MUE;14.08.2019 00:00;0;0;0
MUE;15.08.2019 00:00;0.2;0;0
MUE;16.08.2019 00:00;0;0;0
MUE;17.08.2019 00:00;0;0;0
MUE;18.08.2019 00:00;21.9;0;0
MUE;19.08.2019 00:00;13.5;0;0
MUE;20.08.2019 00:00;31.2;0;0
MUE;21.08.2019 00:00;0;0;0
MUE;22.08.2019 00:00;0;0;0
MUE;23.08.2019 00:00;0;0;0
MUE;24.08.2019 00:00;0;0;0
MUE;25.08.2019 00:00;0;0;0
MUE;26.08.2019 00:00;0;0;0
MUE;27.08.2019 00:00;0;0;0
MUE;28.08.2019 00:00;1.5;0;0
MUE;29.08.2019 00:00;0;0;0
MUE;30.08.2019 00:00;0;0;0
MUE;31.08.2019 00:00;3.4;0;0
MUE;01.09.2019 00:00;15.8;0;0
MUE;02.09.2019 00:00;9.3;0;0
MUE;03.09.2019 00:00;0;0;0
MUE;04.09.2019 00:00;0;0;0
MUE;05.09.2019 00:00;17.5;0;0
MUE;06.09.2019 00:00;2.1;0;0
MUE;07.09.2019 00:00;10;0;0
MUE;08.09.2019 00:00;13.3;0;0
MUE;09.09.2019 00:00;0;0;0
MUE;10.09.2019 00:00;0;0;0
MUE;11.09.2019 00:00;0;0;0
MUE;12.09.2019 00:00;0;0;0
MUE;13.09.2019 00:00;0;0;0
MUE;14.09.2019 00:00;0;0;0
MUE;15.09.2019 00:00;0;0;0
MUE;16.09.2019 00:00;0;0;0
MUE;17.09.2019 00:00;0;0;0
MUE;18.09.2019 00:00;0.6;0;0
MUE;19.09.2019 00:00;0;0;0
MUE;20.09.2019 00:00;0;0;0
MUE;21.09.2019 00:00;0;0;0
MUE;22.09.2019 00:00;16.1;0;0
MUE;23.09.2019 00:00;7.4;0;0
MUE;24.09.2019 00:00;3.5;0;0
MUE;25.09.2019 00:00;2.6;0;0
MUE;26.09.2019 00:00;0.6;0;0
MUE;27.09.2019 00:00;0;0;0
MUE;28.09.2019 00:00;0;0;0
MUE;29.09.2019 00:00;0;0;0
MUE;30.09.2019 00:00;0;0;0
MUE;01.10.2019 00:00;11.3;0;0
MUE;02.10.2019 00:00;12.1;0;0
MUE;03.10.2019 00:00;0;0;0
MUE;04.10.2019 00:00;4.6;0;0
MUE;05.10.2019 00:00;1.1;0;0
MUE;06.10.2019 00:00;14.5;0;0
MUE;07.10.2019 00:00;2.4;0;0
MUE;08.10.2019 00:00;0.5;0;0
MUE;09.10.2019 00:00;18.2;0;0
MUE;10.10.2019 00:00;0;0;0
MUE;11.10.2019 00:00;0;0;0
MUE;12.10.2019 00:00;0;0;0
MUE;13.10.2019 00:00;0;0;0
MUE;14.10.2019 00:00;0;0;0
MUE;15.10.2019 00:00;35.4;0;0
MUE;16.10.2019 00:00;0;0;0
MUE;17.10.2019 00:00;0;0;0
MUE;18.10.2019 00:00;0;0;0
MUE;19.10.2019 00:00;0;0;0
MUE;20.10.2019 00:00;0.8;0;0
MUE;21.10.2019 00:00;4.1;0;0
MUE;22.10.2019 00:00;0;0;0
MUE;23.10.2019 00:00;0.3;0;0
MUE;24.10.2019 00:00;2.4;0;0
MUE;25.10.2019 00:00;0;0;0
MUE;26.10.2019 00:00;0;0;0
MUE;27.10.2019 00:00;1;0;0
MUE;28.10.2019 00:00;18.7;0;0
MUE;29.10.2019 00:00;5.9;0;0
MUE;30.10.2019 00:00;0;0;0
MUE;31.10.2019 00:00;3.6;0;0
MUE;01.11.2019 00:00;2.9;0;0
MUE;02.11.2019 00:00;1.5;0;0
MUE;03.11.2019 00:00;4.2;0;0
MUE;04.11.2019 00:00;2.5;0;0
MUE;05.11.2019 00:00;6.8;7;0
MUE;06.11.2019 00:00;0;0;7
MUE;07.11.2019 00:00;14.7;14;0
MUE;08.11.2019 00:00;9.8;19;14
MUE;09.11.2019 00:00;0;0;33
MUE;10.11.2019 00:00;0;0;5
MUE;11.11.2019 00:00;1.3;2;5
MUE;12.11.2019 00:00;0;0;7
MUE;13.11.2019 00:00;0;0;5
MUE;14.11.2019 00:00;19.9;24;5
MUE;15.11.2019 00:00;0;0;28
MUE;16.11.2019 00:00;3;4;30
MUE;17.11.2019 00:00;20;20;34
MUE;18.11.2019 00:00;0;0;54
MUE;19.11.2019 00:00;0;0;48
MUE;20.11.2019 00:00;0;0;40
MUE;21.11.2019 00:00;0;0;30
MUE;22.11.2019 00:00;0;0;20
MUE;23.11.2019 00:00;0;0;20
MUE;24.11.2019 00:00;0;0;5
MUE;25.11.2019 00:00;0;0;0
MUE;26.11.2019 00:00;1.6;0;0
MUE;27.11.2019 00:00;5;0;0
MUE;28.11.2019 00:00;3.6;;0
MUE;29.11.2019 00:00;14.7;;
MUE;30.11.2019 00:00;0;;
MUE;01.12.2019 00:00;2.3;;
MUE;02.12.2019 00:00;3;;
MUE;03.12.2019 00:00;0.1;;
MUE;04.12.2019 00:00;0;;
MUE;05.12.2019 00:00;0;;
MUE;06.12.2019 00:00;0;;
MUE;07.12.2019 00:00;0;;
MUE;08.12.2019 00:00;0.3;;
MUE;09.12.2019 00:00;31.6;;
MUE;10.12.2019 00:00;0;;
MUE;11.12.2019 00:00;6.4;;
MUE;12.12.2019 00:00;0.3;;
MUE;13.12.2019 00:00;12.5;;
MUE;14.12.2019 00:00;0.2;;
MUE;15.12.2019 00:00;0;;
MUE;16.12.2019 00:00;0;;
MUE;17.12.2019 00:00;0;;
MUE;18.12.2019 00:00;0;;
MUE;19.12.2019 00:00;0;;
MUE;20.12.2019 00:00;5;;
MUE;21.12.2019 00:00;7;;
MUE;22.12.2019 00:00;21.4;;
MUE;23.12.2019 00:00;18.3;;
MUE;24.12.2019 00:00;13.9;;
MUE;25.12.2019 00:00;0;;
MUE;26.12.2019 00:00;4.5;;
MUE;27.12.2019 00:00;12.5;;
MUE;28.12.2019 00:00;0;;
MUE;29.12.2019 00:00;0;;
MUE;30.12.2019 00:00;0;;
MUE;31.12.2019 00:00;0;;
MUE;01.01.2020 00:00;0;;
MUE;02.01.2020 00:00;0;;
MUE;03.01.2020 00:00;0;;
MUE;04.01.2020 00:00;0.2;;
MUE;05.01.2020 00:00;0;;
MUE;06.01.2020 00:00;0;;
MUE;07.01.2020 00:00;0;;
MUE;08.01.2020 00:00;0;;
MUE;09.01.2020 00:00;0;;
MUE;10.01.2020 00:00;0.2;;
MUE;11.01.2020 00:00;0;;
MUE;12.01.2020 00:00;0;;
MUE;13.01.2020 00:00;0;;
MUE;14.01.2020 00:00;0;;
MUE;15.01.2020 00:00;0;;
MUE;16.01.2020 00:00;0;;
MUE;17.01.2020 00:00;17.6;;
MUE;18.01.2020 00:00;0.1;;
MUE;19.01.2020 00:00;0.8;;
MUE;20.01.2020 00:00;0;;
MUE;21.01.2020 00:00;0;;
MUE;22.01.2020 00:00;0;;
MUE;23.01.2020 00:00;0;;
MUE;24.01.2020 00:00;0;;
MUE;25.01.2020 00:00;0;;
MUE;26.01.2020 00:00;0.1;;
MUE;27.01.2020 00:00;0.1;;
MUE;28.01.2020 00:00;13.4;;
MUE;29.01.2020 00:00;5.9;;
MUE;30.01.2020 00:00;4.8;;
MUE;31.01.2020 00:00;0;;
MUE;01.02.2020 00:00;0.1;;
MUE;02.02.2020 00:00;21.8;;
MUE;03.02.2020 00:00;14.5;;
MUE;04.02.2020 00:00;33.8;;
MUE;05.02.2020 00:00;1.9;;
MUE;06.02.2020 00:00;0;;
MUE;07.02.2020 00:00;0;;
MUE;08.02.2020 00:00;0;;
MUE;09.02.2020 00:00;0;;
MUE;10.02.2020 00:00;1;;
MUE;11.02.2020 00:00;3;;
MUE;12.02.2020 00:00;0;;
MUE;13.02.2020 00:00;17.1;;
MUE;14.02.2020 00:00;0;;
MUE;15.02.2020 00:00;0;;
MUE;16.02.2020 00:00;0;;
MUE;17.02.2020 00:00;3.8;;
MUE;18.02.2020 00:00;0;;
MUE;19.02.2020 00:00;6.1;;
MUE;20.02.2020 00:00;0.1;;
MUE;21.02.2020 00:00;0;;
MUE;22.02.2020 00:00;0;;
MUE;23.02.2020 00:00;0;;
MUE;24.02.2020 00:00;0;;
MUE;25.02.2020 00:00;5.4;;
MUE;26.02.2020 00:00;36.7;;
MUE;27.02.2020 00:00;25.9;;
MUE;28.02.2020 00:00;0;;
MUE;29.02.2020 00:00;2.8;;
MUE;01.03.2020 00:00;3;;
MUE;02.03.2020 00:00;24.1;;
MUE;03.03.2020 00:00;0.1;;
MUE;04.03.2020 00:00;0;;
MUE;05.03.2020 00:00;9.6;;
MUE;06.03.2020 00:00;2.2;;
MUE;07.03.2020 00:00;0.4;;
MUE;08.03.2020 00:00;4.8;;
MUE;09.03.2020 00:00;5.5;;
MUE;10.03.2020 00:00;37;;
MUE;11.03.2020 00:00;0;;
MUE;12.03.2020 00:00;5.2;;
MUE;13.03.2020 00:00;0.3;;
MUE;14.03.2020 00:00;0.1;;
MUE;15.03.2020 00:00;0;;
MUE;16.03.2020 00:00;0;;
MUE;17.03.2020 00:00;0;;
MUE;18.03.2020 00:00;0;;
MUE;19.03.2020 00:00;0;;
MUE;20.03.2020 00:00;1.8;;
MUE;21.03.2020 00:00;0;;
MUE;22.03.2020 00:00;0;;
MUE;23.03.2020 00:00;0.1;;
MUE;24.03.2020 00:00;0;;
MUE;25.03.2020 00:00;0.4;;
MUE;26.03.2020 00:00;0;;
MUE;27.03.2020 00:00;0;;
MUE;28.03.2020 00:00;0;;
MUE;29.03.2020 00:00;13.4;;
MUE;30.03.2020 00:00;0.8;;
MUE;31.03.2020 00:00;0;;
MUE;01.04.2020 00:00;0;;
MUE;02.04.2020 00:00;0.2;;
MUE;03.04.2020 00:00;0;;
MUE;04.04.2020 00:00;0;;
MUE;05.04.2020 00:00;0;;
MUE;06.04.2020 00:00;0;;
MUE;07.04.2020 00:00;0;;
MUE;08.04.2020 00:00;0;;
MUE;09.04.2020 00:00;0;;
MUE;10.04.2020 00:00;0;;
MUE;11.04.2020 00:00;0;;
MUE;12.04.2020 00:00;0;;
MUE;13.04.2020 00:00;1.3;;
MUE;14.04.2020 00:00;0;;
MUE;15.04.2020 00:00;0;;
MUE;16.04.2020 00:00;0;;
MUE;17.04.2020 00:00;0;;
MUE;18.04.2020 00:00;0;;
MUE;19.04.2020 00:00;0;;
MUE;20.04.2020 00:00;0;;
MUE;21.04.2020 00:00;0;;
MUE;22.04.2020 00:00;0;;
MUE;23.04.2020 00:00;0;;
MUE;24.04.2020 00:00;0;;
MUE;25.04.2020 00:00;3.6;;
MUE;26.04.2020 00:00;10.4;;
MUE;27.04.2020 00:00;4.8;;
MUE;28.04.2020 00:00;26.4;;
MUE;29.04.2020 00:00;0;;
MUE;30.04.2020 00:00;6;;
MUE;01.05.2020 00:00;11.6;;
MUE;02.05.2020 00:00;5.3;;
MUE;03.05.2020 00:00;0.1;;
MUE;04.05.2020 00:00;8.9;;
MUE;05.05.2020 00:00;6.6;;
MUE;06.05.2020 00:00;0.9;;
MUE;07.05.2020 00:00;0;;
MUE;08.05.2020 00:00;0;;
MUE;09.05.2020 00:00;4.3;;
MUE;10.05.2020 00:00;0.6;;
MUE;11.05.2020 00:00;8.9;;
MUE;12.05.2020 00:00;0.9;;
MUE;13.05.2020 00:00;2;;
MUE;14.05.2020 00:00;1.3;;
MUE;15.05.2020 00:00;1.3;;
MUE;16.05.2020 00:00;10.1;;
MUE;17.05.2020 00:00;0;;
MUE;18.05.2020 00:00;0.1;;
MUE;19.05.2020 00:00;0;;
MUE;20.05.2020 00:00;0;;
MUE;21.05.2020 00:00;0;;
MUE;22.05.2020 00:00;0;;
MUE;23.05.2020 00:00;23.3;;
MUE;24.05.2020 00:00;0;;
MUE;25.05.2020 00:00;0;;
MUE;26.05.2020 00:00;0;;
MUE;27.05.2020 00:00;0;;
MUE;28.05.2020 00:00;0;;
MUE;29.05.2020 00:00;0;;
MUE;30.05.2020 00:00;0;;
MUE;31.05.2020 00:00;0;;
MUE;01.06.2020 00:00;0;;
MUE;02.06.2020 00:00;0;;
MUE;03.06.2020 00:00;4.8;;
MUE;04.06.2020 00:00;33.8;;
MUE;05.06.2020 00:00;0.1;;
MUE;06.06.2020 00:00;2.5;;
MUE;07.06.2020 00:00;10.2;;
MUE;08.06.2020 00:00;23.5;;
MUE;09.06.2020 00:00;33.7;;
MUE;10.06.2020 00:00;10.5;;
MUE;11.06.2020 00:00;0.1;;
MUE;12.06.2020 00:00;0.3;;
MUE;13.06.2020 00:00;7.5;;
MUE;14.06.2020 00:00;5.8;;
MUE;15.06.2020 00:00;3.8;;
MUE;16.06.2020 00:00;8.4;;
MUE;17.06.2020 00:00;13.8;;
MUE;18.06.2020 00:00;12.6;;
MUE;19.06.2020 00:00;11.7;;
MUE;20.06.2020 00:00;3.9;;
MUE;21.06.2020 00:00;0.3;;
MUE;22.06.2020 00:00;0;;
MUE;23.06.2020 00:00;0;;
MUE;24.06.2020 00:00;0;;
MUE;25.06.2020 00:00;0.9;;
MUE;26.06.2020 00:00;4.2;;
MUE;27.06.2020 00:00;5.2;;
MUE;28.06.2020 00:00;28.1;;
MUE;29.06.2020 00:00;4.4;;
MUE;30.06.2020 00:00;0;;
MUE;01.07.2020 00:00;17.5;;
MUE;02.07.2020 00:00;20.4;;
MUE;03.07.2020 00:00;1.2;;
MUE;04.07.2020 00:00;0;;
MUE;05.07.2020 00:00;0;;
MUE;06.07.2020 00:00;0;;
MUE;07.07.2020 00:00;0;;
MUE;08.07.2020 00:00;0;;
MUE;09.07.2020 00:00;0;;
MUE;10.07.2020 00:00;35.8;;
MUE;11.07.2020 00:00;1.7;;
MUE;12.07.2020 00:00;0;;
MUE;13.07.2020 00:00;1.2;;
MUE;14.07.2020 00:00;1.8;;
MUE;15.07.2020 00:00;4.5;;
MUE;16.07.2020 00:00;4.5;;
MUE;17.07.2020 00:00;1.6;;
MUE;18.07.2020 00:00;0;;
MUE;19.07.2020 00:00;0;;
MUE;20.07.2020 00:00;0;;
MUE;21.07.2020 00:00;9.3;;
MUE;22.07.2020 00:00;34.4;;
MUE;23.07.2020 00:00;0.8;;
MUE;24.07.2020 00:00;15.7;;
MUE;25.07.2020 00:00;0;;
MUE;26.07.2020 00:00;0;;
MUE;27.07.2020 00:00;0;;
MUE;28.07.2020 00:00;16.2;;
MUE;29.07.2020 00:00;0.2;;
MUE;30.07.2020 00:00;0.3;;
MUE;31.07.2020 00:00;0;;
MUE;01.08.2020 00:00;0.8;;
MUE;02.08.2020 00:00;13.4;;
MUE;03.08.2020 00:00;47.3;;
MUE;04.08.2020 00:00;4.1;;
MUE;05.08.2020 00:00;0;;
MUE;06.08.2020 00:00;0;;
MUE;07.08.2020 00:00;0;;
MUE;08.08.2020 00:00;0;;
MUE;09.08.2020 00:00;0;;
MUE;10.08.2020 00:00;1.6;;
MUE;11.08.2020 00:00;3.9;;
MUE;12.08.2020 00:00;14.6;;
MUE;13.08.2020 00:00;20.4;;
MUE;14.08.2020 00:00;10.5;;
MUE;15.08.2020 00:00;0;;
MUE;16.08.2020 00:00;6.5;;
MUE;17.08.2020 00:00;10.5;;
MUE;18.08.2020 00:00;8.6;;
MUE;19.08.2020 00:00;0;;
MUE;20.08.2020 00:00;0;;
MUE;21.08.2020 00:00;0;;
MUE;22.08.2020 00:00;2.4;;
MUE;23.08.2020 00:00;0;;
MUE;24.08.2020 00:00;0;;
MUE;25.08.2020 00:00;0;;
MUE;26.08.2020 00:00;0;;
MUE;27.08.2020 00:00;0;;
MUE;28.08.2020 00:00;10.3;;
MUE;29.08.2020 00:00;21.8;;
MUE;30.08.2020 00:00;35.7;;
MUE;31.08.2020 00:00;1.9;;
MUE;01.09.2020 00:00;0.1;;
MUE;02.09.2020 00:00;1.9;;
MUE;03.09.2020 00:00;0;;
MUE;04.09.2020 00:00;0;;
MUE;05.09.2020 00:00;0;;
MUE;06.09.2020 00:00;8.1;;
MUE;07.09.2020 00:00;0.5;;
MUE;08.09.2020 00:00;0;;
MUE;09.09.2020 00:00;0;;
MUE;10.09.2020 00:00;0.1;;
MUE;11.09.2020 00:00;1.2;;
MUE;12.09.2020 00:00;0;;
MUE;13.09.2020 00:00;0;;
MUE;14.09.2020 00:00;0;;
MUE;15.09.2020 00:00;0;;
MUE;16.09.2020 00:00;0.1;;
MUE;17.09.2020 00:00;0.1;;
MUE;18.09.2020 00:00;0;;
MUE;19.09.2020 00:00;1;;
MUE;20.09.2020 00:00;7.4;;
MUE;21.09.2020 00:00;0;;
MUE;22.09.2020 00:00;3.1;;
MUE;23.09.2020 00:00;1.4;;
MUE;24.09.2020 00:00;9.6;;
MUE;25.09.2020 00:00;16.2;;
MUE;26.09.2020 00:00;0.2;;
MUE;27.09.2020 00:00;0;;
MUE;28.09.2020 00:00;7.8;;
MUE;29.09.2020 00:00;3.5;;
MUE;30.09.2020 00:00;0;;
MUE;01.10.2020 00:00;0.5;;
MUE;02.10.2020 00:00;70.7;;
MUE;03.10.2020 00:00;22.4;;
MUE;04.10.2020 00:00;1.8;;
MUE;05.10.2020 00:00;1.9;;
MUE;06.10.2020 00:00;9.3;;
MUE;07.10.2020 00:00;0.6;;
MUE;08.10.2020 00:00;0;;
MUE;09.10.2020 00:00;0;;
MUE;10.10.2020 00:00;9.5;;
MUE;11.10.2020 00:00;2;;
MUE;12.10.2020 00:00;0;;
MUE;13.10.2020 00:00;0.9;;
MUE;14.10.2020 00:00;0.2;;
MUE;15.10.2020 00:00;8.5;;
MUE;16.10.2020 00:00;0.1;;
MUE;17.10.2020 00:00;0;;
MUE;18.10.2020 00:00;0;;
MUE;19.10.2020 00:00;0;;
MUE;20.10.2020 00:00;0;;
MUE;21.10.2020 00:00;0;;
MUE;22.10.2020 00:00;1.6;;
MUE;23.10.2020 00:00;15.6;;
MUE;24.10.2020 00:00;0.5;;
MUE;25.10.2020 00:00;0.2;;
MUE;26.10.2020 00:00;24;;
MUE;27.10.2020 00:00;0.1;;
MUE;28.10.2020 00:00;0.6;;
MUE;29.10.2020 00:00;1.6;;
MUE;30.10.2020 00:00;0;;
MUE;31.10.2020 00:00;0;;
MUE;01.11.2020 00:00;0;;
MUE;02.11.2020 00:00;0;;
MUE;03.11.2020 00:00;13.8;;
MUE;04.11.2020 00:00;0.5;;
MUE;05.11.2020 00:00;0;;
MUE;06.11.2020 00:00;0;;
MUE;07.11.2020 00:00;0;;
MUE;08.11.2020 00:00;0;;
MUE;09.11.2020 00:00;0;;
MUE;10.11.2020 00:00;0;;
MUE;11.11.2020 00:00;0;;
MUE;12.11.2020 00:00;0;;
MUE;13.11.2020 00:00;0;;
MUE;14.11.2020 00:00;0;;
MUE;15.11.2020 00:00;6.2;;
MUE;16.11.2020 00:00;0.2;;
MUE;17.11.2020 00:00;0;;
MUE;18.11.2020 00:00;0;;
MUE;19.11.2020 00:00;11.3;;
MUE;20.11.2020 00:00;1.8;;
MUE;21.11.2020 00:00;0.3;;
MUE;22.11.2020 00:00;0;;
MUE;23.11.2020 00:00;0;;
MUE;24.11.2020 00:00;0;;
MUE;25.11.2020 00:00;0;;
MUE;26.11.2020 00:00;0;;
MUE;27.11.2020 00:00;0;;
MUE;28.11.2020 00:00;0;;
MUE;29.11.2020 00:00;0;;
MUE;30.11.2020 00:00;0.1;;
MUE;01.12.2020 00:00;26.6;;
MUE;02.12.2020 00:00;0.5;;
MUE;03.12.2020 00:00;0;;
MUE;04.12.2020 00:00;9.4;;
MUE;05.12.2020 00:00;24.5;;
MUE;06.12.2020 00:00;14.4;;
MUE;07.12.2020 00:00;3.7;;
MUE;08.12.2020 00:00;4.5;;
MUE;09.12.2020 00:00;6.8;;
MUE;10.12.2020 00:00;0;;
MUE;11.12.2020 00:00;0.1;;
MUE;12.12.2020 00:00;19.9;;
MUE;13.12.2020 00:00;0;;
MUE;14.12.2020 00:00;0;;
MUE;15.12.2020 00:00;0.3;;
MUE;16.12.2020 00:00;0;;
MUE;17.12.2020 00:00;0;;
MUE;18.12.2020 00:00;0;;
MUE;19.12.2020 00:00;0;;
MUE;20.12.2020 00:00;0;;
MUE;21.12.2020 00:00;18.9;;
MUE;22.12.2020 00:00;0;;
MUE;23.12.2020 00:00;8.3;;
MUE;24.12.2020 00:00;12.2;;
MUE;25.12.2020 00:00;8.2;;
MUE;26.12.2020 00:00;0;;
MUE;27.12.2020 00:00;0;;
MUE;28.12.2020 00:00;1.9;;
MUE;29.12.2020 00:00;1.2;;
MUE;30.12.2020 00:00;0.2;;
MUE;31.12.2020 00:00;0;;
MUE;01.01.2021 00:00;1;;
MUE;02.01.2021 00:00;1.7;;
MUE;03.01.2021 00:00;0.3;;
MUE;04.01.2021 00:00;0.2;;
MUE;05.01.2021 00:00;0;;
MUE;06.01.2021 00:00;0.5;;
MUE;07.01.2021 00:00;0;;
MUE;08.01.2021 00:00;0;;
MUE;09.01.2021 00:00;0;;
MUE;10.01.2021 00:00;0;;
MUE;11.01.2021 00:00;0;;
MUE;12.01.2021 00:00;23.3;;
MUE;13.01.2021 00:00;41.5;;
MUE;14.01.2021 00:00;34.5;;
MUE;15.01.2021 00:00;6.5;;
MUE;16.01.2021 00:00;5.8;;
MUE;17.01.2021 00:00;17.4;;
MUE;18.01.2021 00:00;0;;
MUE;19.01.2021 00:00;0;;
MUE;20.01.2021 00:00;0;;
MUE;21.01.2021 00:00;0;;
MUE;22.01.2021 00:00;9.5;;
MUE;23.01.2021 00:00;1.9;;
MUE;24.01.2021 00:00;10;;
MUE;25.01.2021 00:00;13;;
MUE;26.01.2021 00:00;0;;
MUE;27.01.2021 00:00;60.3;;
MUE;28.01.2021 00:00;26.1;;
MUE;29.01.2021 00:00;14;;
MUE;30.01.2021 00:00;17;;
MUE;31.01.2021 00:00;0;;
MUE;01.02.2021 00:00;12.8;;
MUE;02.02.2021 00:00;1.4;;
MUE;03.02.2021 00:00;4.4;;
MUE;04.02.2021 00:00;0;;
MUE;05.02.2021 00:00;0;;
MUE;06.02.2021 00:00;0;;
MUE;07.02.2021 00:00;10.1;;
MUE;08.02.2021 00:00;0.1;;
MUE;09.02.2021 00:00;0.8;;
MUE;10.02.2021 00:00;4.7;;
MUE;11.02.2021 00:00;0;;
MUE;12.02.2021 00:00;8.8;;
MUE;13.02.2021 00:00;0.3;;
MUE;14.02.2021 00:00;0;;
MUE;15.02.2021 00:00;0.4;;
MUE;16.02.2021 00:00;4.4;;
MUE;17.02.2021 00:00;0;;
MUE;18.02.2021 00:00;0;;
MUE;19.02.2021 00:00;0;;
MUE;20.02.2021 00:00;0;;
MUE;21.02.2021 00:00;0;;
MUE;22.02.2021 00:00;0;;
MUE;23.02.2021 00:00;0;;
MUE;24.02.2021 00:00;0;;
MUE;25.02.2021 00:00;0;;
MUE;26.02.2021 00:00;0;;
MUE;27.02.2021 00:00;0;;
MUE;28.02.2021 00:00;0;;
MUE;01.03.2021 00:00;0;;
MUE;02.03.2021 00:00;0;;
MUE;03.03.2021 00:00;0;;
MUE;04.03.2021 00:00;5.2;;
MUE;05.03.2021 00:00;3.2;;
MUE;06.03.2021 00:00;0;;
MUE;07.03.2021 00:00;2.1;;
MUE;08.03.2021 00:00;2.3;;
MUE;09.03.2021 00:00;0.8;;
MUE;10.03.2021 00:00;0.5;;
MUE;11.03.2021 00:00;12.3;;
MUE;12.03.2021 00:00;0;;
MUE;13.03.2021 00:00;10.6;;
MUE;14.03.2021 00:00;24.2;;
MUE;15.03.2021 00:00;30.2;;
MUE;16.03.2021 00:00;6.5;;
MUE;17.03.2021 00:00;17.4;;
MUE;18.03.2021 00:00;1;;
MUE;19.03.2021 00:00;1.3;;
MUE;20.03.2021 00:00;0.1;;
MUE;21.03.2021 00:00;0.9;;
MUE;22.03.2021 00:00;0;;
MUE;23.03.2021 00:00;0;;
MUE;24.03.2021 00:00;0;;
MUE;25.03.2021 00:00;0;;
MUE;26.03.2021 00:00;2.4;;
MUE;27.03.2021 00:00;0;;
MUE;28.03.2021 00:00;0;;
MUE;29.03.2021 00:00;0;;
MUE;30.03.2021 00:00;0;;
MUE;31.03.2021 00:00;0;;
MUE;01.04.2021 00:00;0;;
MUE;02.04.2021 00:00;0.4;;
MUE;03.04.2021 00:00;0;;
MUE;04.04.2021 00:00;0;;
MUE;05.04.2021 00:00;11.3;;
MUE;06.04.2021 00:00;8.7;;
MUE;07.04.2021 00:00;2.5;;
MUE;08.04.2021 00:00;0;;
MUE;09.04.2021 00:00;0.4;;
MUE;10.04.2021 00:00;0;;
MUE;11.04.2021 00:00;8.4;;
MUE;12.04.2021 00:00;10.5;;
MUE;13.04.2021 00:00;0.3;;
MUE;14.04.2021 00:00;1.5;;
MUE;15.04.2021 00:00;1.3;;
MUE;16.04.2021 00:00;0.4;;
MUE;17.04.2021 00:00;0.2;;
MUE;18.04.2021 00:00;1.8;;
MUE;19.04.2021 00:00;0.1;;
MUE;20.04.2021 00:00;0;;
MUE;21.04.2021 00:00;0.3;;
MUE;22.04.2021 00:00;0;;
MUE;23.04.2021 00:00;0;;
MUE;24.04.2021 00:00;0;;
MUE;25.04.2021 00:00;0;;
MUE;26.04.2021 00:00;0.2;;
MUE;27.04.2021 00:00;2.3;;
MUE;28.04.2021 00:00;5.9;;
MUE;29.04.2021 00:00;10.3;;
MUE;30.04.2021 00:00;7.4;;
MUE;01.05.2021 00:00;23.4;;
MUE;02.05.2021 00:00;6.3;;
MUE;03.05.2021 00:00;0;;
MUE;04.05.2021 00:00;0;;
MUE;05.05.2021 00:00;5.4;;
MUE;06.05.2021 00:00;8.8;;
MUE;07.05.2021 00:00;13.9;;
MUE;08.05.2021 00:00;0;;
MUE;09.05.2021 00:00;0;;
MUE;10.05.2021 00:00;7.4;;
MUE;11.05.2021 00:00;35.3;;
MUE;12.05.2021 00:00;1.9;;
MUE;13.05.2021 00:00;3.2;;
MUE;14.05.2021 00:00;9.7;;
MUE;15.05.2021 00:00;8;;
MUE;16.05.2021 00:00;17.3;;
MUE;17.05.2021 00:00;0.7;;
MUE;18.05.2021 00:00;19.7;;
MUE;19.05.2021 00:00;5.4;;
MUE;20.05.2021 00:00;0;;
MUE;21.05.2021 00:00;16.8;;
MUE;22.05.2021 00:00;7.7;;
MUE;23.05.2021 00:00;0;;
MUE;24.05.2021 00:00;1.9;;
MUE;25.05.2021 00:00;0;;
MUE;26.05.2021 00:00;0.1;;
MUE;27.05.2021 00:00;0.1;;
MUE;28.05.2021 00:00;0;;
MUE;29.05.2021 00:00;0;;
MUE;30.05.2021 00:00;0;;
MUE;31.05.2021 00:00;0;;
MUE;01.06.2021 00:00;0;;
MUE;02.06.2021 00:00;6.3;;
MUE;03.06.2021 00:00;0;;
MUE;04.06.2021 00:00;5.3;;
MUE;05.06.2021 00:00;11.9;;
MUE;06.06.2021 00:00;2.9;;
MUE;07.06.2021 00:00;9.4;;
MUE;08.06.2021 00:00;0.5;;
MUE;09.06.2021 00:00;11.5;;
MUE;10.06.2021 00:00;0;;
MUE;11.06.2021 00:00;0;;
MUE;12.06.2021 00:00;0;;
MUE;13.06.2021 00:00;0;;
MUE;14.06.2021 00:00;0;;
MUE;15.06.2021 00:00;0;;
MUE;16.06.2021 00:00;0;;
MUE;17.06.2021 00:00;0;;
MUE;18.06.2021 00:00;16.3;;
MUE;19.06.2021 00:00;0;;
MUE;20.06.2021 00:00;1;;
MUE;21.06.2021 00:00;0;;
MUE;22.06.2021 00:00;15.3;;
MUE;23.06.2021 00:00;6.2;;
MUE;24.06.2021 00:00;22.1;;
MUE;25.06.2021 00:00;0;;
MUE;26.06.2021 00:00;0;;
MUE;27.06.2021 00:00;0;;
MUE;28.06.2021 00:00;8.7;;
MUE;29.06.2021 00:00;22.3;;
MUE;30.06.2021 00:00;5.9;;
MUE;01.07.2021 00:00;1.2;;
MUE;02.07.2021 00:00;0;;
MUE;03.07.2021 00:00;4.4;;
MUE;04.07.2021 00:00;5.5;;
MUE;05.07.2021 00:00;0.1;;
MUE;06.07.2021 00:00;15.8;;
MUE;07.07.2021 00:00;11.9;;
MUE;08.07.2021 00:00;52;;
MUE;09.07.2021 00:00;0;;
MUE;10.07.2021 00:00;20.5;;
MUE;11.07.2021 00:00;0;;
MUE;12.07.2021 00:00;18.3;;
MUE;13.07.2021 00:00;40.4;;
MUE;14.07.2021 00:00;24.2;;
MUE;15.07.2021 00:00;17.4;;
MUE;16.07.2021 00:00;8.7;;
MUE;17.07.2021 00:00;0;;
MUE;18.07.2021 00:00;0;;
MUE;19.07.2021 00:00;0;;
MUE;20.07.2021 00:00;0;;
MUE;21.07.2021 00:00;0;;
MUE;22.07.2021 00:00;0;;
MUE;23.07.2021 00:00;0;;
MUE;24.07.2021 00:00;13.2;;
MUE;25.07.2021 00:00;5.1;;
MUE;26.07.2021 00:00;3.8;;
MUE;27.07.2021 00:00;4.4;;
MUE;28.07.2021 00:00;5.4;;
MUE;29.07.2021 00:00;5.6;;
MUE;30.07.2021 00:00;6.2;;
MUE;31.07.2021 00:00;13.3;;
MUE;01.08.2021 00:00;6.7;;
MUE;02.08.2021 00:00;0;;
MUE;03.08.2021 00:00;2.7;;
MUE;04.08.2021 00:00;16.6;;
MUE;05.08.2021 00:00;0.8;;
MUE;06.08.2021 00:00;0;;
MUE;07.08.2021 00:00;23.3;;
MUE;08.08.2021 00:00;0;;
MUE;09.08.2021 00:00;0;;
MUE;10.08.2021 00:00;2.3;;
MUE;11.08.2021 00:00;0.2;;
MUE;12.08.2021 00:00;1.4;;
MUE;13.08.2021 00:00;0;;
MUE;14.08.2021 00:00;0;;
MUE;15.08.2021 00:00;8;;
MUE;16.08.2021 00:00;9.6;;
MUE;17.08.2021 00:00;0;;
MUE;18.08.2021 00:00;0;;
MUE;19.08.2021 00:00;0;;
MUE;20.08.2021 00:00;0;;
MUE;21.08.2021 00:00;6.6;;
MUE;22.08.2021 00:00;12.5;;
MUE;23.08.2021 00:00;0;;
MUE;24.08.2021 00:00;0.1;;
MUE;25.08.2021 00:00;0;;
MUE;26.08.2021 00:00;0;;
MUE;27.08.2021 00:00;0;;
MUE;28.08.2021 00:00;8.5;;
MUE;29.08.2021 00:00;0.6;;
MUE;30.08.2021 00:00;3.2;;
MUE;31.08.2021 00:00;0.1;;
MUE;01.09.2021 00:00;0;;
MUE;02.09.2021 00:00;0;;
MUE;03.09.2021 00:00;0;;
MUE;04.09.2021 00:00;0;;
MUE;05.09.2021 00:00;1;;
MUE;06.09.2021 00:00;0.4;;
MUE;07.09.2021 00:00;0;;
MUE;08.09.2021 00:00;0.2;;
MUE;09.09.2021 00:00;4.5;;
MUE;10.09.2021 00:00;13.8;;
MUE;11.09.2021 00:00;0.1;;
MUE;12.09.2021 00:00;0;;
MUE;13.09.2021 00:00;0;;
MUE;14.09.2021 00:00;0.1;;
MUE;15.09.2021 00:00;5.4;;
MUE;16.09.2021 00:00;11.2;;
MUE;17.09.2021 00:00;0;;
MUE;18.09.2021 00:00;11.5;;
MUE;19.09.2021 00:00;41.7;;
MUE;20.09.2021 00:00;3;;
MUE;21.09.2021 00:00;0;;
MUE;22.09.2021 00:00;0;;
MUE;23.09.2021 00:00;0;;
MUE;24.09.2021 00:00;0;;
MUE;25.09.2021 00:00;0.3;;
MUE;26.09.2021 00:00;0.4;;
MUE;27.09.2021 00:00;0;;
MUE;28.09.2021 00:00;1.2;;
MUE;29.09.2021 00:00;1.9;;
MUE;30.09.2021 00:00;0;;
MUE;01.10.2021 00:00;0;;
MUE;02.10.2021 00:00;0;;
MUE;03.10.2021 00:00;4.4;;
MUE;04.10.2021 00:00;12.3;;
MUE;05.10.2021 00:00;9.8;;
MUE;06.10.2021 00:00;2.6;;
MUE;07.10.2021 00:00;0.4;;
MUE;08.10.2021 00:00;0;;
MUE;09.10.2021 00:00;0;;
MUE;10.10.2021 00:00;0;;
MUE;11.10.2021 00:00;0;;
MUE;12.10.2021 00:00;4.2;;
MUE;13.10.2021 00:00;0;;
MUE;14.10.2021 00:00;0;;
MUE;15.10.2021 00:00;0;;
MUE;16.10.2021 00:00;0;;
MUE;17.10.2021 00:00;0;;
MUE;18.10.2021 00:00;0;;
MUE;19.10.2021 00:00;0;;
MUE;20.10.2021 00:00;3.8;;
MUE;21.10.2021 00:00;0;;
MUE;22.10.2021 00:00;0;;
MUE;23.10.2021 00:00;0;;
MUE;24.10.2021 00:00;0;;
MUE;25.10.2021 00:00;0.1;;
MUE;26.10.2021 00:00;0;;
MUE;27.10.2021 00:00;0;;
MUE;28.10.2021 00:00;0;;
MUE;29.10.2021 00:00;0;;
MUE;30.10.2021 00:00;0.1;;
MUE;31.10.2021 00:00;0;;
MUE;01.11.2021 00:00;16;;
MUE;02.11.2021 00:00;0;;
MUE;03.11.2021 00:00;23;;
MUE;04.11.2021 00:00;0;;
MUE;05.11.2021 00:00;0;;
MUE;06.11.2021 00:00;0;;
MUE;07.11.2021 00:00;0;;
MUE;08.11.2021 00:00;0;;
MUE;09.11.2021 00:00;0;;
MUE;10.11.2021 00:00;0;;
MUE;11.11.2021 00:00;0;;
MUE;12.11.2021 00:00;0;;
MUE;13.11.2021 00:00;1.5;;
MUE;14.11.2021 00:00;1.2;;
MUE;15.11.2021 00:00;0;;
MUE;16.11.2021 00:00;0;;
MUE;17.11.2021 00:00;0;;
MUE;18.11.2021 00:00;0;;
MUE;19.11.2021 00:00;0;;
MUE;20.11.2021 00:00;0;;
MUE;21.11.2021 00:00;0.2;;
MUE;22.11.2021 00:00;0.3;;
MUE;23.11.2021 00:00;0;;
MUE;24.11.2021 00:00;0;;
MUE;25.11.2021 00:00;4.8;;
MUE;26.11.2021 00:00;3;;
MUE;27.11.2021 00:00;10;;
MUE;28.11.2021 00:00;27.7;;
MUE;29.11.2021 00:00;4.4;;
MUE;30.11.2021 00:00;4.8;;
MUE;01.12.2021 00:00;1.6;;
MUE;02.12.2021 00:00;8.8;;
MUE;03.12.2021 00:00;8.7;;
MUE;04.12.2021 00:00;14.3;;
MUE;05.12.2021 00:00;2.7;;
MUE;06.12.2021 00:00;6.9;;
MUE;07.12.2021 00:00;2.5;;
MUE;08.12.2021 00:00;35.8;;
MUE;09.12.2021 00:00;2.8;;
MUE;10.12.2021 00:00;15.5;;
MUE;11.12.2021 00:00;1.1;;
MUE;12.12.2021 00:00;0;;
MUE;13.12.2021 00:00;0;;
MUE;14.12.2021 00:00;0;;
MUE;15.12.2021 00:00;0;;
MUE;16.12.2021 00:00;0;;
MUE;17.12.2021 00:00;0;;
MUE;18.12.2021 00:00;0;;
MUE;19.12.2021 00:00;0;;
MUE;20.12.2021 00:00;0;;
MUE;21.12.2021 00:00;0;;
MUE;22.12.2021 00:00;0;;
MUE;23.12.2021 00:00;0;;
MUE;24.12.2021 00:00;0;;
MUE;25.12.2021 00:00;2.1;;
MUE;26.12.2021 00:00;0.5;;
MUE;27.12.2021 00:00;1.6;;
MUE;28.12.2021 00:00;3.7;;
MUE;29.12.2021 00:00;47.6;;
MUE;30.12.2021 00:00;0;;
MUE;31.12.2021 00:00;0;;
MUE;01.01.2022 00:00;0;;
MUE;02.01.2022 00:00;0;;
MUE;03.01.2022 00:00;0.6;;
MUE;04.01.2022 00:00;12.3;;
MUE;05.01.2022 00:00;6.8;;
MUE;06.01.2022 00:00;0;;
MUE;07.01.2022 00:00;2;;
MUE;08.01.2022 00:00;13.4;;
MUE;09.01.2022 00:00;9.9;;
MUE;10.01.2022 00:00;1.1;;
MUE;11.01.2022 00:00;0;;
MUE;12.01.2022 00:00;0;;
MUE;13.01.2022 00:00;0;;
MUE;14.01.2022 00:00;0;;
MUE;15.01.2022 00:00;0;;
MUE;16.01.2022 00:00;0;;
MUE;17.01.2022 00:00;0;;
MUE;18.01.2022 00:00;0;;
MUE;19.01.2022 00:00;1.4;;
MUE;20.01.2022 00:00;1.6;;
MUE;21.01.2022 00:00;0;;
MUE;22.01.2022 00:00;0;;
MUE;23.01.2022 00:00;0;;
MUE;24.01.2022 00:00;0;;
MUE;25.01.2022 00:00;0;;
MUE;26.01.2022 00:00;0;;
MUE;27.01.2022 00:00;0;;
MUE;28.01.2022 00:00;0;;
MUE;29.01.2022 00:00;0;;
MUE;30.01.2022 00:00;0;;
MUE;31.01.2022 00:00;35;;
MUE;01.02.2022 00:00;18;;
MUE;02.02.2022 00:00;16.4;;
MUE;03.02.2022 00:00;0;;
MUE;04.02.2022 00:00;0.8;;
MUE;05.02.2022 00:00;0;;
MUE;06.02.2022 00:00;34.8;;
MUE;07.02.2022 00:00;0;;
MUE;08.02.2022 00:00;0;;
MUE;09.02.2022 00:00;0;;
MUE;10.02.2022 00:00;6.5;;
MUE;11.02.2022 00:00;7.3;;
MUE;12.02.2022 00:00;0;;
MUE;13.02.2022 00:00;0;;
MUE;14.02.2022 00:00;5.3;;
MUE;15.02.2022 00:00;2.5;;
MUE;16.02.2022 00:00;9.8;;
MUE;17.02.2022 00:00;0.2;;
MUE;18.02.2022 00:00;6;;
MUE;19.02.2022 00:00;0;;
MUE;20.02.2022 00:00;0;;
MUE;21.02.2022 00:00;33;;
MUE;22.02.2022 00:00;0;;
MUE;23.02.2022 00:00;0;;
MUE;24.02.2022 00:00;2.9;;
MUE;25.02.2022 00:00;2.8;;
MUE;26.02.2022 00:00;0;;
MUE;27.02.2022 00:00;0;;
MUE;28.02.2022 00:00;0;;
MUE;01.03.2022 00:00;0;;
MUE;02.03.2022 00:00;0;;
MUE;03.03.2022 00:00;0;;
MUE;04.03.2022 00:00;0;;
MUE;05.03.2022 00:00;0;;
MUE;06.03.2022 00:00;0;;
MUE;07.03.2022 00:00;0;;
MUE;08.03.2022 00:00;0;;
MUE;09.03.2022 00:00;0;;
MUE;10.03.2022 00:00;0;;
MUE;11.03.2022 00:00;0;;
MUE;12.03.2022 00:00;0;;
MUE;13.03.2022 00:00;0.1;;
MUE;14.03.2022 00:00;0.1;;
MUE;15.03.2022 00:00;0.2;;
MUE;16.03.2022 00:00;0;;
MUE;17.03.2022 00:00;0.7;;
MUE;18.03.2022 00:00;0.9;;
MUE;19.03.2022 00:00;0;;
MUE;20.03.2022 00:00;0;;
MUE;21.03.2022 00:00;0;;
MUE;22.03.2022 00:00;0;;
MUE;23.03.2022 00:00;0;;
MUE;24.03.2022 00:00;0;;
MUE;25.03.2022 00:00;0;;
MUE;26.03.2022 00:00;0;;
MUE;27.03.2022 00:00;0;;
MUE;28.03.2022 00:00;0;;
MUE;29.03.2022 00:00;0.1;;
MUE;30.03.2022 00:00;4.5;;
MUE;31.03.2022 00:00;24.7;;
MUE;01.04.2022 00:00;30.6;;
MUE;02.04.2022 00:00;6.5;;
MUE;03.04.2022 00:00;0.7;;
MUE;04.04.2022 00:00;0.1;;
MUE;05.04.2022 00:00;0;;
MUE;06.04.2022 00:00;3;;
MUE;07.04.2022 00:00;7.3;;
MUE;08.04.2022 00:00;5.4;;
MUE;09.04.2022 00:00;12.2;;
MUE;10.04.2022 00:00;0;;
MUE;11.04.2022 00:00;0;;
MUE;12.04.2022 00:00;0;;
MUE;13.04.2022 00:00;0;;
MUE;14.04.2022 00:00;0;;
MUE;15.04.2022 00:00;0;;
MUE;16.04.2022 00:00;0;;
MUE;17.04.2022 00:00;0;;
MUE;18.04.2022 00:00;0;;
MUE;19.04.2022 00:00;0;;
MUE;20.04.2022 00:00;0;;
MUE;21.04.2022 00:00;0;;
MUE;22.04.2022 00:00;0.5;;
MUE;23.04.2022 00:00;11.1;;
MUE;24.04.2022 00:00;9.2;;
MUE;25.04.2022 00:00;6.1;;
MUE;26.04.2022 00:00;5.2;;
MUE;27.04.2022 00:00;0;;
MUE;28.04.2022 00:00;0;;
MUE;29.04.2022 00:00;3.8;;
MUE;30.04.2022 00:00;7.6;;
MUE;01.05.2022 00:00;0;;
MUE;02.05.2022 00:00;0.5;;
MUE;03.05.2022 00:00;2.3;;
MUE;04.05.2022 00:00;1.6;;
MUE;05.05.2022 00:00;15.4;;
MUE;06.05.2022 00:00;6.7;;
MUE;07.05.2022 00:00;1;;
MUE;08.05.2022 00:00;1.8;;
MUE;09.05.2022 00:00;0.4;;
MUE;10.05.2022 00:00;0;;
MUE;11.05.2022 00:00;0;;
MUE;12.05.2022 00:00;0.6;;
MUE;13.05.2022 00:00;0;;
MUE;14.05.2022 00:00;0;;
MUE;15.05.2022 00:00;8.3;;
MUE;16.05.2022 00:00;14.3;;
MUE;17.05.2022 00:00;0;;
MUE;18.05.2022 00:00;0;;
MUE;19.05.2022 00:00;8.7;;
MUE;20.05.2022 00:00;0.1;;
MUE;21.05.2022 00:00;0;;
MUE;22.05.2022 00:00;0;;
MUE;23.05.2022 00:00;11;;
MUE;24.05.2022 00:00;7.6;;
MUE;25.05.2022 00:00;0.2;;
MUE;26.05.2022 00:00;0;;
MUE;27.05.2022 00:00;0;;
MUE;28.05.2022 00:00;0;;
MUE;29.05.2022 00:00;0.7;;
MUE;30.05.2022 00:00;0;;
MUE;31.05.2022 00:00;10.5;;
MUE;01.06.2022 00:00;18;;
MUE;02.06.2022 00:00;0;;
MUE;03.06.2022 00:00;5.9;;
MUE;04.06.2022 00:00;0;;
MUE;05.06.2022 00:00;17.6;;
MUE;06.06.2022 00:00;19.1;;
MUE;07.06.2022 00:00;3.1;;
MUE;08.06.2022 00:00;4.9;;
MUE;09.06.2022 00:00;7;;
MUE;10.06.2022 00:00;0;;
MUE;11.06.2022 00:00;0;;
MUE;12.06.2022 00:00;2.5;;
MUE;13.06.2022 00:00;0.6;;
MUE;14.06.2022 00:00;0;;
MUE;15.06.2022 00:00;0.4;;
MUE;16.06.2022 00:00;0.3;;
MUE;17.06.2022 00:00;0;;
MUE;18.06.2022 00:00;0;;
MUE;19.06.2022 00:00;12.1;;
MUE;20.06.2022 00:00;0;;
MUE;21.06.2022 00:00;1.2;;
MUE;22.06.2022 00:00;32.4;;
MUE;23.06.2022 00:00;1;;
MUE;24.06.2022 00:00;13;;
MUE;25.06.2022 00:00;0;;
MUE;26.06.2022 00:00;0;;
MUE;27.06.2022 00:00;12.6;;
MUE;28.06.2022 00:00;6.8;;
MUE;29.06.2022 00:00;0;;
MUE;30.06.2022 00:00;10.6;;
MUE;01.07.2022 00:00;4;;
MUE;02.07.2022 00:00;0;;
MUE;03.07.2022 00:00;13.4;;
MUE;04.07.2022 00:00;14.9;;
MUE;05.07.2022 00:00;0;;
MUE;06.07.2022 00:00;0;;
MUE;07.07.2022 00:00;0;;
MUE;08.07.2022 00:00;0;;
MUE;09.07.2022 00:00;0;;
MUE;10.07.2022 00:00;0;;
MUE;11.07.2022 00:00;0;;
MUE;12.07.2022 00:00;0;;
MUE;13.07.2022 00:00;0;;
MUE;14.07.2022 00:00;0;;
MUE;15.07.2022 00:00;0;;
MUE;16.07.2022 00:00;0;;
MUE;17.07.2022 00:00;0;;
MUE;18.07.2022 00:00;0;;
MUE;19.07.2022 00:00;0;;
MUE;20.07.2022 00:00;17.8;;
MUE;21.07.2022 00:00;0;;
MUE;22.07.2022 00:00;0.9;;
MUE;23.07.2022 00:00;0.3;;
MUE;24.07.2022 00:00;0;;
MUE;25.07.2022 00:00;5;;
MUE;26.07.2022 00:00;0.5;;
MUE;27.07.2022 00:00;0;;
MUE;28.07.2022 00:00;21.2;;
MUE;29.07.2022 00:00;15.1;;
MUE;30.07.2022 00:00;0;;
MUE;31.07.2022 00:00;0;;
MUE;01.08.2022 00:00;0;;
MUE;02.08.2022 00:00;0;;
MUE;03.08.2022 00:00;0;;
MUE;04.08.2022 00:00;13.1;;
MUE;05.08.2022 00:00;15.9;;
MUE;06.08.2022 00:00;0.2;;
MUE;07.08.2022 00:00;0.3;;
MUE;08.08.2022 00:00;0;;
MUE;09.08.2022 00:00;0;;
MUE;10.08.2022 00:00;0;;
MUE;11.08.2022 00:00;0;;
MUE;12.08.2022 00:00;0;;
MUE;13.08.2022 00:00;0;;
MUE;14.08.2022 00:00;0;;
MUE;15.08.2022 00:00;0;;
MUE;16.08.2022 00:00;0;;
MUE;17.08.2022 00:00;3;;
MUE;18.08.2022 00:00;22.4;;
MUE;19.08.2022 00:00;31;;
MUE;20.08.2022 00:00;0.2;;
MUE;21.08.2022 00:00;0;;
MUE;22.08.2022 00:00;0;;
MUE;23.08.2022 00:00;0;;
MUE;24.08.2022 00:00;0;;
MUE;25.08.2022 00:00;16.7;;
MUE;26.08.2022 00:00;5.7;;
MUE;27.08.2022 00:00;0;;
MUE;28.08.2022 00:00;0;;
MUE;29.08.2022 00:00;0;;
MUE;30.08.2022 00:00;7.4;;
MUE;31.08.2022 00:00;0;;
MUE;01.09.2022 00:00;0;;
MUE;02.09.2022 00:00;3.8;;
MUE;03.09.2022 00:00;3.2;;
MUE;04.09.2022 00:00;0;;
MUE;05.09.2022 00:00;0;;
MUE;06.09.2022 00:00;1.6;;
MUE;07.09.2022 00:00;23.4;;
MUE;08.09.2022 00:00;0.1;;
MUE;09.09.2022 00:00;0.4;;
MUE;10.09.2022 00:00;0.7;;
MUE;11.09.2022 00:00;0;;
MUE;12.09.2022 00:00;0;;
MUE;13.09.2022 00:00;0;;
MUE;14.09.2022 00:00;4.9;;
MUE;15.09.2022 00:00;2.9;;
MUE;16.09.2022 00:00;20.7;;
MUE;17.09.2022 00:00;0;;
MUE;18.09.2022 00:00;0;;
MUE;19.09.2022 00:00;0;;
MUE;20.09.2022 00:00;0;;
MUE;21.09.2022 00:00;0;;
MUE;22.09.2022 00:00;0;;
MUE;23.09.2022 00:00;0;;
MUE;24.09.2022 00:00;10.6;;
MUE;25.09.2022 00:00;6.3;;
MUE;26.09.2022 00:00;1.8;;
MUE;27.09.2022 00:00;3.9;;
MUE;28.09.2022 00:00;16.5;;
MUE;29.09.2022 00:00;10.2;;
MUE;30.09.2022 00:00;0.2;;
MUE;01.10.2022 00:00;30;;
MUE;02.10.2022 00:00;0;;
MUE;03.10.2022 00:00;0;;
MUE;04.10.2022 00:00;0;;
MUE;05.10.2022 00:00;0;;
MUE;06.10.2022 00:00;0;;
MUE;07.10.2022 00:00;0;;
MUE;08.10.2022 00:00;5.3;;
MUE;09.10.2022 00:00;0.2;;
MUE;10.10.2022 00:00;0;;
MUE;11.10.2022 00:00;7;;
MUE;12.10.2022 00:00;0.2;;
MUE;13.10.2022 00:00;2.5;;
MUE;14.10.2022 00:00;7.2;;
MUE;15.10.2022 00:00;0.2;;
MUE;16.10.2022 00:00;0;;
MUE;17.10.2022 00:00;0;;
MUE;18.10.2022 00:00;0;;
MUE;19.10.2022 00:00;0;;
MUE;20.10.2022 00:00;0.5;;
MUE;21.10.2022 00:00;13.6;;
MUE;22.10.2022 00:00;0;;
MUE;23.10.2022 00:00;3.2;;
MUE;24.10.2022 00:00;13.3;;
MUE;25.10.2022 00:00;6.8;;
MUE;26.10.2022 00:00;0;;
MUE;27.10.2022 00:00;0;;
MUE;28.10.2022 00:00;0;;
MUE;29.10.2022 00:00;0;;
MUE;30.10.2022 00:00;0;;
MUE;31.10.2022 00:00;0;;
MUE;01.11.2022 00:00;0;;
MUE;02.11.2022 00:00;0;;
MUE;03.11.2022 00:00;12.7;;
MUE;04.11.2022 00:00;8.6;;
MUE;05.11.2022 00:00;2.5;;
MUE;06.11.2022 00:00;0;;
MUE;07.11.2022 00:00;0;;
MUE;08.11.2022 00:00;0;;
MUE;09.11.2022 00:00;4.3;;
MUE;10.11.2022 00:00;0;;
MUE;11.11.2022 00:00;0;;
MUE;12.11.2022 00:00;0;;
MUE;13.11.2022 00:00;1.1;;
MUE;14.11.2022 00:00;1.6;;
MUE;15.11.2022 00:00;2.3;;
MUE;16.11.2022 00:00;0;;
MUE;17.11.2022 00:00;2.5;;
MUE;18.11.2022 00:00;0;;
MUE;19.11.2022 00:00;0;;
MUE;20.11.2022 00:00;3.2;;
MUE;21.11.2022 00:00;15.7;;
MUE;22.11.2022 00:00;1.8;;
MUE;23.11.2022 00:00;10.4;;
MUE;24.11.2022 00:00;0;;
MUE;25.11.2022 00:00;2.3;;
MUE;26.11.2022 00:00;0;;
MUE;27.11.2022 00:00;0;;
MUE;28.11.2022 00:00;3.1;;
MUE;29.11.2022 00:00;4.2;;
MUE;30.11.2022 00:00;2.5;;
MUE;01.12.2022 00:00;0;;
MUE;02.12.2022 00:00;0;;
MUE;03.12.2022 00:00;0;;
MUE;04.12.2022 00:00;5.9;;
MUE;05.12.2022 00:00;6.8;;
MUE;06.12.2022 00:00;0;;
MUE;07.12.2022 00:00;0;;
MUE;08.12.2022 00:00;2;;
MUE;09.12.2022 00:00;8.8;;
MUE;10.12.2022 00:00;6.4;;
MUE;11.12.2022 00:00;0;;
MUE;12.12.2022 00:00;0;;
MUE;13.12.2022 00:00;0;;
MUE;14.12.2022 00:00;0.2;;
MUE;15.12.2022 00:00;3.3;;
MUE;16.12.2022 00:00;2.8;;
MUE;17.12.2022 00:00;0;;
MUE;18.12.2022 00:00;0;;
MUE;19.12.2022 00:00;0;;
MUE;20.12.2022 00:00;1.1;;
MUE;21.12.2022 00:00;2.6;;
MUE;22.12.2022 00:00;10.5;;
MUE;23.12.2022 00:00;29.2;;
MUE;24.12.2022 00:00;1.2;;
MUE;25.12.2022 00:00;0.8;;
MUE;26.12.2022 00:00;9.3;;
MUE;27.12.2022 00:00;0;;
MUE;28.12.2022 00:00;0;;
MUE;29.12.2022 00:00;8.4;;
MUE;30.12.2022 00:00;0.9;;
MUE;31.12.2022 00:00;0;;
MUE;01.01.2023 00:00;0;;
MUE;02.01.2023 00:00;0.4;;
MUE;03.01.2023 00:00;0.6;;
MUE;04.01.2023 00:00;4.7;;
MUE;05.01.2023 00:00;0.2;;
MUE;06.01.2023 00:00;0;;
MUE;07.01.2023 00:00;0;;
MUE;08.01.2023 00:00;10.5;;
MUE;09.01.2023 00:00;21.7;;
MUE;10.01.2023 00:00;0;;
MUE;11.01.2023 00:00;3.6;;
MUE;12.01.2023 00:00;1.2;;
MUE;13.01.2023 00:00;0.1;;
MUE;14.01.2023 00:00;0;;
MUE;15.01.2023 00:00;5.5;;
MUE;16.01.2023 00:00;2.2;;
MUE;17.01.2023 00:00;3.4;;
MUE;18.01.2023 00:00;3.8;;
MUE;19.01.2023 00:00;0;;
MUE;20.01.2023 00:00;0;;
MUE;21.01.2023 00:00;3.8;;
MUE;22.01.2023 00:00;1.7;;
MUE;23.01.2023 00:00;0;;
MUE;24.01.2023 00:00;0;;
MUE;25.01.2023 00:00;0;;
MUE;26.01.2023 00:00;0.2;;
MUE;27.01.2023 00:00;0.3;;
MUE;28.01.2023 00:00;0.1;;
MUE;29.01.2023 00:00;0;;
MUE;30.01.2023 00:00;0.1;;
MUE;31.01.2023 00:00;0.1;;
MUE;01.02.2023 00:00;0.2;;
MUE;02.02.2023 00:00;0;;
MUE;03.02.2023 00:00;0;;
MUE;04.02.2023 00:00;0.9;;
MUE;05.02.2023 00:00;8.1;;
MUE;06.02.2023 00:00;0.8;;
MUE;07.02.2023 00:00;0;;
MUE;08.02.2023 00:00;0;;
MUE;09.02.2023 00:00;0;;
MUE;10.02.2023 00:00;0;;
MUE;11.02.2023 00:00;0;;
MUE;12.02.2023 00:00;0;;
MUE;13.02.2023 00:00;0;;
MUE;14.02.2023 00:00;0;;
MUE;15.02.2023 00:00;0;;
MUE;16.02.2023 00:00;0;;
MUE;17.02.2023 00:00;0;;
MUE;18.02.2023 00:00;0;;
MUE;19.02.2023 00:00;0;;
MUE;20.02.2023 00:00;0;;
MUE;21.02.2023 00:00;0;;
MUE;22.02.2023 00:00;8.6;;
MUE;23.02.2023 00:00;0;;
MUE;24.02.2023 00:00;1.7;;
MUE;25.02.2023 00:00;3.5;;
MUE;26.02.2023 00:00;0.8;;
MUE;27.02.2023 00:00;0.4;;
MUE;28.02.2023 00:00;0;;
MUE;01.03.2023 00:00;0;;
MUE;02.03.2023 00:00;0;;
MUE;03.03.2023 00:00;0.2;;
MUE;04.03.2023 00:00;0;;
MUE;05.03.2023 00:00;0;;
MUE;06.03.2023 00:00;0;;
MUE;07.03.2023 00:00;0;;
MUE;08.03.2023 00:00;0.5;;
MUE;09.03.2023 00:00;0;;
MUE;10.03.2023 00:00;15.3;;
MUE;11.03.2023 00:00;20.8;;
MUE;12.03.2023 00:00;0.6;;
MUE;13.03.2023 00:00;28.2;;
MUE;14.03.2023 00:00;7.9;;
MUE;15.03.2023 00:00;0;;
MUE;16.03.2023 00:00;0;;
MUE;17.03.2023 00:00;0;;
MUE;18.03.2023 00:00;0;;
MUE;19.03.2023 00:00;6.9;;
MUE;20.03.2023 00:00;0;;
MUE;21.03.2023 00:00;0;;
MUE;22.03.2023 00:00;0;;
MUE;23.03.2023 00:00;0.7;;
MUE;24.03.2023 00:00;5.9;;
MUE;25.03.2023 00:00;0.2;;
MUE;26.03.2023 00:00;29.6;;
MUE;27.03.2023 00:00;9.2;;
MUE;28.03.2023 00:00;3;;
MUE;29.03.2023 00:00;6.2;;
MUE;30.03.2023 00:00;7;;
MUE;31.03.2023 00:00;20.1;;
MUE;01.04.2023 00:00;1.7;;
MUE;02.04.2023 00:00;0.5;;
MUE;03.04.2023 00:00;0.2;;
MUE;04.04.2023 00:00;0;;
MUE;05.04.2023 00:00;0;;
MUE;06.04.2023 00:00;0;;
MUE;07.04.2023 00:00;4.9;;
MUE;08.04.2023 00:00;0;;
MUE;09.04.2023 00:00;0;;
MUE;10.04.2023 00:00;0.2;;
MUE;11.04.2023 00:00;6.7;;
MUE;12.04.2023 00:00;12.4;;
MUE;13.04.2023 00:00;9;;
MUE;14.04.2023 00:00;0.6;;
MUE;15.04.2023 00:00;9;;
MUE;16.04.2023 00:00;2.7;;
MUE;17.04.2023 00:00;0;;
MUE;18.04.2023 00:00;0;;
MUE;19.04.2023 00:00;0;;
MUE;20.04.2023 00:00;6.4;;
MUE;21.04.2023 00:00;0;;
MUE;22.04.2023 00:00;0.6;;
MUE;23.04.2023 00:00;5.7;;
MUE;24.04.2023 00:00;3.9;;
MUE;25.04.2023 00:00;5.8;;
MUE;26.04.2023 00:00;0;;
MUE;27.04.2023 00:00;0;;
MUE;28.04.2023 00:00;21.6;;
MUE;29.04.2023 00:00;7;;
MUE;30.04.2023 00:00;31.3;;
MUE;01.05.2023 00:00;22.7;;
MUE;02.05.2023 00:00;0;;
MUE;03.05.2023 00:00;0;;
MUE;04.05.2023 00:00;0;;
MUE;05.05.2023 00:00;0.5;;
MUE;06.05.2023 00:00;4.2;;
MUE;07.05.2023 00:00;13.4;;
MUE;08.05.2023 00:00;4.9;;
MUE;09.05.2023 00:00;17.9;;
MUE;10.05.2023 00:00;11.4;;
MUE;11.05.2023 00:00;8;;
MUE;12.05.2023 00:00;5.4;;
MUE;13.05.2023 00:00;7.3;;
MUE;14.05.2023 00:00;18.7;;
MUE;15.05.2023 00:00;8.9;;
MUE;16.05.2023 00:00;19.1;;
MUE;17.05.2023 00:00;0.4;;
MUE;18.05.2023 00:00;1.4;;
MUE;19.05.2023 00:00;0.7;;
MUE;20.05.2023 00:00;0.3;;
MUE;21.05.2023 00:00;0;;
MUE;22.05.2023 00:00;6.2;;
MUE;23.05.2023 00:00;5.3;;
MUE;24.05.2023 00:00;14.4;;
MUE;25.05.2023 00:00;0;;
MUE;26.05.2023 00:00;7.5;;
MUE;27.05.2023 00:00;0.6;;
MUE;28.05.2023 00:00;7.1;;
MUE;29.05.2023 00:00;0;;
MUE;30.05.2023 00:00;0;;
MUE;31.05.2023 00:00;0.1;;
MUE;01.06.2023 00:00;0.4;;
MUE;02.06.2023 00:00;2.5;;
MUE;03.06.2023 00:00;0.4;;
MUE;04.06.2023 00:00;1.2;;
MUE;05.06.2023 00:00;1.7;;
MUE;06.06.2023 00:00;0.2;;
MUE;07.06.2023 00:00;0.2;;
MUE;08.06.2023 00:00;2.9;;
MUE;09.06.2023 00:00;18.2;;
MUE;10.06.2023 00:00;8;;
MUE;11.06.2023 00:00;0;;
MUE;12.06.2023 00:00;3.6;;
MUE;13.06.2023 00:00;0.3;;
MUE;14.06.2023 00:00;0;;
MUE;15.06.2023 00:00;0;;
MUE;16.06.2023 00:00;0;;
MUE;17.06.2023 00:00;0;;
MUE;18.06.2023 00:00;0;;
MUE;19.06.2023 00:00;12.3;;
MUE;20.06.2023 00:00;2.9;;
MUE;21.06.2023 00:00;1;;
MUE;22.06.2023 00:00;21;;
MUE;23.06.2023 00:00;1.6;;
MUE;24.06.2023 00:00;0;;
MUE;25.06.2023 00:00;0;;
MUE;26.06.2023 00:00;0.3;;
MUE;27.06.2023 00:00;0;;
MUE;28.06.2023 00:00;0;;
MUE;29.06.2023 00:00;22;;
MUE;30.06.2023 00:00;9.3;;
MUE;01.07.2023 00:00;3.5;;
MUE;02.07.2023 00:00;0;;
MUE;03.07.2023 00:00;0;;
MUE;04.07.2023 00:00;0;;
MUE;05.07.2023 00:00;2.6;;
MUE;06.07.2023 00:00;0.5;;
MUE;07.07.2023 00:00;0;;
MUE;08.07.2023 00:00;0.2;;
MUE;09.07.2023 00:00;0;;
MUE;10.07.2023 00:00;0;;
MUE;11.07.2023 00:00;28;;
MUE;12.07.2023 00:00;21.4;;
MUE;13.07.2023 00:00;3.5;;
MUE;14.07.2023 00:00;0;;
MUE;15.07.2023 00:00;0.3;;
MUE;16.07.2023 00:00;0;;
MUE;17.07.2023 00:00;0;;
MUE;18.07.2023 00:00;9.8;;
MUE;19.07.2023 00:00;0.8;;
MUE;20.07.2023 00:00;0;;
MUE;21.07.2023 00:00;14.5;;
MUE;22.07.2023 00:00;0;;
MUE;23.07.2023 00:00;3.8;;
MUE;24.07.2023 00:00;27.6;;
MUE;25.07.2023 00:00;16;;
MUE;26.07.2023 00:00;0.8;;
MUE;27.07.2023 00:00;0;;
MUE;28.07.2023 00:00;0.4;;
MUE;29.07.2023 00:00;14.6;;
MUE;30.07.2023 00:00;0;;
MUE;31.07.2023 00:00;0;;
MUE;01.08.2023 00:00;3.1;;
MUE;02.08.2023 00:00;0.9;;
MUE;03.08.2023 00:00;0;;
MUE;04.08.2023 00:00;29.9;;
MUE;05.08.2023 00:00;2.1;;
MUE;06.08.2023 00:00;7.1;;
MUE;07.08.2023 00:00;0.3;;
MUE;08.08.2023 00:00;0;;
MUE;09.08.2023 00:00;0;;
MUE;10.08.2023 00:00;0;;
MUE;11.08.2023 00:00;0;;
MUE;12.08.2023 00:00;6.5;;
MUE;13.08.2023 00:00;0;;
MUE;14.08.2023 00:00;4.8;;
MUE;15.08.2023 00:00;0.8;;
MUE;16.08.2023 00:00;0.3;;
MUE;17.08.2023 00:00;5.2;;
MUE;18.08.2023 00:00;0;;
MUE;19.08.2023 00:00;0;;
MUE;20.08.2023 00:00;0;;
MUE;21.08.2023 00:00;0;;
MUE;22.08.2023 00:00;0;;
MUE;23.08.2023 00:00;0;;
MUE;24.08.2023 00:00;0.7;;
MUE;25.08.2023 00:00;13.4;;
MUE;26.08.2023 00:00;13.9;;
MUE;27.08.2023 00:00;37.9;;
MUE;28.08.2023 00:00;39.1;;
MUE;29.08.2023 00:00;1.8;;
MUE;30.08.2023 00:00;0;;
MUE;31.08.2023 00:00;0;;
MUE;01.09.2023 00:00;0;;
MUE;02.09.2023 00:00;0;;
MUE;03.09.2023 00:00;0;;
MUE;04.09.2023 00:00;0;;
MUE;05.09.2023 00:00;0;;
MUE;06.09.2023 00:00;0;;
MUE;07.09.2023 00:00;0;;
MUE;08.09.2023 00:00;0;;
MUE;09.09.2023 00:00;0;;
MUE;10.09.2023 00:00;0;;
MUE;11.09.2023 00:00;0;;
MUE;12.09.2023 00:00;9;;
MUE;13.09.2023 00:00;10.3;;
MUE;14.09.2023 00:00;1.2;;
MUE;15.09.2023 00:00;0.6;;
MUE;16.09.2023 00:00;0;;
MUE;17.09.2023 00:00;0;;
MUE;18.09.2023 00:00;10.8;;
MUE;19.09.2023 00:00;0;;
MUE;20.09.2023 00:00;0;;
MUE;21.09.2023 00:00;14.9;;
MUE;22.09.2023 00:00;11.5;;
MUE;23.09.2023 00:00;0.7;;
MUE;24.09.2023 00:00;0;;
MUE;25.09.2023 00:00;0;;
MUE;26.09.2023 00:00;0;;
MUE;27.09.2023 00:00;0;;
MUE;28.09.2023 00:00;0;;
MUE;29.09.2023 00:00;0;;
MUE;30.09.2023 00:00;0;;
MUE;01.10.2023 00:00;0;;
MUE;02.10.2023 00:00;0;;
MUE;03.10.2023 00:00;3.8;;
MUE;04.10.2023 00:00;0;;
MUE;05.10.2023 00:00;0;;
MUE;06.10.2023 00:00;0;;
MUE;07.10.2023 00:00;0;;
MUE;08.10.2023 00:00;0;;
MUE;09.10.2023 00:00;0;;
MUE;10.10.2023 00:00;0;;
MUE;11.10.2023 00:00;0;;
MUE;12.10.2023 00:00;0;;
MUE;13.10.2023 00:00;0;;
MUE;14.10.2023 00:00;7.6;;
MUE;15.10.2023 00:00;0.6;;
MUE;16.10.2023 00:00;0;;
MUE;17.10.2023 00:00;0;;
MUE;18.10.2023 00:00;0.2;;
MUE;19.10.2023 00:00;0;;
MUE;20.10.2023 00:00;17.3;;
MUE;21.10.2023 00:00;8.3;;
MUE;22.10.2023 00:00;0;;
MUE;23.10.2023 00:00;0;;
MUE;24.10.2023 00:00;9.7;;
MUE;25.10.2023 00:00;3.3;;
MUE;26.10.2023 00:00;15.3;;
MUE;27.10.2023 00:00;3.6;;
MUE;28.10.2023 00:00;0;;
MUE;29.10.2023 00:00;0;;
MUE;30.10.2023 00:00;15.3;;
MUE;31.10.2023 00:00;1.2;;
MUE;01.11.2023 00:00;0;;
MUE;02.11.2023 00:00;15;;
MUE;03.11.2023 00:00;1.9;;
MUE;04.11.2023 00:00;15.5;;
MUE;05.11.2023 00:00;1.5;;
MUE;06.11.2023 00:00;0;;
MUE;07.11.2023 00:00;1.7;;
MUE;08.11.2023 00:00;0;;
MUE;09.11.2023 00:00;0.7;;
MUE;10.11.2023 00:00;5.9;;
MUE;11.11.2023 00:00;1.5;;
MUE;12.11.2023 00:00;16.8;;
MUE;13.11.2023 00:00;17.3;;
MUE;14.11.2023 00:00;48.5;;
MUE;15.11.2023 00:00;4.5;;
MUE;16.11.2023 00:00;5.4;;
MUE;17.11.2023 00:00;11;;
MUE;18.11.2023 00:00;12.1;;
MUE;19.11.2023 00:00;12.7;;
MUE;20.11.2023 00:00;0.2;;
MUE;21.11.2023 00:00;9.3;;
MUE;22.11.2023 00:00;1.6;;
MUE;23.11.2023 00:00;0;;
MUE;24.11.2023 00:00;21.9;;
MUE;25.11.2023 00:00;11.2;;
MUE;26.11.2023 00:00;0;;
MUE;27.11.2023 00:00;19;;
MUE;28.11.2023 00:00;18.6;;
MUE;29.11.2023 00:00;0.6;;
MUE;30.11.2023 00:00;17.4;;
MUE;01.12.2023 00:00;31.9;;
MUE;02.12.2023 00:00;4.5;;
MUE;03.12.2023 00:00;0;;
MUE;04.12.2023 00:00;0;;
MUE;05.12.2023 00:00;1.6;;
MUE;06.12.2023 00:00;0;;
MUE;07.12.2023 00:00;0.8;;
MUE;08.12.2023 00:00;10.6;;
MUE;09.12.2023 00:00;32.5;;
MUE;10.12.2023 00:00;11.8;;
MUE;11.12.2023 00:00;29.8;;
MUE;12.12.2023 00:00;22;;
MUE;13.12.2023 00:00;22.4;;
MUE;14.12.2023 00:00;4.8;;
MUE;15.12.2023 00:00;0;;
MUE;16.12.2023 00:00;0;;
MUE;17.12.2023 00:00;0;;
MUE;18.12.2023 00:00;0;;
MUE;19.12.2023 00:00;0;;
MUE;20.12.2023 00:00;1.5;;
MUE;21.12.2023 00:00;14.3;;
MUE;22.12.2023 00:00;7.6;;
MUE;23.12.2023 00:00;0;;
MUE;24.12.2023 00:00;0;;
MUE;25.12.2023 00:00;0;;
MUE;26.12.2023 00:00;0;;
MUE;27.12.2023 00:00;0;;
MUE;28.12.2023 00:00;0;;
MUE;29.12.2023 00:00;0;;
MUE;30.12.2023 00:00;0;;
MUE;31.12.2023 00:00;4;;
MUE;01.01.2024 00:00;0;;
MUE;02.01.2024 00:00;1.7;;
MUE;03.01.2024 00:00;11;;
MUE;04.01.2024 00:00;0;;
MUE;05.01.2024 00:00;14.6;;
MUE;06.01.2024 00:00;6.1;;
MUE;07.01.2024 00:00;8.9;;
MUE;08.01.2024 00:00;2.8;;
MUE;09.01.2024 00:00;0.3;;
MUE;10.01.2024 00:00;0;;
MUE;11.01.2024 00:00;0;;
MUE;12.01.2024 00:00;0;;
MUE;13.01.2024 00:00;0;;
MUE;14.01.2024 00:00;5.5;;
MUE;15.01.2024 00:00;0;;
MUE;16.01.2024 00:00;1.5;;
MUE;17.01.2024 00:00;13.7;;
MUE;18.01.2024 00:00;12.7;;
MUE;19.01.2024 00:00;1.3;;
MUE;20.01.2024 00:00;0;;
MUE;21.01.2024 00:00;0;;
MUE;22.01.2024 00:00;6.8;;
MUE;23.01.2024 00:00;1.8;;
MUE;24.01.2024 00:00;0.3;;
MUE;25.01.2024 00:00;0.6;;
MUE;26.01.2024 00:00;9.5;;
MUE;27.01.2024 00:00;0;;
MUE;28.01.2024 00:00;0;;
MUE;29.01.2024 00:00;0;;
MUE;30.01.2024 00:00;0;;
MUE;31.01.2024 00:00;0;;
MUE;01.02.2024 00:00;2.4;;
MUE;02.02.2024 00:00;0;;
MUE;03.02.2024 00:00;0;;
MUE;04.02.2024 00:00;0;;
MUE;05.02.2024 00:00;0;;
MUE;06.02.2024 00:00;0;;
MUE;07.02.2024 00:00;14.5;;
MUE;08.02.2024 00:00;0;;
MUE;09.02.2024 00:00;0.1;;
MUE;10.02.2024 00:00;4.7;;
MUE;11.02.2024 00:00;0.6;;
MUE;12.02.2024 00:00;2.4;;
MUE;13.02.2024 00:00;0;;
MUE;14.02.2024 00:00;0;;
MUE;15.02.2024 00:00;0;;
MUE;16.02.2024 00:00;0;;
MUE;17.02.2024 00:00;0;;
MUE;18.02.2024 00:00;8.1;;
MUE;19.02.2024 00:00;11.2;;
MUE;20.02.2024 00:00;0.8;;
MUE;21.02.2024 00:00;0.1;;
MUE;22.02.2024 00:00;11.2;;
MUE;23.02.2024 00:00;0;;
MUE;24.02.2024 00:00;0;;
MUE;25.02.2024 00:00;0;;
MUE;26.02.2024 00:00;0.2;;
MUE;27.02.2024 00:00;0.2;;
MUE;28.02.2024 00:00;0.7;;
MUE;29.02.2024 00:00;4.1;;
MUE;01.03.2024 00:00;9;;
MUE;02.03.2024 00:00;0;;
MUE;03.03.2024 00:00;0.9;;
MUE;04.03.2024 00:00;0.4;;
MUE;05.03.2024 00:00;37.4;;
MUE;06.03.2024 00:00;5.8;;
MUE;07.03.2024 00:00;0;;
MUE;08.03.2024 00:00;0;;
MUE;09.03.2024 00:00;0;;
MUE;10.03.2024 00:00;14.5;;
MUE;11.03.2024 00:00;0;;
MUE;12.03.2024 00:00;12.5;;
MUE;13.03.2024 00:00;0.7;;
MUE;14.03.2024 00:00;0;;
MUE;15.03.2024 00:00;11.9;;
MUE;16.03.2024 00:00;0;;
MUE;17.03.2024 00:00;8.6;;
MUE;18.03.2024 00:00;20.3;;
MUE;19.03.2024 00:00;0;;
MUE;20.03.2024 00:00;0.4;;
MUE;21.03.2024 00:00;6.9;;
MUE;22.03.2024 00:00;0;;
MUE;23.03.2024 00:00;10.5;;
MUE;24.03.2024 00:00;1.2;;
MUE;25.03.2024 00:00;0;;
MUE;26.03.2024 00:00;0;;
MUE;27.03.2024 00:00;11.3;;
MUE;28.03.2024 00:00;2;;
MUE;29.03.2024 00:00;0;;
MUE;30.03.2024 00:00;28.8;;
MUE;31.03.2024 00:00;2.8;;
MUE;01.04.2024 00:00;7.5;;
MUE;02.04.2024 00:00;0;;
MUE;03.04.2024 00:00;0.2;;
MUE;04.04.2024 00:00;0;;
MUE;05.04.2024 00:00;0;;
MUE;06.04.2024 00:00;0;;
MUE;07.04.2024 00:00;0;;
MUE;08.04.2024 00:00;0;;
MUE;09.04.2024 00:00;20;;
MUE;10.04.2024 00:00;0.6;;
MUE;11.04.2024 00:00;0;;
MUE;12.04.2024 00:00;0;;
MUE;13.04.2024 00:00;0;;
MUE;14.04.2024 00:00;0.4;;
MUE;15.04.2024 00:00;3.7;;
MUE;16.04.2024 00:00;19;;
MUE;17.04.2024 00:00;17.3;;
MUE;18.04.2024 00:00;3.9;;
MUE;19.04.2024 00:00;30;;
MUE;20.04.2024 00:00;5.2;;
MUE;21.04.2024 00:00;12.3;;
MUE;22.04.2024 00:00;9.7;;
MUE;23.04.2024 00:00;4.5;;
MUE;24.04.2024 00:00;4.1;;
MUE;25.04.2024 00:00;0;;
MUE;26.04.2024 00:00;0;;
MUE;27.04.2024 00:00;0;;
MUE;28.04.2024 00:00;0;;
MUE;29.04.2024 00:00;0;;
MUE;30.04.2024 00:00;0;;
MUE;01.05.2024 00:00;0;;
MUE;02.05.2024 00:00;13.5;;
MUE;03.05.2024 00:00;8;;
MUE;04.05.2024 00:00;0;;
MUE;05.05.2024 00:00;0.4;;
MUE;06.05.2024 00:00;20.4;;
MUE;07.05.2024 00:00;26.5;;
MUE;08.05.2024 00:00;6.9;;
MUE;09.05.2024 00:00;0;;
MUE;10.05.2024 00:00;0;;
MUE;11.05.2024 00:00;0;;
MUE;12.05.2024 00:00;7.3;;
MUE;13.05.2024 00:00;2.8;;
MUE;14.05.2024 00:00;1.8;;
MUE;15.05.2024 00:00;2.2;;
MUE;16.05.2024 00:00;18.1;;
MUE;17.05.2024 00:00;0;;
MUE;18.05.2024 00:00;1.9;;
MUE;19.05.2024 00:00;0;;
MUE;20.05.2024 00:00;10;;
MUE;21.05.2024 00:00;7.1;;
MUE;22.05.2024 00:00;11.1;;
MUE;23.05.2024 00:00;11.2;;
MUE;24.05.2024 00:00;5.3;;
MUE;25.05.2024 00:00;3.6;;
MUE;26.05.2024 00:00;1.9;;
MUE;27.05.2024 00:00;15.5;;
MUE;28.05.2024 00:00;0.6;;
MUE;29.05.2024 00:00;10.9;;
MUE;30.05.2024 00:00;20.8;;
MUE;31.05.2024 00:00;18.6;;
MUE;01.06.2024 00:00;0.8;;
MUE;02.06.2024 00:00;6.7;;
MUE;03.06.2024 00:00;4.9;;
MUE;04.06.2024 00:00;0.2;;
MUE;05.06.2024 00:00;0;;
MUE;06.06.2024 00:00;8;;
MUE;07.06.2024 00:00;7.3;;
MUE;08.06.2024 00:00;0.3;;
MUE;09.06.2024 00:00;11.5;;
MUE;10.06.2024 00:00;2.2;;
MUE;11.06.2024 00:00;4.7;;
MUE;12.06.2024 00:00;2.6;;
MUE;13.06.2024 00:00;0;;
MUE;14.06.2024 00:00;12.4;;
MUE;15.06.2024 00:00;2.6;;
MUE;16.06.2024 00:00;0;;
MUE;17.06.2024 00:00;0;;
MUE;18.06.2024 00:00;0;;
MUE;19.06.2024 00:00;0.9;;
MUE;20.06.2024 00:00;5.8;;
MUE;21.06.2024 00:00;27.7;;
MUE;22.06.2024 00:00;14.1;;
MUE;23.06.2024 00:00;1.3;;
MUE;24.06.2024 00:00;0;;
MUE;25.06.2024 00:00;8.6;;
MUE;26.06.2024 00:00;7.3;;
MUE;27.06.2024 00:00;0;;
MUE;28.06.2024 00:00;0;;
MUE;29.06.2024 00:00;7.1;;
MUE;30.06.2024 00:00;1.2;;
MUE;01.07.2024 00:00;16.8;;
MUE;02.07.2024 00:00;4.5;;
MUE;03.07.2024 00:00;9;;
MUE;04.07.2024 00:00;0;;
MUE;05.07.2024 00:00;0;;
MUE;06.07.2024 00:00;16.6;;
MUE;07.07.2024 00:00;0.4;;
MUE;08.07.2024 00:00;0;;
MUE;09.07.2024 00:00;0;;
MUE;10.07.2024 00:00;4.5;;
MUE;11.07.2024 00:00;8;;
MUE;12.07.2024 00:00;10.6;;
MUE;13.07.2024 00:00;0;;
MUE;14.07.2024 00:00;0;;
MUE;15.07.2024 00:00;30.3;;
MUE;16.07.2024 00:00;0;;
MUE;17.07.2024 00:00;0;;
MUE;18.07.2024 00:00;0;;
MUE;19.07.2024 00:00;6.1;;
MUE;20.07.2024 00:00;1.4;;
MUE;21.07.2024 00:00;7.5;;
MUE;22.07.2024 00:00;0.6;;
MUE;23.07.2024 00:00;0.2;;
MUE;24.07.2024 00:00;0;;
MUE;25.07.2024 00:00;0;;
MUE;26.07.2024 00:00;0;;
MUE;27.07.2024 00:00;10.7;;
MUE;28.07.2024 00:00;0;;
MUE;29.07.2024 00:00;0;;
MUE;30.07.2024 00:00;0;;
MUE;31.07.2024 00:00;8.1;;
MUE;01.08.2024 00:00;25.5;;
MUE;02.08.2024 00:00;18.5;;
MUE;03.08.2024 00:00;0;;
MUE;04.08.2024 00:00;0;;
MUE;05.08.2024 00:00;0;;
MUE;06.08.2024 00:00;0;;
MUE;07.08.2024 00:00;5.6;;
MUE;08.08.2024 00:00;0;;
MUE;09.08.2024 00:00;0;;
MUE;10.08.2024 00:00;0;;
MUE;11.08.2024 00:00;0;;
MUE;12.08.2024 00:00;21.8;;
MUE;13.08.2024 00:00;0;;
MUE;14.08.2024 00:00;1.7;;
MUE;15.08.2024 00:00;0;;
MUE;16.08.2024 00:00;2.8;;
MUE;17.08.2024 00:00;24.5;;
MUE;18.08.2024 00:00;8.2;;
MUE;19.08.2024 00:00;0;;
MUE;20.08.2024 00:00;0;;
MUE;21.08.2024 00:00;0;;
MUE;22.08.2024 00:00;0;;
MUE;23.08.2024 00:00;0;;
MUE;24.08.2024 00:00;5.7;;
MUE;25.08.2024 00:00;0.8;;
MUE;26.08.2024 00:00;0.2;;
MUE;27.08.2024 00:00;0;;
MUE;28.08.2024 00:00;0;;
MUE;29.08.2024 00:00;0;;
MUE;30.08.2024 00:00;0;;
MUE;31.08.2024 00:00;0.9;;
MUE;01.09.2024 00:00;8.8000000000000007;;
MUE;02.09.2024 00:00;0;;
MUE;03.09.2024 00:00;0.2;;
MUE;04.09.2024 00:00;0.5;;
MUE;05.09.2024 00:00;8;;
MUE;06.09.2024 00:00;0;;
MUE;07.09.2024 00:00;0;;
MUE;08.09.2024 00:00;29;;
MUE;09.09.2024 00:00;21.9;;
MUE;10.09.2024 00:00;1.1;;
MUE;11.09.2024 00:00;8.7;;
MUE;12.09.2024 00:00;4.9;;
MUE;13.09.2024 00:00;17.2;;
MUE;14.09.2024 00:00;0;;
MUE;15.09.2024 00:00;0;;
MUE;16.09.2024 00:00;1.5;;
MUE;17.09.2024 00:00;0;;
MUE;18.09.2024 00:00;0;;
MUE;19.09.2024 00:00;0;;
MUE;20.09.2024 00:00;0;;
MUE;21.09.2024 00:00;0;;
MUE;22.09.2024 00:00;0.9;;
MUE;23.09.2024 00:00;12.4;;
MUE;24.09.2024 00:00;1.1000000000000001;;
MUE;25.09.2024 00:00;5;;
MUE;26.09.2024 00:00;21.9;;
MUE;27.09.2024 00:00;9.2;;
MUE;28.09.2024 00:00;7.5999999999999996;;
MUE;29.09.2024 00:00;0;;
MUE;30.09.2024 00:00;0;;
MUE;01.10.2024 00:00;33.9;;
MUE;02.10.2024 00:00;0.9;;
MUE;03.10.2024 00:00;10.1;;
MUE;04.10.2024 00:00;2.1;;
MUE;05.10.2024 00:00;0;;
MUE;06.10.2024 00:00;1;;
MUE;07.10.2024 00:00;0;;
MUE;08.10.2024 00:00;21.5;;
MUE;09.10.2024 00:00;7.7000000000000002;;
MUE;10.10.2024 00:00;2.5;;
MUE;11.10.2024 00:00;0.2;;
MUE;12.10.2024 00:00;11.2;;
MUE;13.10.2024 00:00;6;;
MUE;14.10.2024 00:00;1.5;;
MUE;15.10.2024 00:00;0.4;;
MUE;16.10.2024 00:00;0;;
MUE;17.10.2024 00:00;0.5;;
MUE;18.10.2024 00:00;5.5;;
MUE;19.10.2024 00:00;0;;
MUE;20.10.2024 00:00;0;;
MUE;21.10.2024 00:00;3.5;;
MUE;22.10.2024 00:00;5.4;;
MUE;23.10.2024 00:00;0.4;;
MUE;24.10.2024 00:00;0;;
MUE;25.10.2024 00:00;0;;
MUE;26.10.2024 00:00;0;;
MUE;27.10.2024 00:00;0;;
MUE;28.10.2024 00:00;0;;
MUE;29.10.2024 00:00;0;;
MUE;30.10.2024 00:00;0;;
MUE;31.10.2024 00:00;0;;
MUE;01.11.2024 00:00;0;;
MUE;02.11.2024 00:00;0;;
MUE;03.11.2024 00:00;0;;
MUE;04.11.2024 00:00;0;;
MUE;05.11.2024 00:00;0;;
MUE;06.11.2024 00:00;0;;
MUE;07.11.2024 00:00;0;;
MUE;08.11.2024 00:00;0;;
MUE;09.11.2024 00:00;0;;
MUE;10.11.2024 00:00;0;;
MUE;11.11.2024 00:00;10;;
MUE;12.11.2024 00:00;1;;
MUE;13.11.2024 00:00;0;;
MUE;14.11.2024 00:00;0;;
MUE;15.11.2024 00:00;0;;
MUE;16.11.2024 00:00;0;;
MUE;17.11.2024 00:00;0;;
MUE;18.11.2024 00:00;0.1;;
MUE;19.11.2024 00:00;8.9000000000000004;;
MUE;20.11.2024 00:00;5.3;;
MUE;21.11.2024 00:00;30.3;;
MUE;22.11.2024 00:00;3.1;;
MUE;23.11.2024 00:00;0;;
MUE;24.11.2024 00:00;0;;
MUE;25.11.2024 00:00;4.3;;
MUE;26.11.2024 00:00;0;;
MUE;27.11.2024 00:00;5;;
MUE;28.11.2024 00:00;13.6;;
MUE;29.11.2024 00:00;0;;
MUE;30.11.2024 00:00;0;;
MUE;01.12.2024 00:00;0;;
MUE;02.12.2024 00:00;11.3;;
MUE;03.12.2024 00:00;2.1;;
MUE;04.12.2024 00:00;0;;
MUE;05.12.2024 00:00;10.5;;
MUE;06.12.2024 00:00;0;;
MUE;07.12.2024 00:00;7.6;;
MUE;08.12.2024 00:00;7.4;;
MUE;09.12.2024 00:00;5.7;;
MUE;10.12.2024 00:00;0;;
MUE;11.12.2024 00:00;0;;
MUE;12.12.2024 00:00;0;;
MUE;13.12.2024 00:00;0;;
MUE;14.12.2024 00:00;6.2;;
MUE;15.12.2024 00:00;0.3;;
MUE;16.12.2024 00:00;0;;
MUE;17.12.2024 00:00;0;;
MUE;18.12.2024 00:00;0;;
MUE;19.12.2024 00:00;23.9;;
MUE;20.12.2024 00:00;0.6;;
MUE;21.12.2024 00:00;10.4;;
MUE;22.12.2024 00:00;38.3;;
MUE;23.12.2024 00:00;30.5;;
MUE;24.12.2024 00:00;0;;
MUE;25.12.2024 00:00;0;;
MUE;26.12.2024 00:00;0;;
MUE;27.12.2024 00:00;0;;
MUE;28.12.2024 00:00;0;;
MUE;29.12.2024 00:00;0;;
MUE;30.12.2024 00:00;0;;
MUE;31.12.2024 00:00;0;;
